#!ascii label  , from subject freesurfer vox2ras=TkReg
1173
51949  -8.339  -15.453  51.475 0.0000000000
135564  -34.904  -9.907  33.653 0.0000000000
66179  -32.476  -2.428  31.520 0.0000000000
61042  -27.154  -6.275  38.958 0.0000000000
74081  -39.332  4.762  17.153 0.0000000000
69450  -34.742  2.216  21.689 0.0000000000
59857  -37.108  -8.108  39.214 0.0000000000
155521  -30.665  -9.440  36.383 0.0000000000
76202  -45.550  7.838  18.608 0.0000000000
77329  -48.816  9.147  13.640 0.0000000000
81837  -49.903  12.159  11.783 0.0000000000
70516  -35.655  3.505  31.063 0.0000000000
68335  -31.448  0.604  26.982 0.0000000000
71782  -37.587  4.227  27.321 0.0000000000
69413  -40.849  2.330  23.549 0.0000000000
57506  -20.337  -9.871  40.244 0.0000000000
50826  -4.809  -15.803  55.895 0.0000000000
63217  -35.656  -5.987  32.543 0.0000000000
68227  -36.077  0.100  35.430 0.0000000000
59884  -21.540  -7.674  36.638 0.0000000000
61133  -26.235  -6.853  32.922 0.0000000000
81862  -48.239  11.809  5.981 0.0000000000
85036  -51.986  15.388  8.558 0.0000000000
68458  -37.003  1.079  18.623 0.0000000000
71873  -43.198  3.709  20.666 0.0000000000
51982  -10.056  -14.658  47.046 0.0000000000
47729  -2.246  -19.859  53.431 0.0000000000
76223  -46.820  8.336  16.619 0.0000000000
70546  -36.050  3.835  29.609 0.0000000000
56434  -17.330  -10.353  38.835 0.0000000000
50856  -7.013  -16.059  54.017 0.0000000000
59976  -35.181  -8.381  30.088 0.0000000000
61148  -36.285  -7.727  32.512 0.0000000000
62138  -24.576  -5.974  38.132 0.0000000000
62165  -23.447  -6.443  34.352 0.0000000000
61089  -27.209  -6.267  35.925 0.0000000000
57592  -33.292  -10.362  35.058 0.0000000000
58730  -30.565  -9.995  33.520 0.0000000000
57636  -32.431  -10.197  31.798 0.0000000000
62111  -26.587  -6.029  41.411 0.0000000000
61027  -23.296  -7.068  40.345 0.0000000000
78477  -44.640  7.817  10.959 0.0000000000
80760  -46.927  10.817  7.699 0.0000000000
152241  -50.448  13.926  10.002 0.0000000000
69426  -32.684  1.844  23.802 0.0000000000
68417  -36.273  1.108  19.503 0.0000000000
68403  -42.466  1.958  22.487 0.0000000000
152266  -14.102  -10.882  43.890 0.0000000000
55210  -12.785  -11.698  45.698 0.0000000000
55184  -12.224  -11.992  47.906 0.0000000000
54154  -11.093  -13.702  45.006 0.0000000000
46644  -3.911  -21.115  52.720 0.0000000000
58691  -36.036  -9.181  36.117 0.0000000000
61106  -37.377  -7.280  35.445 0.0000000000
62150  -38.649  -5.871  37.983 0.0000000000
144393  -29.833  -8.051  41.241 0.0000000000
59866  -29.499  -8.348  38.396 0.0000000000
140702  -31.707  -9.282  39.812 0.0000000000
57546  -34.097  -9.410  38.265 0.0000000000
75133  -42.727  6.408  18.164 0.0000000000
76222  -44.539  7.984  15.803 0.0000000000
76269  -45.823  8.224  13.600 0.0000000000
155884  -47.362  8.566  11.138 0.0000000000
79615  -47.871  10.817  10.411 0.0000000000
79592  -50.206  9.687  12.031 0.0000000000
69323  -32.834  0.774  31.791 0.0000000000
151925  -31.272  -0.782  29.164 0.0000000000
150243  -33.025  2.166  29.056 0.0000000000
135177  -34.661  3.183  26.947 0.0000000000
70613  -35.621  3.320  24.050 0.0000000000
69428  -37.298  2.629  22.677 0.0000000000
70597  -39.102  3.232  24.221 0.0000000000
56378  -18.196  -10.213  42.342 0.0000000000
56394  -15.944  -10.183  41.102 0.0000000000
84000  -52.497  14.012  3.142 0.0000000000
51892  -3.109  -15.318  56.072 0.0000000000
62214  -35.060  -6.748  30.077 0.0000000000
65172  -34.003  -4.439  31.870 0.0000000000
64186  -37.368  -4.783  34.122 0.0000000000
66149  -35.491  -3.016  33.617 0.0000000000
67250  -33.824  -1.269  32.970 0.0000000000
70489  -34.609  2.053  33.687 0.0000000000
59913  -28.728  -8.293  34.406 0.0000000000
58610  -22.662  -8.714  41.929 0.0000000000
58654  -20.647  -8.652  38.842 0.0000000000
81849  -48.647  12.669  8.660 0.0000000000
82922  -49.859  13.612  6.401 0.0000000000
83990  -50.936  14.147  5.338 0.0000000000
85996  -53.553  15.937  6.445 0.0000000000
49902  -7.021  -17.763  49.088 0.0000000000
49881  -6.674  -17.466  51.034 0.0000000000
70707  -37.746  2.008  17.848 0.0000000000
68420  -39.014  1.431  21.023 0.0000000000
69525  -40.005  2.242  19.579 0.0000000000
152542  -41.249  4.063  19.065 0.0000000000
74065  -43.821  6.187  19.891 0.0000000000
51967  -9.081  -15.191  49.369 0.0000000000
49854  -5.290  -17.501  53.495 0.0000000000
49835  -3.722  -17.726  54.394 0.0000000000
49853  -1.497  -17.798  53.862 0.0000000000
50873  -7.643  -15.717  52.733 0.0000000000
58744  -34.850  -9.624  32.140 0.0000000000
59945  -35.614  -8.994  32.246 0.0000000000
59928  -35.923  -9.098  33.245 0.0000000000
62139  -25.485  -5.961  38.457 0.0000000000
62156  -25.377  -5.837  36.426 0.0000000000
61075  -26.817  -5.969  37.378 0.0000000000
57593  -34.097  -10.205  34.817 0.0000000000
145868  -32.958  -10.442  33.555 0.0000000000
147220  -33.712  -10.248  32.535 0.0000000000
57637  -33.290  -10.170  31.837 0.0000000000
61000  -28.706  -7.029  42.147 0.0000000000
62096  -28.134  -6.464  42.544 0.0000000000
62122  -26.478  -6.059  40.453 0.0000000000
62131  -25.515  -6.015  39.343 0.0000000000
79621  -46.331  10.131  8.139 0.0000000000
150501  -33.113  -4.472  30.975 0.0000000000
65179  -31.914  -3.610  30.153 0.0000000000
70625  -33.451  2.273  23.082 0.0000000000
69467  -32.946  1.352  21.009 0.0000000000
136326  -35.388  1.706  20.786 0.0000000000
55229  -12.914  -12.048  42.770 0.0000000000
56341  -13.465  -11.207  44.284 0.0000000000
55218  -12.161  -12.385  44.153 0.0000000000
54155  -11.683  -12.999  45.530 0.0000000000
54166  -11.104  -13.722  43.982 0.0000000000
58670  -36.370  -8.639  37.928 0.0000000000
59880  -37.323  -7.813  37.493 0.0000000000
61061  -38.119  -7.023  38.643 0.0000000000
59822  -32.028  -8.443  42.656 0.0000000000
58641  -30.881  -8.732  40.805 0.0000000000
58612  -32.586  -8.974  42.077 0.0000000000
59845  -36.399  -8.266  40.465 0.0000000000
57531  -34.618  -9.257  39.621 0.0000000000
58659  -35.887  -9.018  39.325 0.0000000000
57562  -34.924  -9.419  37.151 0.0000000000
75135  -44.138  7.212  18.181 0.0000000000
75145  -43.366  7.185  17.377 0.0000000000
75147  -44.814  7.717  17.336 0.0000000000
76238  -48.149  8.761  15.065 0.0000000000
140109  -46.364  8.362  15.055 0.0000000000
77328  -47.515  8.480  13.671 0.0000000000
77355  -47.255  8.027  12.476 0.0000000000
77356  -48.007  8.219  12.102 0.0000000000
79590  -48.766  9.253  11.441 0.0000000000
78470  -49.489  9.014  12.622 0.0000000000
70529  -33.595  2.186  31.186 0.0000000000
69338  -33.022  1.705  30.764 0.0000000000
70544  -34.005  2.696  30.268 0.0000000000
135258  -37.138  4.201  28.293 0.0000000000
70566  -35.214  3.473  28.042 0.0000000000
138087  -35.466  3.493  26.737 0.0000000000
70578  -35.008  3.318  25.866 0.0000000000
70579  -36.047  3.629  25.691 0.0000000000
70596  -38.006  3.491  24.266 0.0000000000
71797  -38.484  4.210  26.144 0.0000000000
56399  -20.419  -10.261  41.465 0.0000000000
57465  -20.542  -10.353  43.088 0.0000000000
135384  -19.253  -10.171  40.969 0.0000000000
56416  -15.978  -10.586  39.741 0.0000000000
85052  -53.379  14.838  3.964 0.0000000000
83997  -54.368  14.773  3.303 0.0000000000
50825  -4.110  -15.946  55.955 0.0000000000
140797  -35.801  -7.026  31.533 0.0000000000
61174  -35.269  -7.593  29.978 0.0000000000
62215  -35.122  -6.468  31.111 0.0000000000
64211  -34.270  -5.236  31.517 0.0000000000
64212  -34.756  -5.455  31.976 0.0000000000
63182  -38.238  -5.324  35.837 0.0000000000
62178  -37.644  -5.916  34.662 0.0000000000
64169  -38.219  -4.676  35.416 0.0000000000
68237  -36.434  -0.858  35.163 0.0000000000
67245  -36.414  -2.296  34.519 0.0000000000
67232  -36.060  -1.473  34.518 0.0000000000
67243  -34.919  -2.096  33.337 0.0000000000
68245  -34.538  -1.039  33.491 0.0000000000
69308  -33.873  -0.112  33.358 0.0000000000
69286  -34.639  0.861  34.257 0.0000000000
62190  -24.785  -6.305  33.567 0.0000000000
58679  -29.799  -8.882  37.697 0.0000000000
59886  -29.132  -7.936  36.211 0.0000000000
58689  -30.087  -9.066  36.128 0.0000000000
58742  -29.492  -9.354  31.978 0.0000000000
146197  -23.917  -7.444  42.482 0.0000000000
152672  -22.088  -7.003  38.392 0.0000000000
59852  -21.828  -7.866  39.691 0.0000000000
58677  -20.976  -8.140  37.229 0.0000000000
57555  -20.110  -9.333  37.181 0.0000000000
80746  -48.812  11.522  10.991 0.0000000000
80753  -48.172  12.079  9.282 0.0000000000
81843  -49.121  12.450  10.292 0.0000000000
85032  -51.376  14.850  9.309 0.0000000000
83984  -50.046  13.905  8.043 0.0000000000
83985  -50.763  14.377  7.635 0.0000000000
152046  -50.619  14.121  6.219 0.0000000000
83987  -51.044  14.444  6.781 0.0000000000
85043  -52.174  14.924  5.509 0.0000000000
85039  -52.212  15.431  7.598 0.0000000000
68322  -31.213  0.195  27.780 0.0000000000
67292  -30.667  -1.506  27.570 0.0000000000
69550  -36.762  1.197  16.947 0.0000000000
69538  -37.465  1.557  18.011 0.0000000000
69430  -38.935  2.443  22.979 0.0000000000
157917  -38.278  2.061  22.187 0.0000000000
68380  -39.870  1.953  22.529 0.0000000000
70669  -43.053  2.799  21.085 0.0000000000
69487  -41.387  1.907  20.945 0.0000000000
70683  -42.376  3.026  20.309 0.0000000000
70698  -41.297  3.214  19.527 0.0000000000
71886  -42.646  3.897  19.953 0.0000000000
151093  -42.719  4.479  19.817 0.0000000000
145340  -43.605  4.601  20.755 0.0000000000
54126  -11.244  -13.233  47.510 0.0000000000
52998  -10.603  -13.591  48.919 0.0000000000
52987  -10.086  -14.054  50.219 0.0000000000
51968  -9.637  -14.716  48.922 0.0000000000
50917  -8.661  -15.891  48.045 0.0000000000
147730  -8.817  -15.876  47.359 0.0000000000
47757  -5.367  -19.322  51.356 0.0000000000
49871  -6.148  -17.477  52.399 0.0000000000
48797  -5.204  -18.805  52.252 0.0000000000
135770  -2.700  -20.721  53.310 0.0000000000
48780  -3.692  -19.213  53.446 0.0000000000
47720  -2.908  -19.473  53.562 0.0000000000
49833  -2.207  -17.945  54.291 0.0000000000
48767  -1.876  -18.580  53.793 0.0000000000
59823  -34.483  -8.367  42.674 0.0000000000
76194  -47.264  8.440  18.294 0.0000000000
76210  -46.250  8.217  17.302 0.0000000000
132615  -48.051  8.697  17.738 0.0000000000
70531  -35.768  3.636  30.354 0.0000000000
56451  -18.846  -10.045  38.222 0.0000000000
153785  -18.615  -9.879  39.917 0.0000000000
51909  -7.078  -15.068  55.108 0.0000000000
50839  -5.956  -15.994  55.047 0.0000000000
59961  -34.763  -9.094  30.392 0.0000000000
59963  -36.058  -8.160  31.909 0.0000000000
61163  -35.893  -6.690  32.223 0.0000000000
70466  -36.065  2.130  35.851 0.0000000000
61086  -22.631  -6.583  36.521 0.0000000000
61100  -22.228  -7.260  35.079 0.0000000000
62155  -24.289  -5.918  36.155 0.0000000000
62167  -25.150  -5.933  35.435 0.0000000000
61121  -26.617  -6.687  34.112 0.0000000000
57590  -31.734  -10.190  35.748 0.0000000000
58701  -30.466  -9.514  34.837 0.0000000000
134402  -31.707  -10.276  34.728 0.0000000000
57623  -31.097  -10.195  32.748 0.0000000000
57647  -31.911  -9.989  30.754 0.0000000000
62094  -25.332  -6.180  42.653 0.0000000000
60997  -24.223  -6.864  42.086 0.0000000000
62121  -24.885  -6.025  41.006 0.0000000000
61057  -23.706  -6.225  38.798 0.0000000000
77340  -43.559  7.648  11.710 0.0000000000
80767  -47.646  11.252  6.371 0.0000000000
83970  -51.544  13.312  12.555 0.0000000000
82895  -50.097  13.018  11.063 0.0000000000
69396  -31.922  1.213  25.443 0.0000000000
142897  -35.664  0.590  18.471 0.0000000000
68439  -36.509  0.926  18.784 0.0000000000
69415  -42.170  2.269  23.767 0.0000000000
137502  -41.433  1.873  22.848 0.0000000000
69435  -42.863  2.200  23.203 0.0000000000
57446  -15.685  -10.084  44.310 0.0000000000
56343  -15.057  -10.201  44.685 0.0000000000
156380  -13.765  -10.413  47.309 0.0000000000
55203  -12.691  -11.547  46.665 0.0000000000
153772  -11.622  -12.997  46.263 0.0000000000
53021  -10.366  -14.341  46.314 0.0000000000
51987  -9.117  -15.731  45.958 0.0000000000
53037  -10.163  -14.942  44.600 0.0000000000
142855  -35.628  -9.547  34.685 0.0000000000
59915  -36.494  -8.744  34.561 0.0000000000
59901  -37.125  -7.975  35.907 0.0000000000
139758  -38.057  -6.710  36.753 0.0000000000
61030  -28.608  -7.216  40.440 0.0000000000
61060  -28.535  -7.154  38.656 0.0000000000
59843  -29.782  -8.161  40.394 0.0000000000
58656  -30.522  -9.019  39.428 0.0000000000
58668  -31.379  -9.473  38.020 0.0000000000
58644  -33.800  -9.268  40.692 0.0000000000
57530  -33.377  -9.412  39.329 0.0000000000
57560  -32.402  -9.848  37.341 0.0000000000
57577  -33.464  -10.130  36.521 0.0000000000
58702  -34.620  -9.922  35.555 0.0000000000
158121  -30.094  -7.696  42.757 0.0000000000
74082  -40.926  5.462  17.791 0.0000000000
157285  -39.568  5.733  15.895 0.0000000000
75143  -41.502  6.383  17.145 0.0000000000
76220  -42.854  7.471  15.599 0.0000000000
76233  -43.340  7.777  14.704 0.0000000000
134813  -45.776  8.193  15.915 0.0000000000
76235  -45.127  8.221  15.015 0.0000000000
76249  -44.247  8.080  13.910 0.0000000000
77342  -45.598  7.972  12.585 0.0000000000
78479  -45.883  8.216  10.841 0.0000000000
79603  -46.677  9.599  9.916 0.0000000000
156559  -47.000  10.142  9.852 0.0000000000
78498  -48.056  9.351  10.910 0.0000000000
79606  -49.144  9.980  11.407 0.0000000000
80726  -50.071  10.367  11.988 0.0000000000
78472  -50.459  9.822  12.875 0.0000000000
81825  -51.127  12.086  12.969 0.0000000000
67264  -32.456  -1.325  31.703 0.0000000000
140885  -31.925  -2.034  30.896 0.0000000000
68288  -31.946  0.098  30.327 0.0000000000
69352  -32.270  1.281  29.428 0.0000000000
69376  -32.230  1.619  27.724 0.0000000000
70558  -34.926  3.381  28.805 0.0000000000
70556  -33.460  2.561  28.176 0.0000000000
69386  -32.523  1.854  26.882 0.0000000000
70593  -33.525  2.677  25.885 0.0000000000
70612  -34.477  3.040  24.322 0.0000000000
70627  -35.415  3.028  23.301 0.0000000000
69451  -35.910  2.244  21.788 0.0000000000
70628  -36.509  3.061  23.205 0.0000000000
69411  -38.831  2.804  23.486 0.0000000000
70617  -40.562  2.630  24.005 0.0000000000
70580  -41.254  3.276  25.078 0.0000000000
70600  -41.667  2.710  24.480 0.0000000000
56361  -17.943  -10.303  43.328 0.0000000000
133924  -17.508  -9.908  40.607 0.0000000000
56395  -17.050  -9.869  41.421 0.0000000000
154680  -16.580  -9.868  42.821 0.0000000000
136144  -14.545  -10.542  42.359 0.0000000000
64210  -33.735  -4.924  31.185 0.0000000000
65171  -33.472  -4.104  31.582 0.0000000000
147206  -37.015  -7.240  33.831 0.0000000000
62191  -36.919  -5.995  33.501 0.0000000000
63211  -36.410  -5.460  33.259 0.0000000000
65136  -36.728  -3.627  34.031 0.0000000000
64193  -35.716  -4.473  33.257 0.0000000000
65161  -34.951  -4.163  32.871 0.0000000000
66172  -33.647  -2.971  32.323 0.0000000000
67265  -32.967  -2.289  32.093 0.0000000000
68263  -32.971  -0.741  32.396 0.0000000000
137610  -33.416  1.591  32.100 0.0000000000
70500  -35.063  2.904  32.508 0.0000000000
71676  -35.981  2.954  35.010 0.0000000000
71692  -35.968  3.300  33.777 0.0000000000
61090  -27.985  -6.672  36.297 0.0000000000
61105  -27.849  -6.854  35.374 0.0000000000
61134  -27.227  -7.236  33.513 0.0000000000
58712  -29.837  -9.232  34.406 0.0000000000
59927  -28.461  -8.407  33.387 0.0000000000
151932  -22.002  -9.640  42.683 0.0000000000
57507  -21.034  -9.685  40.687 0.0000000000
59842  -22.832  -7.798  40.557 0.0000000000
57525  -21.486  -8.602  40.152 0.0000000000
142580  -20.425  -9.140  39.415 0.0000000000
57554  -19.662  -9.659  37.586 0.0000000000
80751  -46.897  10.910  8.731 0.0000000000
81848  -47.924  12.093  8.211 0.0000000000
81855  -48.027  12.085  6.972 0.0000000000
143540  -49.357  13.076  9.453 0.0000000000
82908  -49.034  13.149  7.829 0.0000000000
82929  -49.234  12.919  5.982 0.0000000000
82930  -49.846  13.236  5.337 0.0000000000
81871  -50.008  12.706  4.156 0.0000000000
82935  -50.904  13.330  3.807 0.0000000000
83994  -52.133  14.260  3.971 0.0000000000
85047  -52.652  14.786  4.503 0.0000000000
50898  -7.949  -16.266  50.180 0.0000000000
50889  -7.245  -16.610  51.475 0.0000000000
49893  -6.883  -17.607  50.023 0.0000000000
66195  -31.293  -2.713  29.529 0.0000000000
71904  -38.623  3.638  17.555 0.0000000000
69469  -36.605  1.854  21.244 0.0000000000
131978  -37.252  1.547  20.736 0.0000000000
132632  -38.119  1.368  20.112 0.0000000000
68401  -40.851  1.661  21.959 0.0000000000
68443  -39.495  1.604  20.160 0.0000000000
68460  -38.587  1.650  19.405 0.0000000000
69540  -39.358  2.459  18.930 0.0000000000
71896  -40.149  3.592  18.617 0.0000000000
73005  -40.283  4.136  18.366 0.0000000000
73007  -41.807  4.737  18.987 0.0000000000
74074  -43.417  6.366  19.008 0.0000000000
151525  -44.535  7.154  19.190 0.0000000000
52971  -9.286  -14.196  52.305 0.0000000000
52980  -10.074  -13.988  51.028 0.0000000000
51950  -9.032  -15.081  51.095 0.0000000000
50908  -7.992  -16.347  49.264 0.0000000000
49913  -7.532  -17.189  47.744 0.0000000000
49856  -6.603  -16.804  52.774 0.0000000000
50871  -6.394  -16.516  53.531 0.0000000000
50854  -5.431  -16.457  54.518 0.0000000000
48781  -4.259  -18.962  53.267 0.0000000000
49836  -4.389  -17.423  54.301 0.0000000000
49822  -4.071  -17.090  54.969 0.0000000000
50835  -2.832  -16.529  55.244 0.0000000000
158432  -2.074  -16.838  54.979 0.0000000000
136062  -1.682  -21.283  53.022 0.0000000000
158499  -0.913  -18.946  52.913 0.0000000000
51933  -8.727  -14.675  52.750 0.0000000000
51941  -8.238  -15.279  52.315 0.0000000000
58732  -35.222  -9.568  33.022 0.0000000000
62140  -26.306  -6.066  38.738 0.0000000000
62149  -26.259  -5.981  38.028 0.0000000000
61058  -27.077  -6.162  38.132 0.0000000000
57609  -34.279  -10.187  33.875 0.0000000000
58731  -34.416  -10.060  32.916 0.0000000000
61029  -27.918  -6.791  40.123 0.0000000000
62112  -27.313  -6.291  40.681 0.0000000000
61028  -27.215  -6.321  39.833 0.0000000000
62132  -26.389  -6.086  39.583 0.0000000000
152934  -46.094  9.731  8.740 0.0000000000
65180  -32.834  -3.593  31.355 0.0000000000
155995  -32.558  -3.900  30.785 0.0000000000
66187  -32.182  -3.046  30.931 0.0000000000
69449  -33.469  1.979  21.949 0.0000000000
69468  -34.070  1.710  20.882 0.0000000000
69486  -34.368  1.196  19.970 0.0000000000
55228  -12.216  -12.575  43.157 0.0000000000
143035  -12.853  -11.880  43.755 0.0000000000
54167  -11.666  -13.053  44.579 0.0000000000
145621  -37.122  -8.127  38.224 0.0000000000
59868  -37.582  -7.557  38.843 0.0000000000
154919  -32.372  -8.336  43.219 0.0000000000
58611  -31.871  -8.865  41.725 0.0000000000
58598  -32.873  -8.538  42.892 0.0000000000
59846  -37.085  -8.030  40.115 0.0000000000
58647  -35.987  -8.767  40.076 0.0000000000
59856  -36.462  -8.428  39.650 0.0000000000
156868  -35.995  -9.016  38.496 0.0000000000
131602  -32.685  -8.241  43.755 0.0000000000
75136  -44.902  7.581  18.152 0.0000000000
154864  -48.456  9.003  14.352 0.0000000000
76253  -47.935  8.709  14.229 0.0000000000
131646  -48.302  8.720  13.259 0.0000000000
77344  -47.854  8.292  12.869 0.0000000000
78469  -48.667  8.634  12.545 0.0000000000
77345  -49.001  8.977  12.979 0.0000000000
70515  -34.936  3.001  31.598 0.0000000000
70530  -34.764  3.088  30.793 0.0000000000
71781  -36.529  3.947  27.778 0.0000000000
156884  -36.948  4.061  27.086 0.0000000000
71795  -36.411  3.852  26.701 0.0000000000
71796  -37.433  4.085  26.332 0.0000000000
71807  -37.122  3.878  25.412 0.0000000000
56420  -20.652  -10.063  40.779 0.0000000000
56419  -19.916  -10.154  40.718 0.0000000000
85053  -54.145  15.153  4.046 0.0000000000
83996  -53.652  14.574  3.363 0.0000000000
51907  -5.576  -15.537  55.616 0.0000000000
51895  -5.280  -15.173  56.262 0.0000000000
51894  -4.511  -15.267  56.344 0.0000000000
62209  -35.464  -6.531  31.708 0.0000000000
63226  -35.103  -6.010  31.806 0.0000000000
149469  -35.220  -5.554  32.441 0.0000000000
65128  -38.386  -3.916  35.825 0.0000000000
68236  -35.525  -0.452  34.664 0.0000000000
68246  -35.291  -1.267  33.950 0.0000000000
154941  -35.000  0.178  34.479 0.0000000000
69287  -35.262  0.726  34.930 0.0000000000
58688  -21.110  -8.428  36.231 0.0000000000
59897  -21.642  -7.910  35.684 0.0000000000
145308  -30.262  -9.217  36.965 0.0000000000
59875  -21.605  -7.405  37.693 0.0000000000
58687  -20.608  -8.919  36.732 0.0000000000
80773  -48.579  11.505  5.153 0.0000000000
81836  -49.345  11.812  11.363 0.0000000000
82894  -49.529  12.530  10.955 0.0000000000
85035  -51.381  14.827  8.147 0.0000000000
85038  -51.430  14.788  7.316 0.0000000000
85042  -51.902  15.048  6.544 0.0000000000
68321  -30.943  -0.369  27.274 0.0000000000
68334  -31.042  -0.071  26.354 0.0000000000
147799  -36.120  0.552  17.908 0.0000000000
68467  -36.139  0.018  17.116 0.0000000000
68469  -36.568  0.866  17.772 0.0000000000
156995  -36.848  1.135  17.661 0.0000000000
68459  -37.470  1.379  18.529 0.0000000000
69432  -40.326  2.188  23.177 0.0000000000
69431  -39.566  2.215  22.931 0.0000000000
68363  -39.986  2.072  22.835 0.0000000000
70685  -43.145  3.216  20.848 0.0000000000
69507  -42.611  2.662  20.828 0.0000000000
70684  -42.852  3.113  20.605 0.0000000000
70700  -42.569  3.476  20.139 0.0000000000
71872  -42.922  3.549  20.415 0.0000000000
71887  -42.970  4.052  20.237 0.0000000000
72987  -43.518  4.012  20.970 0.0000000000
53015  -10.778  -13.999  47.106 0.0000000000
53006  -10.737  -13.731  48.049 0.0000000000
53014  -10.267  -14.267  47.722 0.0000000000
53005  -10.175  -14.221  48.489 0.0000000000
51975  -9.752  -14.911  47.939 0.0000000000
142212  -9.124  -15.430  47.774 0.0000000000
51981  -9.302  -15.355  46.976 0.0000000000
48779  -2.246  -19.189  53.653 0.0000000000
71744  -36.927  4.084  30.660 0.0000000000
51922  -7.300  -15.277  54.335 0.0000000000
51910  -7.738  -14.673  54.748 0.0000000000
51908  -6.331  -15.315  55.364 0.0000000000
50840  -6.610  -15.600  54.671 0.0000000000
58781  -34.029  -9.602  30.225 0.0000000000
59946  -36.216  -8.385  32.798 0.0000000000
61162  -36.088  -7.363  31.946 0.0000000000
61149  -36.284  -7.059  32.702 0.0000000000
61073  -23.567  -6.152  37.850 0.0000000000
61087  -23.409  -6.064  36.867 0.0000000000
62147  -24.474  -5.891  37.157 0.0000000000
61074  -26.467  -5.898  36.588 0.0000000000
61088  -26.232  -5.975  35.690 0.0000000000
61103  -25.964  -6.183  34.762 0.0000000000
61104  -26.948  -6.484  35.065 0.0000000000
57591  -32.412  -10.340  35.366 0.0000000000
155367  -32.560  -10.434  33.170 0.0000000000
57624  -32.151  -10.407  33.665 0.0000000000
142993  -32.065  -10.359  32.738 0.0000000000
57635  -31.521  -10.109  31.725 0.0000000000
57648  -32.789  -10.029  30.888 0.0000000000
134012  -27.302  -6.160  42.208 0.0000000000
136484  -27.594  -6.191  42.940 0.0000000000
134173  -26.873  -6.053  43.055 0.0000000000
62078  -26.648  -6.101  43.858 0.0000000000
62095  -26.250  -5.994  42.406 0.0000000000
62093  -24.747  -6.308  41.970 0.0000000000
62110  -25.539  -5.990  41.750 0.0000000000
62130  -24.622  -6.026  39.071 0.0000000000
61072  -22.549  -6.619  37.547 0.0000000000
77352  -44.012  7.621  11.132 0.0000000000
69408  -31.989  1.273  24.405 0.0000000000
69395  -31.508  0.608  24.800 0.0000000000
68416  -35.332  1.172  19.656 0.0000000000
69417  -43.445  2.663  23.979 0.0000000000
69416  -42.785  2.370  23.772 0.0000000000
70655  -43.869  3.236  22.300 0.0000000000
134489  -14.852  -10.292  43.868 0.0000000000
56323  -13.467  -11.116  45.237 0.0000000000
56324  -14.079  -10.487  45.782 0.0000000000
56310  -13.362  -11.006  46.212 0.0000000000
56302  -13.263  -10.863  47.190 0.0000000000
140882  -11.203  -13.470  45.930 0.0000000000
53022  -10.968  -13.930  46.364 0.0000000000
53029  -10.771  -14.092  45.704 0.0000000000
53028  -10.165  -14.655  45.492 0.0000000000
146134  -10.530  -14.302  45.013 0.0000000000
59900  -36.600  -8.661  35.542 0.0000000000
59887  -36.653  -8.492  36.448 0.0000000000
133412  -38.193  -6.702  37.764 0.0000000000
61077  -37.697  -7.296  37.184 0.0000000000
62158  -38.402  -5.992  37.148 0.0000000000
59832  -29.250  -7.624  40.822 0.0000000000
59854  -29.119  -7.832  39.945 0.0000000000
58642  -31.630  -9.119  40.786 0.0000000000
132995  -31.014  -9.109  40.102 0.0000000000
58657  -31.154  -9.239  39.417 0.0000000000
133372  -30.883  -9.262  38.718 0.0000000000
57543  -31.702  -9.385  38.907 0.0000000000
58615  -34.782  -8.629  41.865 0.0000000000
58614  -34.050  -8.932  42.099 0.0000000000
132614  -34.029  -9.371  39.083 0.0000000000
57514  -33.943  -9.338  39.887 0.0000000000
57545  -33.444  -9.442  38.517 0.0000000000
57544  -32.764  -9.466  38.808 0.0000000000
132609  -32.913  -9.576  37.935 0.0000000000
132340  -33.108  -9.929  37.246 0.0000000000
136131  -33.551  -9.596  37.723 0.0000000000
143945  -35.586  -9.200  36.882 0.0000000000
58690  -35.136  -9.507  36.269 0.0000000000
58703  -35.439  -9.552  35.410 0.0000000000
59820  -30.607  -8.079  42.478 0.0000000000
59833  -29.947  -7.917  42.084 0.0000000000
61016  -29.349  -7.466  41.692 0.0000000000
74083  -41.907  5.986  18.015 0.0000000000
75159  -43.989  7.691  16.557 0.0000000000
75158  -43.166  7.386  16.508 0.0000000000
76221  -43.744  7.800  15.707 0.0000000000
131779  -45.974  8.184  16.636 0.0000000000
154498  -46.382  8.283  15.924 0.0000000000
76251  -45.945  8.318  14.452 0.0000000000
76236  -45.659  8.266  15.281 0.0000000000
76250  -45.366  8.206  14.196 0.0000000000
144832  -44.835  8.165  14.315 0.0000000000
76268  -44.943  8.046  13.392 0.0000000000
78480  -47.321  8.228  11.631 0.0000000000
77354  -46.400  7.959  11.843 0.0000000000
154116  -46.772  8.443  11.040 0.0000000000
78496  -46.319  8.822  10.311 0.0000000000
78497  -47.307  9.013  10.644 0.0000000000
79604  -47.548  9.952  10.366 0.0000000000
79591  -49.600  9.444  11.775 0.0000000000
156968  -49.778  9.960  11.682 0.0000000000
80738  -49.295  10.552  11.603 0.0000000000
80727  -50.959  11.174  13.079 0.0000000000
68262  -32.550  -0.388  31.775 0.0000000000
68272  -32.222  -0.136  31.138 0.0000000000
69322  -32.532  0.639  31.187 0.0000000000
69354  -33.310  2.276  29.783 0.0000000000
157129  -32.745  1.773  29.659 0.0000000000
69364  -31.881  1.120  28.583 0.0000000000
69365  -32.621  1.888  28.415 0.0000000000
70545  -35.102  3.380  29.764 0.0000000000
156718  -35.667  3.670  29.080 0.0000000000
156479  -35.115  3.390  27.460 0.0000000000
132142  -34.429  3.189  27.943 0.0000000000
70565  -33.806  2.804  27.258 0.0000000000
70564  -32.965  2.239  27.509 0.0000000000
70576  -33.255  2.465  26.630 0.0000000000
69397  -32.716  2.083  25.887 0.0000000000
70577  -34.049  2.987  26.347 0.0000000000
134704  -35.003  3.272  24.924 0.0000000000
70594  -34.217  3.063  25.425 0.0000000000
70626  -34.363  2.743  23.297 0.0000000000
70614  -36.671  3.340  23.805 0.0000000000
70615  -37.726  3.150  23.600 0.0000000000
70616  -39.780  2.716  23.818 0.0000000000
70598  -40.072  2.972  24.317 0.0000000000
71800  -41.547  3.914  25.851 0.0000000000
70581  -42.036  3.203  25.072 0.0000000000
70602  -42.783  2.900  24.710 0.0000000000
135645  -19.466  -10.398  42.199 0.0000000000
56379  -18.948  -10.427  42.614 0.0000000000
56362  -18.948  -10.438  43.559 0.0000000000
56435  -18.277  -9.935  39.210 0.0000000000
56418  -17.875  -9.921  39.855 0.0000000000
136203  -15.719  -10.527  40.374 0.0000000000
137160  -16.527  -10.147  40.477 0.0000000000
56359  -16.164  -9.818  42.148 0.0000000000
149967  -15.304  -10.049  42.490 0.0000000000
56377  -15.161  -10.288  41.689 0.0000000000
51906  -2.662  -15.671  55.554 0.0000000000
61186  -34.974  -7.592  28.894 0.0000000000
63235  -34.511  -6.263  29.906 0.0000000000
64222  -34.123  -5.649  30.643 0.0000000000
66181  -33.752  -3.734  32.048 0.0000000000
59916  -37.124  -8.052  34.989 0.0000000000
59930  -36.953  -7.959  34.116 0.0000000000
61123  -37.218  -7.262  34.577 0.0000000000
63203  -37.607  -5.311  34.367 0.0000000000
149065  -37.283  -5.793  34.073 0.0000000000
63202  -37.095  -5.330  33.763 0.0000000000
64185  -36.856  -4.797  33.591 0.0000000000
66150  -36.197  -2.986  34.078 0.0000000000
66137  -36.906  -2.937  34.522 0.0000000000
65150  -35.982  -3.749  33.724 0.0000000000
136020  -36.492  -4.328  33.646 0.0000000000
65149  -35.383  -3.754  33.333 0.0000000000
67258  -34.163  -2.597  32.798 0.0000000000
67257  -33.380  -1.949  32.492 0.0000000000
67256  -32.818  -1.400  32.141 0.0000000000
69297  -34.092  0.939  33.637 0.0000000000
69307  -33.633  1.161  32.919 0.0000000000
69296  -34.154  1.968  33.048 0.0000000000
70514  -34.130  2.297  32.288 0.0000000000
71659  -36.639  3.007  36.098 0.0000000000
70478  -35.416  1.894  35.100 0.0000000000
71710  -35.972  3.501  32.757 0.0000000000
61101  -23.028  -6.531  35.075 0.0000000000
61118  -22.776  -6.943  34.190 0.0000000000
59865  -28.907  -7.796  38.123 0.0000000000
59864  -28.503  -7.127  37.761 0.0000000000
148449  -28.898  -7.687  37.413 0.0000000000
59899  -28.996  -8.065  35.285 0.0000000000
59885  -28.603  -7.321  35.759 0.0000000000
59898  -28.305  -7.605  34.875 0.0000000000
61122  -27.550  -7.088  34.500 0.0000000000
59912  -27.955  -7.833  33.987 0.0000000000
58713  -30.340  -9.643  34.100 0.0000000000
58609  -22.074  -9.342  42.004 0.0000000000
57492  -21.528  -9.532  41.331 0.0000000000
58625  -22.053  -8.978  41.281 0.0000000000
61012  -23.748  -7.069  41.002 0.0000000000
137146  -23.236  -7.647  41.068 0.0000000000
58655  -21.191  -8.249  39.306 0.0000000000
151522  -20.910  -8.746  39.675 0.0000000000
57524  -20.969  -9.172  40.207 0.0000000000
57538  -19.921  -9.355  38.686 0.0000000000
57539  -20.171  -9.118  38.303 0.0000000000
79614  -47.203  10.670  9.734 0.0000000000
80752  -47.637  11.459  9.295 0.0000000000
81856  -48.567  12.686  7.529 0.0000000000
83978  -50.848  13.630  11.331 0.0000000000
82901  -49.675  13.128  10.123 0.0000000000
82915  -49.611  13.577  7.468 0.0000000000
82921  -49.136  13.162  6.956 0.0000000000
82923  -50.364  13.783  5.659 0.0000000000
82931  -50.537  13.612  4.797 0.0000000000
83993  -51.306  13.979  4.390 0.0000000000
85044  -52.846  15.362  6.022 0.0000000000
135935  -52.946  15.217  5.224 0.0000000000
85045  -53.621  15.627  5.547 0.0000000000
49894  -7.406  -16.931  49.650 0.0000000000
50897  -7.326  -16.812  50.583 0.0000000000
67271  -31.573  -1.085  30.204 0.0000000000
153130  -31.303  -1.740  29.633 0.0000000000
156225  -37.213  1.602  17.463 0.0000000000
70720  -37.931  2.737  17.420 0.0000000000
69452  -36.982  2.305  22.058 0.0000000000
68398  -38.872  1.667  21.685 0.0000000000
68397  -38.184  1.743  21.605 0.0000000000
68419  -38.167  1.475  20.828 0.0000000000
68383  -41.896  1.836  22.735 0.0000000000
135528  -41.328  1.806  22.625 0.0000000000
68402  -41.645  1.757  22.187 0.0000000000
69505  -40.817  2.061  20.254 0.0000000000
68444  -40.415  1.654  20.779 0.0000000000
69504  -40.044  1.816  20.075 0.0000000000
68461  -39.431  1.818  19.649 0.0000000000
69524  -38.970  1.997  19.142 0.0000000000
71884  -41.528  3.655  19.429 0.0000000000
70710  -40.727  3.478  19.106 0.0000000000
71905  -39.532  3.745  18.165 0.0000000000
73006  -41.025  4.663  18.455 0.0000000000
74064  -43.365  5.756  19.699 0.0000000000
74063  -42.922  5.350  19.578 0.0000000000
75127  -43.981  6.790  19.028 0.0000000000
51958  -9.517  -14.557  49.800 0.0000000000
52986  -9.458  -14.465  50.629 0.0000000000
51957  -9.041  -15.130  50.239 0.0000000000
50899  -8.466  -15.668  49.764 0.0000000000
50909  -8.548  -15.775  48.890 0.0000000000
50924  -8.171  -16.500  47.305 0.0000000000
50916  -8.033  -16.426  48.329 0.0000000000
50881  -7.168  -16.365  52.328 0.0000000000
49872  -6.760  -17.102  51.980 0.0000000000
48783  -5.520  -18.014  52.797 0.0000000000
49855  -5.995  -17.223  53.191 0.0000000000
49838  -5.815  -16.942  53.951 0.0000000000
49837  -5.082  -17.156  54.174 0.0000000000
47732  -4.619  -19.229  52.656 0.0000000000
47731  -4.054  -19.931  52.962 0.0000000000
48769  -3.365  -18.547  54.002 0.0000000000
147272  -4.148  -18.288  53.857 0.0000000000
50836  -3.703  -16.472  55.343 0.0000000000
49821  -3.372  -17.234  54.924 0.0000000000
49820  -2.545  -17.302  54.748 0.0000000000
153789  -1.824  -17.236  54.390 0.0000000000
50853  -1.624  -16.486  54.469 0.0000000000
46642  -1.309  -20.410  52.912 0.0000000000
51931  -7.492  -15.509  53.535 0.0000000000
58761  -35.112  -9.232  31.443 0.0000000000
62148  -25.641  -5.864  37.455 0.0000000000
147743  -27.334  -6.182  36.691 0.0000000000
57607  -32.698  -10.417  34.410 0.0000000000
57608  -33.523  -10.366  34.145 0.0000000000
57626  -33.672  -10.343  33.275 0.0000000000
57625  -32.983  -10.368  32.698 0.0000000000
58743  -34.085  -10.000  31.959 0.0000000000
60999  -28.080  -6.602  41.742 0.0000000000
154464  -27.487  -6.294  41.384 0.0000000000
154375  -25.768  -5.900  40.984 0.0000000000
78494  -44.864  7.857  10.239 0.0000000000
64221  -33.437  -5.319  30.240 0.0000000000
69425  -31.972  1.161  23.462 0.0000000000
133971  -32.632  1.627  22.820 0.0000000000
69448  -32.390  1.221  21.898 0.0000000000
55230  -13.477  -11.289  43.358 0.0000000000
55219  -12.858  -11.802  44.721 0.0000000000
55209  -12.208  -12.366  45.149 0.0000000000
53038  -10.613  -14.337  44.260 0.0000000000
58682  -36.209  -8.832  37.065 0.0000000000
59879  -36.832  -8.321  37.299 0.0000000000
59869  -37.702  -7.442  38.017 0.0000000000
62141  -38.441  -6.267  38.641 0.0000000000
59821  -31.291  -8.381  42.123 0.0000000000
134979  -30.317  -8.348  40.818 0.0000000000
58626  -31.270  -8.678  41.400 0.0000000000
58627  -32.425  -9.162  41.236 0.0000000000
58630  -35.098  -9.013  41.062 0.0000000000
58646  -35.324  -9.079  40.114 0.0000000000
58658  -35.186  -9.184  39.306 0.0000000000
57532  -34.684  -9.280  38.828 0.0000000000
57547  -34.805  -9.319  38.004 0.0000000000
58669  -35.366  -9.159  38.626 0.0000000000
58681  -35.618  -9.120  37.725 0.0000000000
132068  -31.868  -8.191  43.647 0.0000000000
75134  -43.458  6.834  18.211 0.0000000000
75146  -44.126  7.494  17.365 0.0000000000
75160  -44.698  7.835  16.586 0.0000000000
76237  -47.184  8.450  15.342 0.0000000000
145815  -47.118  8.467  14.454 0.0000000000
76252  -46.740  8.390  14.108 0.0000000000
153901  -46.449  8.315  13.737 0.0000000000
134536  -46.474  8.125  12.989 0.0000000000
77343  -47.081  8.278  13.332 0.0000000000
78481  -47.967  8.677  11.338 0.0000000000
153447  -48.578  8.656  11.864 0.0000000000
78482  -49.265  8.909  12.050 0.0000000000
78483  -49.940  9.239  12.277 0.0000000000
137727  -34.262  2.993  29.494 0.0000000000
148909  -36.391  3.975  28.788 0.0000000000
70559  -35.753  3.678  28.366 0.0000000000
70567  -35.734  3.635  27.552 0.0000000000
70595  -35.818  3.473  24.806 0.0000000000
132658  -36.857  3.612  24.512 0.0000000000
71808  -38.267  3.884  25.150 0.0000000000
71809  -39.353  3.710  25.049 0.0000000000
152323  -20.124  -10.375  42.244 0.0000000000
56398  -19.680  -10.327  41.533 0.0000000000
56397  -18.882  -10.216  41.679 0.0000000000
56417  -16.902  -10.185  39.740 0.0000000000
56393  -14.985  -10.855  40.743 0.0000000000
83995  -52.926  14.449  3.562 0.0000000000
82944  -52.634  13.757  2.578 0.0000000000
84001  -53.166  14.204  2.907 0.0000000000
84002  -53.778  14.375  2.811 0.0000000000
50824  -3.388  -15.961  55.846 0.0000000000
61161  -35.725  -7.715  31.060 0.0000000000
61175  -35.482  -6.974  30.887 0.0000000000
63225  -34.665  -6.006  31.028 0.0000000000
64200  -34.521  -4.693  32.255 0.0000000000
62168  -38.022  -6.009  35.417 0.0000000000
61124  -37.556  -6.589  35.015 0.0000000000
63190  -38.070  -5.339  35.015 0.0000000000
64178  -37.929  -4.751  34.670 0.0000000000
67234  -37.309  -1.964  35.495 0.0000000000
67233  -36.730  -1.697  35.028 0.0000000000
67244  -35.781  -2.176  33.935 0.0000000000
68235  -34.651  -0.201  34.018 0.0000000000
70477  -34.941  1.629  34.456 0.0000000000
72831  -37.248  3.806  35.883 0.0000000000
62175  -24.117  -6.281  33.960 0.0000000000
59877  -29.059  -7.997  36.934 0.0000000000
58678  -29.602  -8.561  36.726 0.0000000000
58699  -29.575  -8.521  35.737 0.0000000000
58711  -29.331  -8.749  34.876 0.0000000000
57622  -30.257  -9.804  32.418 0.0000000000
58729  -29.830  -9.445  33.338 0.0000000000
140686  -23.200  -8.051  41.774 0.0000000000
59863  -22.277  -7.184  39.192 0.0000000000
59853  -22.557  -7.466  39.982 0.0000000000
59862  -21.592  -7.605  38.799 0.0000000000
58665  -20.991  -8.067  38.308 0.0000000000
58676  -20.539  -8.690  37.789 0.0000000000
57569  -20.224  -9.684  36.085 0.0000000000
80737  -48.566  10.766  11.098 0.0000000000
80745  -48.206  11.560  10.235 0.0000000000
81842  -48.599  12.226  9.833 0.0000000000
81850  -48.997  12.756  9.342 0.0000000000
83983  -50.574  14.308  8.658 0.0000000000
83986  -50.298  14.038  7.080 0.0000000000
83988  -51.368  14.506  5.905 0.0000000000
85040  -52.746  15.590  6.791 0.0000000000
49912  -7.092  -17.936  48.155 0.0000000000
68305  -31.389  0.215  28.529 0.0000000000
68304  -31.029  -0.649  28.212 0.0000000000
69429  -38.184  2.523  22.800 0.0000000000
137966  -37.897  2.299  22.381 0.0000000000
69453  -38.775  2.250  22.634 0.0000000000
68379  -38.838  1.961  22.257 0.0000000000
131979  -39.347  1.900  22.287 0.0000000000
69489  -42.800  2.398  21.425 0.0000000000
68423  -41.762  1.849  21.556 0.0000000000
69488  -42.185  2.190  21.172 0.0000000000
69506  -41.828  2.456  20.441 0.0000000000
69526  -41.060  2.621  19.793 0.0000000000
70697  -40.364  2.896  19.277 0.0000000000
70699  -42.028  3.393  19.819 0.0000000000
71885  -42.117  3.805  19.648 0.0000000000
72997  -42.220  4.269  19.496 0.0000000000
72999  -43.059  4.774  20.070 0.0000000000
74052  -43.446  5.111  20.305 0.0000000000
54113  -11.752  -12.570  47.771 0.0000000000
54112  -11.261  -13.008  48.507 0.0000000000
54103  -11.048  -13.135  49.351 0.0000000000
52997  -10.113  -14.131  49.360 0.0000000000
51974  -9.130  -15.287  48.500 0.0000000000
50925  -8.696  -16.137  46.600 0.0000000000
48809  -6.065  -18.387  51.157 0.0000000000
49880  -6.278  -17.699  51.714 0.0000000000
48798  -5.814  -18.274  51.974 0.0000000000
155716  -5.044  -18.542  52.771 0.0000000000
47730  -3.455  -20.327  53.162 0.0000000000
49834  -2.981  -17.902  54.421 0.0000000000
48768  -2.614  -18.626  54.029 0.0000000000
59808  -34.142  -8.215  43.483 0.0000000000
59826  -36.728  -7.649  41.841 0.0000000000
76203  -46.545  8.253  17.964 0.0000000000
150727  -45.758  8.024  17.810 0.0000000000
149265  -46.905  8.351  17.435 0.0000000000
76211  -47.507  8.468  17.191 0.0000000000
76239  -48.965  9.206  14.659 0.0000000000
77330  -49.569  9.525  13.747 0.0000000000
71727  -36.223  3.770  31.426 0.0000000000
71743  -36.320  3.854  30.806 0.0000000000
71756  -36.522  3.957  30.166 0.0000000000
71768  -36.923  4.144  29.407 0.0000000000
71769  -37.559  4.292  28.805 0.0000000000
71783  -38.737  4.376  27.125 0.0000000000
149598  -19.467  -9.691  39.089 0.0000000000
56437  -19.706  -9.838  39.885 0.0000000000
56436  -19.004  -9.817  39.369 0.0000000000
137721  -18.101  -10.272  38.380 0.0000000000
59962  -35.516  -8.615  31.189 0.0000000000
69279  -35.893  1.135  35.671 0.0000000000
61071  -22.000  -7.021  36.899 0.0000000000
61102  -23.292  -6.193  35.919 0.0000000000
62166  -24.032  -6.080  35.055 0.0000000000
62176  -24.959  -6.123  34.437 0.0000000000
61120  -25.626  -6.387  33.769 0.0000000000
57574  -31.150  -9.908  36.157 0.0000000000
136564  -30.606  -9.460  35.647 0.0000000000
57589  -31.051  -10.030  35.296 0.0000000000
57606  -30.854  -10.038  34.408 0.0000000000
136706  -31.295  -10.242  33.765 0.0000000000
60998  -24.548  -6.753  42.858 0.0000000000
61013  -24.207  -6.609  41.401 0.0000000000
141787  -24.090  -6.456  40.580 0.0000000000
138581  -24.726  -6.049  39.994 0.0000000000
61041  -23.868  -6.364  39.710 0.0000000000
61040  -23.064  -6.805  39.432 0.0000000000
61056  -22.846  -6.614  38.548 0.0000000000
76266  -43.049  7.604  12.395 0.0000000000
80772  -47.964  10.754  5.440 0.0000000000
82896  -50.632  12.635  12.082 0.0000000000
85987  -52.962  16.172  8.610 0.0000000000
69385  -31.981  1.340  26.415 0.0000000000
68345  -31.517  0.694  26.147 0.0000000000
68344  -31.255  0.258  25.499 0.0000000000
69414  -41.612  2.244  23.603 0.0000000000
68364  -41.324  1.980  23.051 0.0000000000
68365  -41.884  2.042  23.334 0.0000000000
68366  -42.362  1.972  23.032 0.0000000000
69454  -42.906  2.171  22.640 0.0000000000
69473  -43.245  2.478  22.233 0.0000000000
70654  -43.475  2.846  21.914 0.0000000000
70671  -43.648  3.282  21.709 0.0000000000
71862  -43.833  3.801  21.531 0.0000000000
149950  -44.021  4.518  21.297 0.0000000000
56342  -14.274  -10.605  44.738 0.0000000000
56325  -14.896  -10.184  45.430 0.0000000000
55196  -12.224  -12.134  47.183 0.0000000000
55202  -12.130  -12.346  46.204 0.0000000000
54140  -11.746  -12.802  46.940 0.0000000000
51988  -9.742  -15.009  46.155 0.0000000000
51996  -9.563  -15.474  45.139 0.0000000000
142156  -2.310  -21.486  53.229 0.0000000000
58715  -35.553  -9.540  33.922 0.0000000000
58716  -36.016  -9.324  34.433 0.0000000000
59888  -37.235  -7.886  36.774 0.0000000000
61091  -37.532  -7.276  36.328 0.0000000000
61107  -37.835  -6.658  35.864 0.0000000000
62157  -38.168  -6.014  36.279 0.0000000000
62134  -38.751  -5.857  39.436 0.0000000000
61043  -27.898  -6.713  39.242 0.0000000000
61044  -28.559  -7.224  39.561 0.0000000000
138850  -29.031  -7.846  39.015 0.0000000000
59855  -29.819  -8.370  39.408 0.0000000000
59844  -30.388  -8.636  40.159 0.0000000000
58667  -30.566  -9.278  37.857 0.0000000000
58680  -31.099  -9.658  37.062 0.0000000000
58613  -33.319  -9.003  42.200 0.0000000000
135879  -33.019  -9.138  41.576 0.0000000000
131594  -33.099  -9.268  40.900 0.0000000000
58645  -34.534  -9.200  40.457 0.0000000000
57513  -33.258  -9.359  40.111 0.0000000000
57529  -32.294  -9.394  39.365 0.0000000000
158231  -32.259  -9.439  38.808 0.0000000000
133123  -32.190  -9.524  38.161 0.0000000000
150273  -31.791  -9.714  37.413 0.0000000000
57575  -31.854  -10.059  36.645 0.0000000000
57576  -32.664  -10.139  36.625 0.0000000000
132598  -33.034  -10.307  35.934 0.0000000000
57561  -34.194  -9.579  37.449 0.0000000000
57578  -34.280  -9.874  36.555 0.0000000000
133247  -33.805  -10.214  35.769 0.0000000000
58714  -34.949  -9.896  34.553 0.0000000000
60989  -29.863  -7.340  43.362 0.0000000000
61001  -29.444  -7.314  42.611 0.0000000000
61015  -28.672  -7.125  41.294 0.0000000000
142260  -40.007  5.269  17.289 0.0000000000
75141  -39.423  5.306  16.505 0.0000000000
75142  -40.328  5.970  16.723 0.0000000000
75144  -42.514  6.774  17.310 0.0000000000
75157  -42.186  7.069  16.400 0.0000000000
76219  -41.770  7.158  15.309 0.0000000000
75148  -45.501  7.973  17.289 0.0000000000
75161  -45.315  7.990  16.616 0.0000000000
134206  -45.182  8.076  15.893 0.0000000000
76234  -44.268  8.135  14.878 0.0000000000
156965  -43.839  8.039  14.294 0.0000000000
76248  -43.378  7.802  13.570 0.0000000000
76267  -43.947  7.920  12.848 0.0000000000
77341  -44.539  7.874  12.016 0.0000000000
77353  -45.338  7.933  11.458 0.0000000000
78478  -45.201  8.006  10.645 0.0000000000
156605  -46.179  9.624  9.300 0.0000000000
79605  -48.363  10.025  10.978 0.0000000000
155453  -49.385  11.020  11.756 0.0000000000
80739  -49.870  11.198  12.167 0.0000000000
78459  -50.071  9.659  13.138 0.0000000000
78471  -50.073  9.369  12.716 0.0000000000
79583  -50.417  9.614  12.508 0.0000000000
146759  -50.549  10.681  12.540 0.0000000000
81824  -50.497  11.600  12.530 0.0000000000
67272  -31.986  -1.145  31.084 0.0000000000
69353  -32.470  1.174  30.360 0.0000000000
68287  -31.647  0.202  29.427 0.0000000000
69375  -31.597  0.932  27.803 0.0000000000
138923  -31.926  1.326  27.153 0.0000000000
70557  -33.901  2.835  28.878 0.0000000000
69409  -32.678  1.975  24.808 0.0000000000
137325  -33.495  2.588  25.084 0.0000000000
70611  -33.498  2.473  24.089 0.0000000000
155885  -34.247  2.441  22.491 0.0000000000
70641  -35.185  2.614  22.502 0.0000000000
69427  -36.273  2.684  22.568 0.0000000000
70629  -37.507  2.897  23.134 0.0000000000
69410  -38.291  2.707  23.116 0.0000000000
69412  -39.659  2.356  23.225 0.0000000000
154359  -40.283  2.331  23.429 0.0000000000
71798  -39.579  4.190  25.971 0.0000000000
71799  -40.606  4.066  25.884 0.0000000000
71810  -40.351  3.479  25.054 0.0000000000
70599  -40.922  2.783  24.431 0.0000000000
69398  -41.295  2.551  24.144 0.0000000000
69399  -41.869  2.411  24.048 0.0000000000
69401  -43.015  2.697  24.353 0.0000000000
132613  -19.199  -9.958  40.279 0.0000000000
133087  -18.521  -9.920  40.699 0.0000000000
56396  -18.019  -9.959  41.440 0.0000000000
155129  -17.679  -9.934  41.912 0.0000000000
56360  -17.258  -9.984  42.477 0.0000000000
57463  -15.851  -9.933  43.270 0.0000000000
56358  -14.917  -10.198  43.027 0.0000000000
56357  -14.243  -10.748  43.150 0.0000000000
56376  -14.290  -11.057  41.505 0.0000000000
55246  -13.628  -11.336  42.306 0.0000000000
85054  -54.842  15.265  3.820 0.0000000000
84003  -54.484  14.581  2.730 0.0000000000
59914  -36.122  -9.123  33.941 0.0000000000
59929  -36.412  -8.517  33.654 0.0000000000
61135  -36.594  -7.651  33.269 0.0000000000
62177  -37.212  -6.494  34.119 0.0000000000
137969  -36.733  -6.769  33.368 0.0000000000
62202  -36.246  -6.306  32.985 0.0000000000
64202  -35.742  -5.230  32.968 0.0000000000
154024  -37.566  -4.315  34.479 0.0000000000
65137  -37.398  -3.647  34.639 0.0000000000
65144  -37.105  -4.225  34.000 0.0000000000
64194  -36.323  -4.860  33.326 0.0000000000
64201  -35.103  -4.963  32.683 0.0000000000
65160  -34.299  -3.711  32.447 0.0000000000
66173  -34.856  -3.248  33.090 0.0000000000
66180  -33.204  -3.244  31.879 0.0000000000
147317  -33.248  0.193  32.668 0.0000000000
154504  -34.145  2.509  31.559 0.0000000000
71675  -35.275  2.497  34.234 0.0000000000
72830  -36.755  3.521  35.275 0.0000000000
71709  -35.306  2.896  33.357 0.0000000000
151653  -35.935  3.596  32.013 0.0000000000
61059  -27.841  -6.664  38.342 0.0000000000
61076  -27.825  -6.504  37.339 0.0000000000
59876  -28.685  -7.233  36.797 0.0000000000
58700  -29.946  -9.080  35.286 0.0000000000
136579  -29.145  -8.956  33.921 0.0000000000
59926  -27.702  -7.856  32.899 0.0000000000
58596  -22.228  -9.583  43.459 0.0000000000
136416  -21.533  -9.838  42.103 0.0000000000
57491  -21.092  -10.033  41.386 0.0000000000
158615  -20.723  -9.858  40.449 0.0000000000
148408  -22.612  -8.313  41.097 0.0000000000
58640  -22.182  -8.111  40.403 0.0000000000
58639  -21.937  -8.647  40.726 0.0000000000
57508  -21.465  -9.137  40.723 0.0000000000
153686  -20.615  -9.588  40.141 0.0000000000
57523  -20.048  -9.572  39.449 0.0000000000
56452  -19.543  -9.655  38.438 0.0000000000
79613  -46.553  10.201  9.218 0.0000000000
156529  -47.349  11.414  8.247 0.0000000000
80761  -47.485  11.428  7.362 0.0000000000
83981  -49.843  13.663  9.104 0.0000000000
82909  -49.334  13.301  8.539 0.0000000000
81863  -48.656  12.552  6.516 0.0000000000
142366  -48.770  12.271  5.704 0.0000000000
81870  -49.215  12.279  4.933 0.0000000000
81877  -49.516  11.681  4.052 0.0000000000
82936  -51.736  13.730  3.475 0.0000000000
83991  -51.699  14.490  4.920 0.0000000000
85048  -53.493  15.256  4.666 0.0000000000
85049  -54.289  15.692  4.995 0.0000000000
50890  -7.912  -16.166  51.063 0.0000000000
50882  -7.839  -15.996  51.911 0.0000000000
48824  -6.493  -18.416  49.389 0.0000000000
48810  -6.311  -18.356  50.282 0.0000000000
137169  -31.640  -2.382  30.301 0.0000000000
73014  -38.566  4.200  16.891 0.0000000000
68396  -36.245  1.456  20.383 0.0000000000
69470  -37.567  1.964  21.735 0.0000000000
68418  -37.342  1.274  19.888 0.0000000000
68440  -37.401  1.236  19.372 0.0000000000
68441  -37.891  1.408  19.380 0.0000000000
68381  -40.374  1.960  22.739 0.0000000000
68400  -40.265  1.770  22.232 0.0000000000
132320  -39.785  1.568  21.544 0.0000000000
150029  -41.090  1.688  21.549 0.0000000000
68422  -40.358  1.603  21.551 0.0000000000
68421  -39.650  1.477  20.882 0.0000000000
68442  -38.796  1.459  20.165 0.0000000000
69523  -38.149  1.733  18.750 0.0000000000
69539  -38.376  2.026  18.546 0.0000000000
70708  -38.701  2.542  18.342 0.0000000000
70709  -39.752  3.031  18.743 0.0000000000
71895  -39.118  3.189  18.198 0.0000000000
73015  -39.407  4.211  17.745 0.0000000000
73016  -40.173  4.720  17.872 0.0000000000
74072  -41.579  5.233  18.459 0.0000000000
136823  -42.215  5.527  18.742 0.0000000000
72998  -42.450  4.991  19.359 0.0000000000
74073  -42.843  5.927  18.947 0.0000000000
151442  -44.383  5.194  21.290 0.0000000000
51942  -9.015  -15.007  51.931 0.0000000000
52979  -9.393  -14.348  51.459 0.0000000000
51956  -8.413  -15.579  50.629 0.0000000000
49903  -7.451  -17.042  48.699 0.0000000000
50872  -7.073  -16.188  53.178 0.0000000000
50855  -6.184  -16.239  54.282 0.0000000000
50838  -5.125  -16.115  55.187 0.0000000000
135277  -4.889  -19.733  51.972 0.0000000000
48782  -4.798  -18.297  53.267 0.0000000000
48770  -4.754  -17.744  53.853 0.0000000000
49823  -4.719  -16.765  54.775 0.0000000000
50837  -4.397  -16.300  55.313 0.0000000000
50834  -2.089  -16.134  55.100 0.0000000000
139181  -1.905  -20.526  53.234 0.0000000000
47728  -1.571  -19.432  53.243 0.0000000000
48778  -1.258  -18.423  53.321 0.0000000000
54139  -11.241  -13.370  46.687 0.0000000000
58599  -33.704  -8.510  42.810 0.0000000000
58628  -33.604  -9.141  41.463 0.0000000000
58631  -35.750  -8.572  40.771 0.0000000000
58643  -32.464  -9.315  40.262 0.0000000000
58666  -30.102  -8.982  38.617 0.0000000000
58704  -36.119  -9.271  35.176 0.0000000000
59819  -23.676  -7.325  41.723 0.0000000000
59824  -35.292  -8.212  42.473 0.0000000000
59834  -30.614  -8.287  41.552 0.0000000000
59867  -36.459  -8.536  38.801 0.0000000000
59878  -29.262  -8.240  37.530 0.0000000000
59896  -21.171  -8.704  35.221 0.0000000000
61014  -28.017  -6.729  40.938 0.0000000000
61045  -37.551  -7.522  39.644 0.0000000000
61046  -38.009  -7.194  39.277 0.0000000000
61085  -22.085  -7.175  36.116 0.0000000000
62080  -28.155  -6.380  43.293 0.0000000000
68382  -40.846  1.868  22.687 0.0000000000
68399  -39.556  1.711  21.934 0.0000000000
69400  -42.464  2.512  24.187 0.0000000000
69433  -41.037  2.226  23.384 0.0000000000
69434  -42.415  2.164  23.454 0.0000000000
69436  -43.310  2.488  23.397 0.0000000000
69471  -42.332  1.972  21.896 0.0000000000
69472  -42.899  2.244  22.045 0.0000000000
69490  -43.183  2.588  21.643 0.0000000000
69527  -41.794  2.958  19.955 0.0000000000
70501  -35.612  3.415  31.657 0.0000000000
70601  -42.275  2.746  24.545 0.0000000000
70670  -43.336  2.969  21.344 0.0000000000
71861  -43.422  3.446  21.146 0.0000000000
72986  -43.276  4.305  20.497 0.0000000000
77346  -49.557  9.264  13.050 0.0000000000
79573  -50.891  10.456  13.296 0.0000000000
132216  -40.807  1.931  22.833 0.0000000000
133885  -31.234  -8.151  43.018 0.0000000000
134503  -32.297  -10.242  36.093 0.0000000000
136609  -36.986  -2.337  34.947 0.0000000000
140553  -39.441  2.099  22.657 0.0000000000
146064  -41.360  2.384  23.789 0.0000000000
147367  -22.633  -6.722  35.773 0.0000000000
148214  -25.608  -5.968  40.228 0.0000000000
148826  -25.995  -6.055  43.291 0.0000000000
149958  -23.505  -7.757  42.190 0.0000000000
149992  -32.834  -9.409  39.578 0.0000000000
153530  -33.752  -9.895  37.114 0.0000000000
155477  -31.667  -10.347  33.246 0.0000000000
155645  -42.145  1.928  23.096 0.0000000000
156429  -36.949  4.189  28.837 0.0000000000
156446  -18.600  -9.931  38.799 0.0000000000
158127  -18.510  -10.408  42.964 0.0000000000
158537  -42.110  1.839  22.380 0.0000000000
