#!ascii label  , from subject freesurfer vox2ras=TkReg
2085
59920  -49.326  -8.227  34.657 0.0000000000
45633  -37.189  -20.852  47.828 0.0000000000
64308  -49.973  -4.212  20.060 0.0000000000
58873  -41.715  -9.487  23.289 0.0000000000
58837  -52.328  -8.986  27.267 0.0000000000
49953  -46.548  -17.041  40.985 0.0000000000
49999  -33.893  -17.806  34.026 0.0000000000
51095  -37.811  -16.053  25.959 0.0000000000
46667  -26.787  -20.202  50.727 0.0000000000
71876  -59.715  2.724  19.005 0.0000000000
46911  -25.744  -20.036  34.719 0.0000000000
57678  -44.572  -10.083  29.871 0.0000000000
133489  -47.521  -8.589  24.988 0.0000000000
61169  -49.589  -7.555  31.748 0.0000000000
53119  -49.727  -13.849  37.266 0.0000000000
50023  -43.333  -17.599  33.559 0.0000000000
54277  -43.987  -12.411  31.106 0.0000000000
55455  -39.219  -11.985  25.172 0.0000000000
73029  -60.657  3.288  14.979 0.0000000000
46701  -32.034  -19.996  49.068 0.0000000000
47878  -26.500  -19.975  41.973 0.0000000000
45701  -30.992  -21.323  41.064 0.0000000000
61230  -53.420  -7.486  22.345 0.0000000000
47842  -42.480  -19.293  45.094 0.0000000000
46832  -36.578  -20.320  40.691 0.0000000000
47959  -40.640  -19.247  37.686 0.0000000000
49021  -36.529  -18.590  30.172 0.0000000000
142163  -22.973  -17.957  52.430 0.0000000000
63239  -56.917  -4.831  28.444 0.0000000000
66278  -57.027  -2.699  22.595 0.0000000000
72946  -56.409  3.551  24.056 0.0000000000
68465  -54.170  -0.108  18.530 0.0000000000
70757  -54.786  1.572  13.635 0.0000000000
47850  -22.550  -19.450  44.194 0.0000000000
45783  -29.443  -21.035  34.190 0.0000000000
58765  -46.480  -9.457  31.609 0.0000000000
59980  -46.786  -7.761  29.979 0.0000000000
62195  -48.135  -6.271  33.181 0.0000000000
56499  -50.496  -11.155  35.677 0.0000000000
53132  -47.060  -14.027  33.735 0.0000000000
56530  -47.608  -11.610  32.355 0.0000000000
56552  -44.530  -11.234  30.443 0.0000000000
63329  -48.087  -5.788  17.561 0.0000000000
136314  -49.328  -2.403  17.341 0.0000000000
46703  -34.585  -20.236  49.075 0.0000000000
46771  -31.536  -20.582  45.402 0.0000000000
44665  -34.598  -21.792  44.814 0.0000000000
60084  -42.914  -8.599  21.099 0.0000000000
58846  -49.892  -9.059  26.416 0.0000000000
58878  -48.248  -9.121  23.261 0.0000000000
57713  -50.951  -9.766  23.998 0.0000000000
58907  -51.611  -9.213  21.820 0.0000000000
58881  -53.069  -8.195  24.380 0.0000000000
48899  -43.964  -17.831  42.387 0.0000000000
132624  -42.185  -20.025  41.179 0.0000000000
46856  -44.354  -19.636  39.575 0.0000000000
50079  -40.288  -16.779  30.356 0.0000000000
48057  -39.550  -18.182  31.422 0.0000000000
50109  -37.884  -17.642  27.407 0.0000000000
57709  -40.818  -10.509  24.401 0.0000000000
65233  -57.626  -3.410  25.033 0.0000000000
70659  -56.619  1.697  21.621 0.0000000000
69513  -57.440  0.989  19.339 0.0000000000
68483  -54.090  0.342  16.126 0.0000000000
70725  -56.902  1.353  16.296 0.0000000000
71969  -59.072  3.066  11.689 0.0000000000
47761  -24.598  -19.346  51.208 0.0000000000
47818  -22.578  -18.995  47.681 0.0000000000
46732  -24.527  -20.161  47.581 0.0000000000
47938  -26.424  -19.365  38.503 0.0000000000
47935  -23.848  -19.033  38.750 0.0000000000
47993  -23.134  -19.279  35.287 0.0000000000
48923  -34.874  -18.600  37.197 0.0000000000
155870  -33.161  -20.479  37.591 0.0000000000
48012  -32.347  -19.378  34.540 0.0000000000
58843  -43.367  -9.483  26.486 0.0000000000
60045  -44.621  -8.375  24.262 0.0000000000
60019  -45.940  -8.217  27.451 0.0000000000
58804  -48.884  -8.773  28.541 0.0000000000
58807  -51.186  -9.489  29.561 0.0000000000
50971  -48.072  -15.551  39.023 0.0000000000
48939  -46.291  -18.344  36.960 0.0000000000
50981  -46.594  -16.443  35.608 0.0000000000
52070  -42.928  -15.324  32.986 0.0000000000
53164  -39.874  -14.538  28.692 0.0000000000
54308  -38.501  -13.868  26.191 0.0000000000
55434  -41.571  -12.203  28.555 0.0000000000
56573  -42.420  -11.204  27.805 0.0000000000
71910  -61.046  2.892  16.892 0.0000000000
76216  -61.054  6.721  16.176 0.0000000000
46684  -29.404  -20.398  50.091 0.0000000000
132413  -26.944  -20.381  46.035 0.0000000000
46769  -29.251  -20.325  45.704 0.0000000000
46814  -28.975  -20.064  41.817 0.0000000000
131990  -28.310  -20.882  38.174 0.0000000000
58890  -45.930  -8.757  21.762 0.0000000000
61245  -52.406  -7.851  20.608 0.0000000000
62267  -52.083  -5.798  21.240 0.0000000000
152425  -39.701  -20.426  46.613 0.0000000000
44668  -37.389  -21.680  44.186 0.0000000000
45695  -39.513  -21.209  42.779 0.0000000000
47943  -38.656  -19.015  39.055 0.0000000000
49986  -37.482  -17.690  35.775 0.0000000000
48001  -42.543  -19.316  35.348 0.0000000000
48980  -38.674  -18.606  33.290 0.0000000000
133256  -35.845  -17.436  32.017 0.0000000000
63179  -49.142  -4.608  36.341 0.0000000000
48849  -38.831  -17.791  48.509 0.0000000000
133339  -43.241  -15.662  45.554 0.0000000000
53050  -44.521  -14.385  42.693 0.0000000000
64181  -49.825  -4.456  34.932 0.0000000000
61141  -52.632  -7.431  33.469 0.0000000000
58770  -54.149  -8.368  30.847 0.0000000000
152671  -55.361  -4.956  31.232 0.0000000000
135836  -55.381  -7.393  28.063 0.0000000000
61220  -55.235  -6.602  24.957 0.0000000000
63283  -55.560  -5.127  22.824 0.0000000000
65275  -53.417  -3.687  21.258 0.0000000000
69442  -56.770  0.910  24.048 0.0000000000
67371  -54.458  -1.117  21.058 0.0000000000
66321  -51.989  -1.830  19.796 0.0000000000
67426  -51.878  -0.701  16.773 0.0000000000
71932  -57.838  2.813  14.323 0.0000000000
48844  -21.216  -17.679  49.442 0.0000000000
47887  -19.644  -19.934  41.801 0.0000000000
47861  -24.754  -20.160  43.012 0.0000000000
134425  -21.982  -19.440  40.925 0.0000000000
45703  -33.876  -21.300  41.209 0.0000000000
137268  -30.210  -21.423  37.952 0.0000000000
45770  -27.756  -21.325  34.957 0.0000000000
45828  -26.921  -21.556  30.395 0.0000000000
58734  -48.362  -9.095  33.132 0.0000000000
59933  -47.480  -7.528  32.587 0.0000000000
61126  -48.196  -7.126  33.995 0.0000000000
58721  -50.220  -9.689  35.006 0.0000000000
56523  -49.376  -11.648  34.024 0.0000000000
57629  -48.622  -10.187  33.061 0.0000000000
143004  -47.284  -10.984  32.101 0.0000000000
63291  -49.914  -5.116  20.171 0.0000000000
64323  -48.799  -4.377  18.925 0.0000000000
65344  -47.870  -4.001  17.208 0.0000000000
65331  -49.800  -2.934  18.974 0.0000000000
148201  -35.896  -20.573  48.417 0.0000000000
45638  -34.408  -21.325  47.095 0.0000000000
45649  -35.525  -21.614  46.470 0.0000000000
58902  -41.145  -9.332  21.778 0.0000000000
60063  -42.631  -8.712  22.017 0.0000000000
132338  -51.092  -9.047  26.713 0.0000000000
141738  -50.048  -9.545  24.901 0.0000000000
58870  -51.578  -9.263  25.088 0.0000000000
57715  -52.062  -9.120  24.564 0.0000000000
58860  -52.856  -8.686  25.708 0.0000000000
48901  -45.279  -17.347  41.353 0.0000000000
47897  -44.085  -18.333  41.050 0.0000000000
47912  -45.758  -18.444  39.957 0.0000000000
51043  -39.653  -16.614  28.320 0.0000000000
50095  -39.485  -17.224  28.504 0.0000000000
50125  -38.227  -17.090  26.825 0.0000000000
50123  -36.740  -17.218  26.528 0.0000000000
57718  -41.259  -10.013  23.927 0.0000000000
57729  -39.606  -10.286  22.494 0.0000000000
58886  -40.597  -9.649  22.126 0.0000000000
70677  -58.697  1.687  20.205 0.0000000000
69515  -58.871  1.502  19.135 0.0000000000
69547  -57.172  1.156  17.571 0.0000000000
70715  -58.635  1.656  17.627 0.0000000000
46666  -26.075  -19.959  51.238 0.0000000000
46694  -24.574  -19.883  49.237 0.0000000000
134847  -25.747  -20.275  48.781 0.0000000000
47974  -25.443  -19.237  36.075 0.0000000000
47973  -24.736  -18.839  36.581 0.0000000000
48008  -24.413  -19.298  34.763 0.0000000000
44756  -23.460  -21.299  33.262 0.0000000000
45791  -24.091  -21.043  32.800 0.0000000000
48950  -34.423  -18.253  35.564 0.0000000000
47998  -33.325  -19.234  35.683 0.0000000000
48965  -32.746  -18.689  34.153 0.0000000000
58819  -43.905  -9.710  28.495 0.0000000000
60018  -44.617  -8.672  27.295 0.0000000000
58802  -44.783  -8.884  29.005 0.0000000000
61179  -48.261  -7.600  30.699 0.0000000000
59994  -47.736  -8.152  29.090 0.0000000000
59982  -48.997  -8.423  30.197 0.0000000000
58805  -49.714  -9.087  28.881 0.0000000000
59983  -49.924  -8.974  30.616 0.0000000000
53104  -49.025  -14.427  38.256 0.0000000000
50975  -48.186  -16.040  37.864 0.0000000000
52047  -48.311  -15.234  36.789 0.0000000000
53139  -45.987  -13.588  32.940 0.0000000000
53130  -45.525  -14.235  33.431 0.0000000000
53145  -42.730  -13.769  32.001 0.0000000000
53144  -42.017  -14.424  31.730 0.0000000000
53159  -41.492  -13.510  30.333 0.0000000000
54297  -41.019  -12.918  28.896 0.0000000000
54292  -42.994  -12.265  30.145 0.0000000000
56562  -44.513  -10.882  30.217 0.0000000000
56568  -43.246  -11.081  28.965 0.0000000000
57688  -43.379  -10.698  28.633 0.0000000000
57703  -43.008  -10.210  26.951 0.0000000000
133469  -30.809  -20.337  49.677 0.0000000000
132417  -29.343  -20.600  47.768 0.0000000000
156280  -31.005  -20.443  47.930 0.0000000000
45667  -31.893  -21.063  43.948 0.0000000000
46784  -30.567  -20.250  44.166 0.0000000000
46816  -30.341  -20.956  41.496 0.0000000000
131862  -28.951  -20.466  40.324 0.0000000000
46847  -29.348  -20.954  39.658 0.0000000000
155709  -45.881  -8.314  24.564 0.0000000000
60053  -45.038  -8.338  23.428 0.0000000000
60047  -46.439  -8.442  24.055 0.0000000000
155518  -48.561  -9.584  22.278 0.0000000000
142040  -47.520  -9.393  21.381 0.0000000000
58905  -48.009  -9.714  21.046 0.0000000000
58909  -52.633  -8.247  22.094 0.0000000000
58926  -51.834  -8.631  20.873 0.0000000000
61237  -52.953  -7.735  21.290 0.0000000000
62268  -52.425  -6.650  21.129 0.0000000000
131529  -53.186  -7.095  21.548 0.0000000000
46759  -41.013  -20.000  45.985 0.0000000000
45663  -40.062  -21.066  45.137 0.0000000000
45684  -41.568  -20.575  43.593 0.0000000000
46867  -41.617  -19.989  39.186 0.0000000000
46852  -40.434  -20.008  40.194 0.0000000000
141141  -40.303  -19.197  38.442 0.0000000000
48924  -37.839  -18.189  37.717 0.0000000000
48935  -38.982  -18.256  36.596 0.0000000000
48973  -45.030  -18.098  35.023 0.0000000000
48003  -44.132  -19.287  35.920 0.0000000000
48027  -42.705  -18.748  34.134 0.0000000000
49023  -38.299  -18.456  30.427 0.0000000000
48033  -39.641  -18.789  32.318 0.0000000000
48989  -38.151  -18.624  32.115 0.0000000000
50021  -37.545  -17.939  33.405 0.0000000000
54317  -38.992  -12.802  25.944 0.0000000000
143005  -43.828  -15.303  43.805 0.0000000000
141503  -48.065  -12.633  41.637 0.0000000000
64171  -49.330  -4.102  35.467 0.0000000000
63187  -52.693  -5.005  34.979 0.0000000000
63198  -53.560  -5.132  33.892 0.0000000000
59937  -53.617  -7.901  32.658 0.0000000000
61143  -54.327  -6.690  32.204 0.0000000000
64214  -56.175  -4.775  29.729 0.0000000000
61181  -55.856  -6.346  29.524 0.0000000000
153508  -56.449  -6.134  28.252 0.0000000000
60033  -55.222  -7.149  26.495 0.0000000000
62245  -56.512  -5.939  26.545 0.0000000000
66266  -57.720  -2.876  23.768 0.0000000000
153052  -56.680  -4.661  23.971 0.0000000000
65263  -56.057  -3.705  22.274 0.0000000000
65261  -54.788  -4.208  21.775 0.0000000000
65276  -55.741  -3.085  21.807 0.0000000000
142661  -56.583  2.618  23.894 0.0000000000
152680  -55.015  0.230  19.781 0.0000000000
69478  -55.472  0.664  21.341 0.0000000000
69494  -54.484  -0.194  20.166 0.0000000000
67382  -53.389  -1.320  20.389 0.0000000000
68447  -52.865  -0.645  18.757 0.0000000000
67407  -51.447  -1.237  18.233 0.0000000000
68472  -52.760  -0.544  17.902 0.0000000000
69576  -54.441  0.804  15.018 0.0000000000
138600  -53.054  0.056  15.598 0.0000000000
69580  -53.331  0.692  13.559 0.0000000000
73021  -60.914  3.070  15.977 0.0000000000
71917  -58.892  2.431  15.411 0.0000000000
71934  -59.485  2.961  14.634 0.0000000000
47830  -22.404  -19.167  46.245 0.0000000000
47829  -21.660  -18.737  46.516 0.0000000000
132571  -21.594  -18.913  45.579 0.0000000000
47859  -20.512  -19.203  43.455 0.0000000000
47860  -21.211  -19.286  43.118 0.0000000000
46780  -26.463  -20.237  44.391 0.0000000000
46779  -25.664  -20.273  44.427 0.0000000000
47862  -25.619  -20.200  42.968 0.0000000000
148442  -22.923  -19.403  40.079 0.0000000000
44732  -21.616  -21.788  35.396 0.0000000000
45706  -36.429  -21.119  41.815 0.0000000000
45691  -35.107  -21.446  42.356 0.0000000000
45722  -35.204  -20.933  40.915 0.0000000000
46899  -31.752  -20.913  36.314 0.0000000000
45747  -31.492  -21.262  37.580 0.0000000000
45773  -30.080  -21.361  35.876 0.0000000000
45759  -28.687  -21.507  36.149 0.0000000000
45782  -28.449  -21.264  34.380 0.0000000000
44782  -26.025  -22.328  30.907 0.0000000000
57651  -45.846  -9.914  31.204 0.0000000000
58803  -45.072  -8.922  29.797 0.0000000000
59967  -46.633  -8.171  31.429 0.0000000000
61153  -47.511  -7.008  31.706 0.0000000000
61154  -48.108  -6.685  32.001 0.0000000000
55349  -50.467  -12.379  36.380 0.0000000000
53123  -49.055  -13.984  35.949 0.0000000000
54262  -49.105  -12.947  34.687 0.0000000000
54266  -47.971  -12.881  33.262 0.0000000000
54279  -45.696  -12.107  31.798 0.0000000000
55423  -44.477  -11.699  30.774 0.0000000000
152502  -45.559  -11.524  31.440 0.0000000000
143644  -45.805  -10.760  31.283 0.0000000000
66358  -48.724  -2.346  15.368 0.0000000000
46702  -32.916  -19.895  49.017 0.0000000000
135062  -32.180  -20.321  47.847 0.0000000000
45637  -33.036  -21.024  46.959 0.0000000000
131941  -32.960  -21.302  45.114 0.0000000000
45679  -32.485  -21.356  43.329 0.0000000000
60039  -48.716  -8.909  25.391 0.0000000000
138276  -48.214  -8.810  24.805 0.0000000000
58867  -48.744  -9.095  24.548 0.0000000000
58879  -49.442  -9.561  23.635 0.0000000000
57733  -49.595  -9.924  22.326 0.0000000000
57762  -50.243  -9.966  21.332 0.0000000000
57735  -51.127  -9.739  22.889 0.0000000000
58880  -52.509  -8.700  23.301 0.0000000000
60055  -53.078  -8.001  23.530 0.0000000000
48893  -43.845  -18.452  44.152 0.0000000000
46798  -42.520  -20.037  43.137 0.0000000000
46800  -43.311  -18.910  42.373 0.0000000000
46839  -43.468  -19.178  40.508 0.0000000000
46884  -42.562  -20.120  37.971 0.0000000000
50048  -41.707  -17.128  32.139 0.0000000000
49011  -41.571  -17.771  32.298 0.0000000000
50063  -40.119  -17.286  30.633 0.0000000000
49039  -39.044  -17.964  29.572 0.0000000000
49047  -36.600  -18.430  28.716 0.0000000000
49035  -35.740  -18.374  28.936 0.0000000000
50108  -36.059  -17.727  27.318 0.0000000000
56581  -39.936  -11.495  25.239 0.0000000000
56595  -39.389  -11.067  23.833 0.0000000000
66191  -57.359  -2.925  28.219 0.0000000000
64239  -57.420  -4.550  27.003 0.0000000000
66205  -57.558  -2.687  26.788 0.0000000000
156409  -57.736  -2.261  25.335 0.0000000000
68372  -57.998  -1.276  23.993 0.0000000000
72953  -57.553  3.906  22.599 0.0000000000
71832  -57.051  2.948  23.138 0.0000000000
70660  -57.621  2.120  21.614 0.0000000000
69496  -56.570  0.847  19.929 0.0000000000
69532  -55.593  0.512  18.234 0.0000000000
151383  -54.399  0.236  17.326 0.0000000000
69545  -55.662  0.680  17.382 0.0000000000
69555  -55.775  0.886  16.565 0.0000000000
70737  -55.894  1.320  15.464 0.0000000000
73039  -60.901  3.364  14.133 0.0000000000
71950  -59.817  3.211  13.373 0.0000000000
131657  -60.226  2.691  12.907 0.0000000000
47748  -23.877  -18.903  51.553 0.0000000000
48817  -23.262  -18.605  50.955 0.0000000000
47790  -24.052  -19.462  49.847 0.0000000000
46713  -23.820  -19.815  47.955 0.0000000000
148426  -23.353  -19.817  45.399 0.0000000000
47904  -26.520  -19.619  40.807 0.0000000000
133617  -25.720  -19.642  40.906 0.0000000000
47936  -24.795  -18.991  38.546 0.0000000000
47950  -23.804  -18.781  37.111 0.0000000000
47992  -22.352  -19.691  35.386 0.0000000000
45768  -22.056  -21.213  34.863 0.0000000000
45778  -22.563  -20.670  34.404 0.0000000000
47941  -35.347  -19.154  38.808 0.0000000000
46849  -34.204  -20.307  39.197 0.0000000000
47955  -33.777  -19.551  37.134 0.0000000000
47976  -32.966  -19.929  36.108 0.0000000000
46925  -31.159  -20.461  34.744 0.0000000000
58865  -42.508  -9.424  24.543 0.0000000000
58875  -43.070  -8.886  24.108 0.0000000000
58855  -43.895  -8.822  26.074 0.0000000000
60027  -44.804  -8.457  26.199 0.0000000000
60029  -46.617  -8.311  26.511 0.0000000000
59992  -45.830  -8.150  28.951 0.0000000000
60008  -47.766  -8.377  27.722 0.0000000000
60020  -48.319  -8.563  26.873 0.0000000000
58834  -49.185  -8.866  26.666 0.0000000000
137074  -50.403  -8.898  27.645 0.0000000000
57691  -51.614  -9.155  28.283 0.0000000000
50968  -47.443  -16.304  40.339 0.0000000000
48914  -46.875  -17.693  39.478 0.0000000000
49965  -47.422  -17.277  38.500 0.0000000000
49989  -46.327  -17.261  35.859 0.0000000000
50986  -44.789  -16.829  34.210 0.0000000000
52056  -47.356  -14.938  35.091 0.0000000000
50998  -44.915  -15.903  34.108 0.0000000000
51006  -42.871  -16.351  33.028 0.0000000000
51025  -41.274  -16.006  31.448 0.0000000000
51045  -40.079  -15.821  29.454 0.0000000000
52115  -39.525  -15.291  28.020 0.0000000000
53180  -38.322  -14.873  26.282 0.0000000000
53172  -39.586  -14.168  28.037 0.0000000000
54303  -39.999  -13.206  27.832 0.0000000000
55445  -40.266  -12.195  26.788 0.0000000000
55430  -43.389  -11.696  29.833 0.0000000000
55441  -42.027  -11.631  28.207 0.0000000000
56576  -40.758  -11.563  26.361 0.0000000000
56584  -41.913  -10.739  26.255 0.0000000000
57705  -42.272  -10.217  25.799 0.0000000000
71891  -60.293  2.434  18.145 0.0000000000
143128  -60.596  5.060  18.077 0.0000000000
74087  -61.323  4.370  16.894 0.0000000000
75165  -61.380  5.192  15.546 0.0000000000
75172  -61.439  5.424  14.792 0.0000000000
74109  -62.035  4.774  13.378 0.0000000000
135478  -28.134  -20.291  50.458 0.0000000000
132626  -27.023  -20.435  48.627 0.0000000000
46735  -27.823  -20.451  47.604 0.0000000000
132412  -27.748  -20.382  46.214 0.0000000000
46795  -28.179  -20.051  44.213 0.0000000000
46770  -30.645  -20.289  45.225 0.0000000000
140485  -29.013  -19.958  43.972 0.0000000000
157610  -27.918  -19.978  42.570 0.0000000000
47905  -27.183  -19.621  40.335 0.0000000000
47939  -27.240  -19.787  38.652 0.0000000000
46897  -26.739  -20.360  36.794 0.0000000000
60064  -43.818  -8.512  22.720 0.0000000000
60074  -44.620  -8.501  21.422 0.0000000000
58876  -47.288  -8.840  22.894 0.0000000000
63292  -50.865  -6.135  20.434 0.0000000000
64293  -50.817  -4.581  20.655 0.0000000000
46743  -38.634  -20.417  47.382 0.0000000000
44653  -37.046  -21.686  46.090 0.0000000000
45661  -38.510  -21.461  45.562 0.0000000000
45681  -38.739  -21.405  43.333 0.0000000000
46818  -37.872  -20.586  41.402 0.0000000000
45711  -41.036  -20.620  42.294 0.0000000000
145444  -38.951  -20.100  40.648 0.0000000000
47925  -37.131  -19.486  39.800 0.0000000000
48917  -36.792  -18.444  38.225 0.0000000000
48933  -36.197  -17.934  36.776 0.0000000000
49984  -35.809  -17.647  35.208 0.0000000000
47962  -45.322  -19.330  37.796 0.0000000000
46902  -43.777  -19.904  37.204 0.0000000000
47980  -41.794  -19.659  36.541 0.0000000000
48035  -41.021  -18.743  32.838 0.0000000000
48014  -40.844  -19.145  34.017 0.0000000000
48953  -39.627  -18.676  35.280 0.0000000000
147545  -38.085  -17.947  34.514 0.0000000000
50002  -36.557  -17.507  34.445 0.0000000000
53190  -37.378  -15.098  25.369 0.0000000000
59905  -50.213  -8.427  35.712 0.0000000000
61111  -49.086  -7.029  35.296 0.0000000000
48788  -24.803  -18.051  53.607 0.0000000000
135417  -28.103  -19.368  52.233 0.0000000000
47763  -29.468  -19.727  51.543 0.0000000000
47764  -30.318  -19.401  51.607 0.0000000000
47780  -34.239  -19.208  50.016 0.0000000000
47781  -35.239  -19.019  50.059 0.0000000000
47794  -36.593  -19.275  49.296 0.0000000000
47796  -38.114  -18.809  48.761 0.0000000000
47809  -39.294  -19.003  47.970 0.0000000000
157829  -40.511  -18.573  47.152 0.0000000000
48879  -41.641  -18.201  46.540 0.0000000000
132971  -42.504  -16.892  46.315 0.0000000000
48881  -43.190  -18.032  45.422 0.0000000000
49939  -44.083  -17.273  44.437 0.0000000000
50951  -44.260  -16.693  43.133 0.0000000000
52023  -46.013  -15.958  41.938 0.0000000000
53061  -47.000  -14.917  41.725 0.0000000000
53072  -48.098  -14.426  40.844 0.0000000000
54213  -48.875  -13.291  40.351 0.0000000000
59892  -50.986  -9.148  37.090 0.0000000000
62171  -48.470  -5.749  34.562 0.0000000000
63206  -48.824  -5.338  33.837 0.0000000000
62205  -49.558  -6.337  32.874 0.0000000000
133056  -51.244  -3.579  35.683 0.0000000000
62183  -51.238  -5.981  34.322 0.0000000000
61140  -51.084  -7.766  32.965 0.0000000000
58749  -52.062  -9.100  32.067 0.0000000000
58788  -52.491  -9.441  30.541 0.0000000000
58808  -53.597  -9.067  29.089 0.0000000000
61158  -54.980  -6.529  31.014 0.0000000000
59984  -54.876  -7.895  29.793 0.0000000000
58839  -53.893  -8.528  27.725 0.0000000000
58862  -54.078  -8.015  26.339 0.0000000000
60048  -54.065  -7.486  24.906 0.0000000000
61224  -54.005  -7.046  23.610 0.0000000000
62249  -56.648  -5.315  25.591 0.0000000000
62258  -55.270  -6.208  23.842 0.0000000000
62261  -54.328  -6.463  22.572 0.0000000000
63281  -54.119  -5.833  22.093 0.0000000000
64282  -53.116  -4.673  21.490 0.0000000000
64281  -51.655  -4.052  20.840 0.0000000000
69421  -57.021  0.085  24.407 0.0000000000
68388  -57.132  -0.784  23.090 0.0000000000
69460  -56.232  1.114  22.690 0.0000000000
68387  -55.797  -0.301  22.076 0.0000000000
67361  -55.939  -1.411  21.956 0.0000000000
136874  -54.378  -1.974  21.207 0.0000000000
66307  -52.377  -2.363  20.372 0.0000000000
65310  -51.057  -2.973  20.062 0.0000000000
66333  -50.261  -2.235  18.483 0.0000000000
67413  -50.499  -1.507  17.095 0.0000000000
67434  -50.334  -1.279  15.532 0.0000000000
68482  -53.274  -0.102  16.581 0.0000000000
68498  -51.642  -0.596  15.135 0.0000000000
67440  -50.733  -0.840  13.779 0.0000000000
70728  -59.413  2.004  16.990 0.0000000000
70739  -57.429  1.771  15.880 0.0000000000
70759  -56.039  2.107  14.060 0.0000000000
132235  -58.436  3.392  13.461 0.0000000000
71956  -56.603  2.813  12.661 0.0000000000
70762  -55.094  2.087  12.769 0.0000000000
48845  -22.011  -18.176  48.952 0.0000000000
46750  -25.439  -20.364  46.250 0.0000000000
46764  -24.580  -20.230  45.287 0.0000000000
47851  -23.406  -19.807  44.006 0.0000000000
47892  -24.098  -19.772  41.392 0.0000000000
47891  -23.225  -19.591  41.348 0.0000000000
132622  -21.921  -19.400  41.731 0.0000000000
47889  -21.029  -19.509  41.199 0.0000000000
132933  -35.736  -21.873  44.206 0.0000000000
150101  -33.974  -21.612  43.083 0.0000000000
44686  -32.101  -21.382  40.987 0.0000000000
45739  -32.855  -21.137  39.046 0.0000000000
154012  -31.740  -21.322  39.027 0.0000000000
45727  -30.767  -21.384  39.360 0.0000000000
45734  -28.935  -21.318  37.865 0.0000000000
46898  -28.008  -21.300  36.661 0.0000000000
46922  -26.213  -20.588  34.214 0.0000000000
48020  -30.608  -19.624  33.039 0.0000000000
46932  -29.296  -20.632  33.189 0.0000000000
45796  -28.721  -21.043  33.571 0.0000000000
45794  -27.055  -21.123  32.993 0.0000000000
45793  -26.050  -21.143  32.530 0.0000000000
45792  -25.057  -20.980  32.648 0.0000000000
58719  -48.764  -8.745  33.695 0.0000000000
59934  -48.037  -7.932  33.339 0.0000000000
59919  -48.721  -8.065  34.116 0.0000000000
59921  -49.935  -8.731  35.027 0.0000000000
57611  -49.740  -10.191  34.307 0.0000000000
58735  -49.112  -9.676  33.658 0.0000000000
64307  -49.294  -4.744  19.600 0.0000000000
65308  -49.476  -3.814  19.354 0.0000000000
137035  -36.706  -20.428  48.341 0.0000000000
45631  -35.569  -21.103  47.852 0.0000000000
45640  -36.941  -21.228  47.242 0.0000000000
132552  -41.815  -9.130  22.331 0.0000000000
58888  -42.470  -8.979  22.875 0.0000000000
58848  -51.829  -8.984  26.588 0.0000000000
58858  -51.314  -9.166  25.951 0.0000000000
58859  -52.098  -8.927  25.798 0.0000000000
58849  -52.617  -8.824  26.468 0.0000000000
49952  -45.928  -16.943  41.413 0.0000000000
153804  -45.379  -17.610  41.013 0.0000000000
48906  -46.357  -17.462  40.572 0.0000000000
51075  -38.823  -16.007  26.919 0.0000000000
51056  -38.861  -16.714  27.107 0.0000000000
57731  -41.015  -9.852  23.263 0.0000000000
58887  -41.119  -9.571  22.605 0.0000000000
71867  -59.360  2.852  19.493 0.0000000000
138683  -59.026  1.994  19.840 0.0000000000
70690  -59.389  2.310  19.287 0.0000000000
70704  -58.793  1.546  18.365 0.0000000000
139759  -59.581  2.064  18.873 0.0000000000
148258  -26.040  -20.157  50.385 0.0000000000
135547  -25.962  -20.239  49.607 0.0000000000
47995  -25.935  -19.889  35.589 0.0000000000
48009  -25.234  -19.436  35.152 0.0000000000
46920  -24.064  -19.752  33.979 0.0000000000
46929  -24.738  -20.269  33.395 0.0000000000
48967  -34.158  -18.035  34.787 0.0000000000
48966  -33.441  -18.337  34.495 0.0000000000
57690  -44.151  -9.892  29.172 0.0000000000
58820  -44.342  -9.196  28.563 0.0000000000
61168  -48.612  -7.149  31.407 0.0000000000
59968  -49.230  -8.067  31.015 0.0000000000
59969  -50.207  -8.606  31.475 0.0000000000
53113  -49.647  -13.848  37.897 0.0000000000
52048  -48.772  -14.803  37.171 0.0000000000
53118  -49.306  -14.111  36.751 0.0000000000
54269  -44.717  -12.982  32.254 0.0000000000
53138  -45.118  -13.605  32.864 0.0000000000
53146  -43.755  -13.142  32.013 0.0000000000
54275  -42.378  -13.584  31.378 0.0000000000
133670  -42.459  -13.017  30.677 0.0000000000
54291  -42.147  -12.682  29.906 0.0000000000
54285  -43.305  -12.499  30.688 0.0000000000
57677  -44.131  -10.641  29.633 0.0000000000
57689  -43.750  -10.403  28.992 0.0000000000
57697  -43.509  -10.127  28.221 0.0000000000
158584  -31.567  -20.012  49.777 0.0000000000
46718  -30.699  -20.515  48.756 0.0000000000
46700  -31.356  -20.276  49.159 0.0000000000
45689  -31.379  -21.157  42.330 0.0000000000
132505  -30.580  -20.701  42.361 0.0000000000
156317  -29.645  -20.923  40.331 0.0000000000
46830  -30.276  -21.169  40.687 0.0000000000
132337  -46.593  -8.397  24.913 0.0000000000
57732  -48.891  -9.833  21.994 0.0000000000
60067  -53.101  -7.888  22.603 0.0000000000
60077  -53.044  -7.857  21.872 0.0000000000
61238  -53.276  -7.532  21.862 0.0000000000
61239  -53.704  -7.120  22.160 0.0000000000
47841  -41.718  -19.523  45.603 0.0000000000
46774  -41.275  -20.211  45.227 0.0000000000
46775  -42.054  -19.938  44.843 0.0000000000
47945  -41.057  -19.590  38.484 0.0000000000
156146  -40.594  -19.433  38.803 0.0000000000
47958  -39.693  -18.759  37.841 0.0000000000
48937  -40.186  -18.940  36.991 0.0000000000
48984  -43.782  -17.974  34.129 0.0000000000
48972  -44.225  -18.376  34.734 0.0000000000
48983  -43.062  -18.290  33.789 0.0000000000
49022  -37.356  -18.629  30.485 0.0000000000
49007  -38.133  -18.624  31.177 0.0000000000
49006  -37.195  -18.323  31.559 0.0000000000
49005  -36.482  -18.327  30.873 0.0000000000
55454  -38.573  -12.214  24.746 0.0000000000
62186  -53.738  -5.774  33.331 0.0000000000
64224  -56.921  -4.216  28.799 0.0000000000
147416  -56.479  -4.257  29.465 0.0000000000
144830  -56.575  -4.928  29.188 0.0000000000
63238  -56.419  -5.576  29.144 0.0000000000
62232  -56.642  -5.760  28.086 0.0000000000
62239  -56.564  -6.058  27.100 0.0000000000
63258  -57.070  -5.139  27.282 0.0000000000
66279  -57.378  -2.991  23.139 0.0000000000
65264  -56.807  -3.516  22.828 0.0000000000
145179  -56.449  -3.097  22.258 0.0000000000
65262  -55.446  -3.784  21.900 0.0000000000
157767  -56.059  4.201  24.473 0.0000000000
139442  -56.376  2.803  24.274 0.0000000000
69510  -54.640  -0.023  19.250 0.0000000000
68448  -53.941  -0.408  19.466 0.0000000000
67395  -53.152  -0.816  19.641 0.0000000000
145748  -53.490  -0.440  18.919 0.0000000000
68464  -53.451  -0.331  18.172 0.0000000000
70751  -54.705  1.213  14.446 0.0000000000
131738  -53.954  0.762  14.439 0.0000000000
69581  -54.125  1.186  13.684 0.0000000000
69583  -53.724  1.184  12.973 0.0000000000
151052  -60.050  2.895  14.975 0.0000000000
71935  -60.185  3.161  14.339 0.0000000000
150885  -22.590  -17.884  51.871 0.0000000000
47839  -22.614  -19.375  45.373 0.0000000000
133451  -21.951  -19.165  44.687 0.0000000000
47849  -21.270  -19.146  43.981 0.0000000000
133101  -22.001  -19.353  43.582 0.0000000000
46794  -26.905  -20.144  43.681 0.0000000000
46793  -26.069  -20.241  43.665 0.0000000000
139646  -25.942  -20.128  42.358 0.0000000000
45757  -20.871  -21.644  35.876 0.0000000000
46817  -36.964  -20.708  41.327 0.0000000000
45723  -36.068  -20.799  41.157 0.0000000000
138117  -35.726  -20.395  40.533 0.0000000000
46914  -30.636  -21.020  35.289 0.0000000000
45774  -30.907  -21.172  36.099 0.0000000000
45784  -29.813  -21.186  35.090 0.0000000000
45772  -29.292  -21.423  35.653 0.0000000000
140573  -29.111  -21.301  34.947 0.0000000000
58764  -45.981  -8.901  31.091 0.0000000000
61152  -47.250  -7.467  31.888 0.0000000000
62194  -47.722  -6.835  32.410 0.0000000000
155639  -48.038  -6.399  32.574 0.0000000000
145226  -50.608  -11.744  36.163 0.0000000000
55362  -49.723  -12.722  35.277 0.0000000000
55363  -50.214  -12.115  35.568 0.0000000000
56522  -48.927  -11.676  33.457 0.0000000000
55383  -48.478  -12.310  33.335 0.0000000000
55396  -47.829  -12.295  32.724 0.0000000000
55394  -46.386  -12.462  32.247 0.0000000000
55395  -47.028  -12.105  32.291 0.0000000000
55409  -46.249  -11.817  31.894 0.0000000000
57640  -47.273  -10.113  32.030 0.0000000000
57652  -46.527  -10.641  31.683 0.0000000000
57666  -45.344  -10.357  30.836 0.0000000000
63311  -48.386  -5.543  18.339 0.0000000000
150812  -48.647  -3.136  17.536 0.0000000000
66353  -48.809  -2.483  16.505 0.0000000000
141324  -33.791  -20.111  49.056 0.0000000000
46721  -33.357  -20.360  48.397 0.0000000000
46722  -34.194  -20.630  48.453 0.0000000000
45658  -34.361  -21.671  45.530 0.0000000000
45657  -33.631  -21.438  45.732 0.0000000000
45670  -33.831  -21.590  44.940 0.0000000000
137660  -32.673  -21.318  44.207 0.0000000000
45680  -33.283  -21.535  43.638 0.0000000000
58845  -49.290  -9.026  25.888 0.0000000000
156521  -48.724  -8.994  24.993 0.0000000000
153160  -49.247  -9.219  25.136 0.0000000000
58869  -50.858  -9.631  24.622 0.0000000000
57712  -50.193  -9.690  24.007 0.0000000000
57720  -49.876  -9.822  23.127 0.0000000000
57721  -50.653  -9.845  23.386 0.0000000000
57734  -50.339  -9.925  22.631 0.0000000000
57722  -51.412  -9.636  23.619 0.0000000000
147540  -52.574  -8.721  24.486 0.0000000000
57723  -52.168  -9.153  23.912 0.0000000000
157061  -52.693  -8.545  23.934 0.0000000000
142989  -53.547  -7.694  24.309 0.0000000000
47854  -43.763  -18.480  43.229 0.0000000000
47867  -43.466  -19.078  43.113 0.0000000000
47868  -43.675  -18.404  42.482 0.0000000000
46825  -44.467  -18.643  40.409 0.0000000000
46824  -43.776  -18.701  40.766 0.0000000000
46855  -43.727  -19.726  39.895 0.0000000000
134840  -43.190  -20.128  39.446 0.0000000000
137438  -43.130  -20.216  38.692 0.0000000000
50065  -41.204  -16.763  31.578 0.0000000000
50064  -40.629  -17.016  31.124 0.0000000000
50078  -39.939  -17.109  29.803 0.0000000000
139196  -38.325  -17.898  28.242 0.0000000000
49050  -39.047  -17.752  28.780 0.0000000000
49048  -37.603  -18.356  28.913 0.0000000000
50094  -37.348  -18.109  28.043 0.0000000000
50093  -36.584  -18.109  27.885 0.0000000000
137609  -37.036  -17.763  27.287 0.0000000000
56589  -40.358  -11.006  24.852 0.0000000000
56588  -39.667  -11.323  24.593 0.0000000000
56596  -40.113  -10.762  24.117 0.0000000000
67289  -57.231  -2.386  27.932 0.0000000000
66197  -57.515  -2.815  27.567 0.0000000000
68342  -57.223  -1.595  26.077 0.0000000000
144782  -57.616  -1.885  25.685 0.0000000000
67340  -57.846  -1.737  25.006 0.0000000000
67346  -57.993  -1.813  24.424 0.0000000000
68359  -57.849  -1.165  24.604 0.0000000000
74028  -58.319  4.337  21.629 0.0000000000
75083  -57.917  5.298  21.847 0.0000000000
74023  -57.856  4.405  22.224 0.0000000000
72954  -58.077  4.010  22.034 0.0000000000
71843  -57.964  2.957  21.879 0.0000000000
69514  -58.375  1.264  19.728 0.0000000000
69498  -58.200  1.409  20.421 0.0000000000
69512  -56.346  0.755  18.917 0.0000000000
69533  -56.427  0.867  17.903 0.0000000000
69557  -57.078  1.223  16.863 0.0000000000
69546  -56.437  0.987  17.109 0.0000000000
69556  -56.481  1.117  16.579 0.0000000000
69565  -55.625  0.978  15.921 0.0000000000
71952  -61.370  2.928  13.689 0.0000000000
71951  -60.437  2.988  13.629 0.0000000000
47749  -24.593  -19.098  52.059 0.0000000000
47760  -23.921  -19.173  50.714 0.0000000000
47775  -24.555  -19.514  50.497 0.0000000000
46714  -24.463  -20.033  48.448 0.0000000000
46731  -23.742  -19.949  46.957 0.0000000000
46748  -24.002  -20.150  45.879 0.0000000000
140176  -26.224  -19.456  40.112 0.0000000000
47920  -25.693  -19.241  39.195 0.0000000000
135809  -23.743  -18.854  36.034 0.0000000000
47972  -22.819  -19.133  36.025 0.0000000000
46910  -22.703  -19.890  34.688 0.0000000000
135698  -23.938  -22.814  33.677 0.0000000000
44746  -23.271  -21.974  33.871 0.0000000000
47957  -35.063  -18.860  38.039 0.0000000000
47956  -34.291  -19.232  37.608 0.0000000000
47997  -32.662  -19.661  35.318 0.0000000000
47996  -31.952  -20.083  34.975 0.0000000000
48011  -31.534  -19.769  34.168 0.0000000000
58853  -42.641  -9.632  25.314 0.0000000000
58854  -43.338  -9.112  25.532 0.0000000000
154722  -45.247  -8.391  27.389 0.0000000000
60028  -45.531  -8.319  26.788 0.0000000000
132067  -46.025  -8.299  25.875 0.0000000000
59979  -45.845  -8.135  29.826 0.0000000000
153345  -46.565  -7.933  29.257 0.0000000000
156792  -48.120  -8.442  28.287 0.0000000000
59993  -47.095  -8.072  28.533 0.0000000000
58821  -48.889  -8.756  27.606 0.0000000000
58806  -50.464  -9.275  29.234 0.0000000000
58823  -50.420  -9.007  28.435 0.0000000000
58824  -51.075  -9.146  28.776 0.0000000000
58836  -50.987  -8.973  27.986 0.0000000000
57680  -51.771  -9.380  29.059 0.0000000000
152332  -47.725  -16.080  39.938 0.0000000000
49963  -47.622  -16.720  39.356 0.0000000000
50973  -47.896  -16.231  38.916 0.0000000000
50978  -47.524  -16.405  36.708 0.0000000000
49976  -47.264  -17.170  37.006 0.0000000000
50006  -46.018  -16.891  35.125 0.0000000000
53127  -47.938  -14.200  34.940 0.0000000000
53126  -47.201  -14.421  34.446 0.0000000000
52071  -43.730  -14.777  33.272 0.0000000000
52061  -45.155  -15.019  33.848 0.0000000000
52060  -44.332  -15.376  33.673 0.0000000000
51007  -43.564  -15.848  33.390 0.0000000000
51016  -42.339  -15.921  32.497 0.0000000000
155009  -41.805  -15.476  31.965 0.0000000000
53152  -41.011  -14.564  30.623 0.0000000000
52095  -40.424  -15.215  30.080 0.0000000000
52104  -40.151  -14.858  29.367 0.0000000000
52103  -39.857  -15.528  28.770 0.0000000000
53171  -39.169  -14.756  27.417 0.0000000000
54304  -40.752  -12.656  28.218 0.0000000000
54310  -39.779  -12.901  27.155 0.0000000000
55439  -40.520  -12.432  27.508 0.0000000000
55431  -44.024  -11.423  30.166 0.0000000000
56567  -42.698  -11.356  28.558 0.0000000000
56572  -41.769  -11.474  27.457 0.0000000000
56577  -41.513  -11.268  26.685 0.0000000000
56578  -42.172  -11.010  27.026 0.0000000000
57702  -42.489  -10.493  26.593 0.0000000000
57706  -42.805  -9.865  26.128 0.0000000000
57711  -42.086  -9.966  25.018 0.0000000000
140628  -61.035  6.135  16.860 0.0000000000
75152  -61.301  5.350  16.360 0.0000000000
155363  -61.212  6.060  16.265 0.0000000000
76243  -61.506  6.279  14.579 0.0000000000
75177  -61.667  5.570  13.914 0.0000000000
132058  -28.653  -20.414  49.905 0.0000000000
132422  -28.341  -20.511  49.078 0.0000000000
132415  -29.307  -20.473  46.737 0.0000000000
46736  -28.571  -20.487  47.251 0.0000000000
46768  -28.315  -20.308  45.592 0.0000000000
151132  -28.041  -20.197  44.940 0.0000000000
46782  -28.759  -20.166  44.867 0.0000000000
149028  -31.781  -20.558  46.071 0.0000000000
46756  -31.662  -20.472  46.738 0.0000000000
134879  -31.118  -20.359  46.115 0.0000000000
46805  -29.877  -20.178  42.799 0.0000000000
141184  -29.842  -20.013  43.664 0.0000000000
47866  -29.155  -20.007  43.106 0.0000000000
47865  -28.277  -20.009  43.295 0.0000000000
47896  -28.043  -19.860  41.793 0.0000000000
134526  -27.816  -19.764  40.958 0.0000000000
46862  -28.034  -20.382  38.761 0.0000000000
47922  -27.664  -19.860  39.479 0.0000000000
46878  -27.557  -20.396  37.938 0.0000000000
46877  -26.966  -20.195  37.426 0.0000000000
60044  -43.682  -8.671  24.603 0.0000000000
58889  -43.133  -8.775  23.269 0.0000000000
60052  -43.946  -8.485  23.617 0.0000000000
60066  -45.432  -8.496  22.544 0.0000000000
60065  -44.553  -8.478  22.196 0.0000000000
131651  -45.200  -8.557  21.818 0.0000000000
58866  -48.187  -8.905  24.018 0.0000000000
58877  -47.642  -8.822  23.446 0.0000000000
150814  -47.773  -9.002  22.870 0.0000000000
131627  -47.028  -9.352  20.762 0.0000000000
57748  -50.853  -9.755  22.051 0.0000000000
140030  -51.615  -9.039  21.216 0.0000000000
60087  -52.024  -8.264  20.544 0.0000000000
154825  -52.097  -7.696  20.164 0.0000000000
62276  -51.634  -6.325  20.788 0.0000000000
63293  -51.228  -5.545  20.914 0.0000000000
63285  -51.942  -4.840  21.217 0.0000000000
151011  -39.388  -20.187  47.171 0.0000000000
45652  -38.360  -21.310  46.324 0.0000000000
155462  -39.010  -21.250  46.029 0.0000000000
45682  -39.761  -21.299  43.665 0.0000000000
138015  -39.014  -21.423  44.089 0.0000000000
45694  -38.789  -21.197  42.563 0.0000000000
45708  -38.378  -20.982  41.991 0.0000000000
45709  -39.255  -20.953  42.018 0.0000000000
46808  -42.543  -19.888  42.338 0.0000000000
46807  -41.817  -20.398  42.737 0.0000000000
46821  -41.267  -20.298  41.495 0.0000000000
47927  -39.017  -19.385  39.561 0.0000000000
47910  -39.416  -19.849  40.144 0.0000000000
47909  -38.567  -19.767  40.145 0.0000000000
47926  -38.054  -19.290  39.559 0.0000000000
48912  -37.203  -18.906  39.104 0.0000000000
48918  -38.053  -18.841  38.926 0.0000000000
49974  -37.587  -17.792  36.591 0.0000000000
49968  -36.953  -17.972  37.218 0.0000000000
49973  -36.808  -17.749  36.329 0.0000000000
49972  -36.007  -17.797  36.056 0.0000000000
49985  -36.675  -17.620  35.465 0.0000000000
48926  -46.404  -18.512  37.959 0.0000000000
47947  -46.054  -18.936  38.731 0.0000000000
47985  -45.835  -18.948  37.350 0.0000000000
48002  -43.309  -19.340  35.647 0.0000000000
47982  -43.565  -19.672  36.479 0.0000000000
47981  -42.674  -19.669  36.266 0.0000000000
134517  -42.020  -19.505  35.801 0.0000000000
49009  -40.213  -17.998  31.699 0.0000000000
48992  -41.333  -18.321  32.542 0.0000000000
48049  -40.626  -18.368  32.247 0.0000000000
48991  -39.207  -18.946  32.784 0.0000000000
48023  -39.866  -18.999  32.954 0.0000000000
48981  -39.307  -18.891  33.510 0.0000000000
48970  -40.230  -19.075  34.631 0.0000000000
48969  -39.446  -18.742  34.375 0.0000000000
48952  -38.799  -18.184  35.043 0.0000000000
48968  -38.733  -18.407  34.068 0.0000000000
50032  -36.380  -17.539  32.791 0.0000000000
146685  -36.886  -17.607  33.495 0.0000000000
50020  -36.030  -17.425  33.591 0.0000000000
50019  -35.183  -17.426  33.595 0.0000000000
50031  -35.562  -17.382  32.877 0.0000000000
53191  -37.826  -14.434  25.621 0.0000000000
131841  -24.085  -18.094  53.260 0.0000000000
47741  -29.171  -18.677  52.738 0.0000000000
47779  -33.420  -18.939  50.062 0.0000000000
48848  -38.340  -18.171  48.785 0.0000000000
47808  -38.532  -19.281  48.234 0.0000000000
48859  -38.751  -18.519  48.360 0.0000000000
47822  -41.041  -18.854  46.711 0.0000000000
49923  -41.465  -17.487  46.877 0.0000000000
51992  -42.612  -15.340  46.224 0.0000000000
50937  -42.870  -16.230  46.089 0.0000000000
49931  -42.896  -17.518  45.996 0.0000000000
49938  -43.551  -17.254  45.317 0.0000000000
48889  -43.824  -17.911  44.775 0.0000000000
50944  -43.896  -16.612  44.813 0.0000000000
53049  -43.938  -14.462  43.418 0.0000000000
52008  -44.175  -16.109  43.509 0.0000000000
52014  -44.188  -15.323  42.961 0.0000000000
52016  -45.210  -16.035  42.181 0.0000000000
150868  -44.922  -15.284  42.390 0.0000000000
53060  -46.408  -14.660  42.075 0.0000000000
131965  -46.944  -14.051  41.893 0.0000000000
147792  -47.601  -14.692  41.279 0.0000000000
54195  -47.572  -13.426  41.751 0.0000000000
54204  -48.657  -12.770  41.004 0.0000000000
135067  -49.095  -12.585  40.384 0.0000000000
54214  -49.384  -12.860  39.850 0.0000000000
58694  -50.666  -9.086  36.198 0.0000000000
62160  -49.144  -5.555  36.034 0.0000000000
62172  -48.755  -6.074  35.282 0.0000000000
157092  -48.886  -4.885  35.734 0.0000000000
64170  -48.888  -4.649  34.814 0.0000000000
63194  -49.221  -4.947  34.305 0.0000000000
62196  -49.118  -5.713  33.331 0.0000000000
62182  -50.237  -5.229  34.389 0.0000000000
144227  -53.014  -6.258  34.047 0.0000000000
63196  -52.253  -5.705  34.585 0.0000000000
62184  -52.217  -6.675  34.041 0.0000000000
62198  -51.193  -6.600  33.832 0.0000000000
142134  -51.670  -7.285  33.505 0.0000000000
59951  -51.572  -8.521  32.561 0.0000000000
59935  -52.082  -8.073  33.164 0.0000000000
58752  -53.660  -8.180  31.990 0.0000000000
58768  -53.360  -8.939  31.360 0.0000000000
150106  -53.802  -8.837  30.783 0.0000000000
57682  -53.136  -9.301  29.431 0.0000000000
58789  -53.617  -9.074  29.981 0.0000000000
147453  -55.472  -4.062  31.064 0.0000000000
62200  -54.903  -5.517  31.714 0.0000000000
63220  -55.266  -5.401  31.216 0.0000000000
141168  -55.731  -6.974  28.606 0.0000000000
59997  -55.364  -7.412  29.446 0.0000000000
60009  -54.957  -7.869  28.472 0.0000000000
58827  -54.572  -8.321  28.959 0.0000000000
58851  -54.324  -8.076  27.246 0.0000000000
60032  -54.761  -7.605  26.809 0.0000000000
60050  -55.140  -6.862  25.527 0.0000000000
141926  -54.607  -7.288  25.480 0.0000000000
60049  -54.636  -7.052  24.897 0.0000000000
60057  -54.063  -7.223  24.296 0.0000000000
61225  -54.744  -6.749  24.201 0.0000000000
64253  -57.382  -4.111  25.451 0.0000000000
63273  -57.095  -4.814  25.908 0.0000000000
63272  -57.025  -4.581  25.193 0.0000000000
63279  -56.237  -4.866  23.464 0.0000000000
147210  -56.217  -5.203  23.983 0.0000000000
63278  -55.748  -5.566  23.603 0.0000000000
62262  -55.102  -6.009  23.113 0.0000000000
63282  -54.765  -5.597  22.436 0.0000000000
64283  -53.950  -4.238  21.554 0.0000000000
65274  -52.477  -3.922  21.065 0.0000000000
70623  -56.591  0.986  24.472 0.0000000000
145780  -57.642  -0.837  23.679 0.0000000000
68371  -57.129  -0.011  23.719 0.0000000000
70649  -57.015  2.236  22.187 0.0000000000
71831  -56.877  2.432  22.860 0.0000000000
70648  -56.536  1.769  22.449 0.0000000000
69477  -54.812  -0.142  21.044 0.0000000000
137646  -55.338  0.086  21.635 0.0000000000
68407  -55.172  -0.701  21.537 0.0000000000
67372  -55.056  -1.683  21.467 0.0000000000
67381  -52.682  -1.549  20.091 0.0000000000
66308  -53.142  -2.107  20.654 0.0000000000
149787  -51.727  -2.497  20.093 0.0000000000
66320  -51.329  -2.171  19.541 0.0000000000
65309  -50.588  -2.532  19.299 0.0000000000
66334  -50.981  -1.830  18.794 0.0000000000
67414  -51.251  -1.084  17.361 0.0000000000
67425  -51.002  -1.022  16.386 0.0000000000
67424  -50.217  -1.476  16.359 0.0000000000
68474  -53.980  0.142  16.997 0.0000000000
68499  -52.307  -0.175  14.708 0.0000000000
134476  -51.473  -0.529  14.291 0.0000000000
67438  -50.777  -0.920  14.753 0.0000000000
71899  -60.612  2.464  17.444 0.0000000000
70717  -60.116  2.119  17.781 0.0000000000
70729  -60.065  2.100  17.171 0.0000000000
70755  -58.037  2.317  15.277 0.0000000000
70754  -57.159  2.101  15.089 0.0000000000
71931  -56.846  2.412  14.211 0.0000000000
142032  -59.388  3.325  12.757 0.0000000000
71949  -59.176  3.323  13.843 0.0000000000
71957  -58.325  3.529  12.390 0.0000000000
142573  -56.646  2.940  11.808 0.0000000000
71946  -55.897  2.363  13.174 0.0000000000
47788  -22.752  -18.606  49.434 0.0000000000
47805  -22.614  -18.757  48.570 0.0000000000
47817  -21.789  -18.558  47.319 0.0000000000
47838  -19.952  -18.821  44.813 0.0000000000
151829  -20.175  -19.572  42.204 0.0000000000
47871  -19.590  -19.694  42.526 0.0000000000
156750  -19.427  -20.309  41.181 0.0000000000
132419  -27.084  -20.427  47.920 0.0000000000
46734  -26.371  -20.399  47.523 0.0000000000
46751  -26.257  -20.412  46.637 0.0000000000
46792  -25.203  -20.232  43.733 0.0000000000
46778  -24.840  -20.218  44.558 0.0000000000
46791  -24.303  -20.112  43.857 0.0000000000
46763  -23.921  -20.077  44.819 0.0000000000
150111  -23.729  -19.986  43.028 0.0000000000
47919  -24.514  -19.295  39.611 0.0000000000
133618  -24.739  -19.600  40.669 0.0000000000
133619  -23.674  -19.504  40.481 0.0000000000
141766  -22.215  -19.465  40.174 0.0000000000
133620  -22.765  -19.476  40.734 0.0000000000
47890  -22.533  -19.475  41.353 0.0000000000
47874  -22.730  -19.546  41.981 0.0000000000
47903  -21.377  -19.572  40.307 0.0000000000
44733  -23.146  -22.252  34.940 0.0000000000
135883  -22.366  -21.996  35.089 0.0000000000
44660  -36.965  -21.812  44.880 0.0000000000
44659  -36.575  -21.842  45.542 0.0000000000
140156  -36.544  -21.786  44.208 0.0000000000
45704  -34.523  -21.332  41.778 0.0000000000
131571  -34.824  -21.617  42.989 0.0000000000
44689  -33.865  -21.400  41.815 0.0000000000
44679  -33.549  -21.504  42.237 0.0000000000
44688  -33.197  -21.429  41.517 0.0000000000
46865  -33.766  -20.374  38.568 0.0000000000
46848  -33.481  -20.811  39.115 0.0000000000
46864  -33.039  -20.845  38.232 0.0000000000
45746  -30.720  -21.398  37.634 0.0000000000
45737  -31.451  -21.331  38.335 0.0000000000
141335  -31.221  -21.383  38.962 0.0000000000
45728  -31.516  -21.350  39.575 0.0000000000
45736  -30.592  -21.411  38.505 0.0000000000
45726  -29.927  -21.309  39.075 0.0000000000
45735  -29.735  -21.386  38.264 0.0000000000
45758  -27.880  -21.386  35.818 0.0000000000
46913  -27.107  -21.101  35.477 0.0000000000
46923  -26.978  -21.048  34.575 0.0000000000
48029  -29.351  -19.637  31.685 0.0000000000
46939  -29.826  -19.997  32.684 0.0000000000
46938  -29.100  -20.267  32.370 0.0000000000
46948  -27.434  -20.975  30.654 0.0000000000
46937  -27.826  -20.721  31.563 0.0000000000
157359  -27.208  -21.105  31.529 0.0000000000
45813  -27.504  -21.062  32.383 0.0000000000
139745  -26.724  -21.392  31.110 0.0000000000
43762  -26.081  -22.846  30.822 0.0000000000
45811  -26.097  -21.600  31.625 0.0000000000
45810  -25.356  -21.612  32.026 0.0000000000
44769  -25.025  -22.261  31.811 0.0000000000
58748  -47.876  -9.606  32.534 0.0000000000
58747  -47.057  -8.932  32.079 0.0000000000
59949  -47.605  -8.483  32.633 0.0000000000
61138  -47.818  -6.904  33.232 0.0000000000
57597  -50.493  -10.355  35.504 0.0000000000
158461  -50.132  -11.472  35.023 0.0000000000
56511  -49.773  -11.180  34.424 0.0000000000
57630  -49.239  -10.827  33.687 0.0000000000
145433  -48.696  -11.061  33.078 0.0000000000
57641  -48.044  -10.785  32.503 0.0000000000
63301  -50.108  -5.932  20.031 0.0000000000
63300  -49.383  -5.596  19.569 0.0000000000
63299  -48.736  -5.232  19.061 0.0000000000
64322  -48.353  -4.858  18.485 0.0000000000
64336  -47.891  -4.943  17.727 0.0000000000
65329  -48.358  -4.104  18.115 0.0000000000
65330  -49.038  -3.455  18.556 0.0000000000
66332  -49.497  -2.658  18.115 0.0000000000
46723  -35.056  -20.671  48.478 0.0000000000
45630  -34.686  -21.111  47.838 0.0000000000
45639  -35.202  -21.357  47.176 0.0000000000
45659  -34.934  -21.724  46.001 0.0000000000
58847  -50.568  -9.195  26.176 0.0000000000
58856  -49.949  -9.308  25.675 0.0000000000
58857  -50.720  -9.427  25.412 0.0000000000
57714  -51.530  -9.501  24.301 0.0000000000
140070  -52.367  -8.843  25.102 0.0000000000
58871  -53.011  -8.464  25.033 0.0000000000
48900  -44.552  -17.377  41.872 0.0000000000
47869  -43.986  -17.953  41.862 0.0000000000
48904  -44.600  -17.655  41.450 0.0000000000
47898  -44.803  -18.229  40.650 0.0000000000
46841  -44.762  -19.083  39.881 0.0000000000
51034  -40.038  -16.539  29.593 0.0000000000
50096  -39.838  -16.887  29.023 0.0000000000
50111  -39.286  -16.977  27.780 0.0000000000
50110  -38.677  -17.355  27.506 0.0000000000
50124  -37.533  -17.332  26.801 0.0000000000
51072  -36.882  -16.647  25.925 0.0000000000
57716  -39.872  -10.524  23.323 0.0000000000
57717  -40.594  -10.286  23.635 0.0000000000
57730  -40.402  -9.981  22.805 0.0000000000
71844  -58.555  3.393  21.009 0.0000000000
132780  -58.469  2.904  21.121 0.0000000000
71854  -58.739  2.914  20.500 0.0000000000
70688  -58.915  1.616  19.670 0.0000000000
69535  -58.188  1.239  18.863 0.0000000000
69534  -57.282  1.070  18.423 0.0000000000
69548  -57.995  1.364  18.020 0.0000000000
70714  -57.828  1.486  17.254 0.0000000000
47762  -25.345  -19.497  51.636 0.0000000000
46680  -24.849  -19.861  49.973 0.0000000000
46681  -25.474  -20.086  50.033 0.0000000000
135510  -25.042  -20.139  48.811 0.0000000000
46715  -25.163  -20.242  48.155 0.0000000000
137434  -26.218  -19.350  37.785 0.0000000000
47937  -25.632  -19.091  38.116 0.0000000000
47952  -25.694  -19.116  37.115 0.0000000000
47994  -24.617  -19.008  35.616 0.0000000000
136807  -23.884  -19.063  35.220 0.0000000000
46919  -23.165  -20.136  34.046 0.0000000000
46928  -23.682  -20.501  33.441 0.0000000000
157364  -24.206  -22.895  32.932 0.0000000000
48931  -34.647  -18.417  36.369 0.0000000000
47978  -34.146  -18.957  36.829 0.0000000000
48949  -33.712  -18.584  35.258 0.0000000000
48948  -33.071  -19.010  34.891 0.0000000000
58831  -43.422  -9.810  27.361 0.0000000000
58844  -43.901  -9.004  26.885 0.0000000000
58832  -43.861  -9.376  27.736 0.0000000000
58833  -44.275  -9.068  28.026 0.0000000000
60005  -44.917  -8.563  28.017 0.0000000000
61178  -47.365  -7.526  30.648 0.0000000000
59981  -47.931  -7.865  29.921 0.0000000000
59995  -48.852  -8.655  29.379 0.0000000000
58785  -49.743  -9.147  29.741 0.0000000000
58786  -50.563  -9.473  30.091 0.0000000000
52042  -48.494  -15.031  38.626 0.0000000000
50976  -48.175  -15.680  38.461 0.0000000000
52045  -48.623  -15.130  37.928 0.0000000000
52044  -48.379  -15.415  37.422 0.0000000000
50983  -47.819  -15.688  36.401 0.0000000000
54265  -46.769  -13.552  33.107 0.0000000000
53131  -46.332  -14.122  33.529 0.0000000000
53137  -44.155  -13.762  32.834 0.0000000000
53136  -43.198  -14.187  32.697 0.0000000000
154755  -42.421  -14.843  32.388 0.0000000000
53153  -41.708  -13.954  31.072 0.0000000000
53165  -40.452  -13.813  29.202 0.0000000000
54290  -41.255  -13.181  29.597 0.0000000000
54298  -41.849  -12.406  29.236 0.0000000000
154344  -44.864  -11.091  30.635 0.0000000000
56560  -43.634  -11.252  29.592 0.0000000000
56561  -44.130  -11.045  29.930 0.0000000000
56569  -43.726  -10.868  29.348 0.0000000000
56574  -42.962  -10.961  28.195 0.0000000000
56579  -42.700  -10.740  27.406 0.0000000000
57696  -43.149  -10.469  27.818 0.0000000000
46685  -30.170  -20.301  50.285 0.0000000000
46698  -29.207  -20.557  49.307 0.0000000000
132420  -29.768  -20.650  48.645 0.0000000000
46738  -30.274  -20.581  47.889 0.0000000000
46737  -29.984  -20.536  47.132 0.0000000000
45668  -32.076  -21.033  44.818 0.0000000000
46785  -31.325  -20.616  44.531 0.0000000000
46797  -31.185  -20.693  43.658 0.0000000000
46796  -30.541  -20.358  43.263 0.0000000000
46815  -29.766  -20.385  42.002 0.0000000000
46829  -28.577  -20.038  41.053 0.0000000000
140839  -29.493  -20.575  41.112 0.0000000000
46863  -28.931  -21.064  38.788 0.0000000000
152452  -45.194  -8.314  24.657 0.0000000000
60046  -45.564  -8.316  24.033 0.0000000000
60054  -46.038  -8.441  23.310 0.0000000000
58892  -48.200  -9.307  22.538 0.0000000000
58906  -48.200  -9.551  21.798 0.0000000000
58895  -52.193  -8.825  22.455 0.0000000000
58908  -52.046  -8.612  21.623 0.0000000000
60076  -52.475  -8.163  21.246 0.0000000000
61244  -52.094  -7.169  20.487 0.0000000000
156692  -52.671  -7.385  20.985 0.0000000000
138026  -52.883  -6.152  21.584 0.0000000000
46758  -40.279  -20.230  46.277 0.0000000000
45653  -39.732  -20.883  45.985 0.0000000000
133747  -40.508  -20.516  45.565 0.0000000000
45673  -40.335  -21.120  44.341 0.0000000000
45696  -40.392  -21.105  42.918 0.0000000000
134841  -42.285  -20.002  40.490 0.0000000000
46837  -41.374  -20.155  40.709 0.0000000000
46866  -40.757  -19.669  39.310 0.0000000000
153992  -40.218  -19.351  38.989 0.0000000000
47944  -39.496  -19.081  38.834 0.0000000000
48919  -38.632  -18.598  38.360 0.0000000000
48934  -38.230  -17.998  36.938 0.0000000000
49987  -38.347  -17.913  36.018 0.0000000000
48956  -45.336  -18.416  35.788 0.0000000000
48004  -44.937  -19.083  36.213 0.0000000000
48955  -44.606  -18.749  35.433 0.0000000000
48018  -43.809  -18.942  35.141 0.0000000000
48017  -43.034  -19.031  34.843 0.0000000000
49008  -38.893  -18.441  31.069 0.0000000000
48048  -39.954  -18.444  31.979 0.0000000000
138804  -38.720  -18.736  31.622 0.0000000000
48990  -38.970  -18.914  32.180 0.0000000000
157386  -38.630  -18.748  32.669 0.0000000000
50022  -38.097  -18.137  33.724 0.0000000000
50033  -37.268  -17.978  32.648 0.0000000000
50046  -36.603  -17.781  32.124 0.0000000000
49915  -39.319  -17.370  48.248 0.0000000000
50920  -39.454  -16.670  48.259 0.0000000000
53033  -43.124  -14.841  45.568 0.0000000000
52000  -43.637  -15.993  45.011 0.0000000000
52006  -43.519  -15.239  44.746 0.0000000000
55258  -47.422  -12.576  42.095 0.0000000000
64162  -49.354  -3.832  37.034 0.0000000000
141663  -48.974  -4.518  35.538 0.0000000000
64167  -49.193  -3.864  36.089 0.0000000000
65130  -49.650  -3.467  36.017 0.0000000000
64172  -50.133  -3.751  35.530 0.0000000000
63188  -53.179  -4.903  34.515 0.0000000000
59936  -52.998  -8.093  33.038 0.0000000000
61128  -53.534  -6.605  33.409 0.0000000000
153416  -53.895  -7.219  32.702 0.0000000000
61156  -54.186  -7.360  31.950 0.0000000000
66176  -56.090  -3.030  30.124 0.0000000000
147354  -55.876  -4.278  30.187 0.0000000000
64205  -55.808  -4.905  30.174 0.0000000000
62211  -55.684  -5.821  30.189 0.0000000000
62218  -55.994  -5.899  29.630 0.0000000000
61190  -56.123  -6.361  28.817 0.0000000000
61203  -55.786  -6.863  27.685 0.0000000000
60022  -55.330  -7.260  27.241 0.0000000000
61211  -55.749  -6.778  26.915 0.0000000000
61212  -56.188  -6.378  26.687 0.0000000000
61217  -56.130  -6.207  26.125 0.0000000000
154638  -57.519  -3.477  24.085 0.0000000000
63275  -56.916  -4.519  24.537 0.0000000000
64262  -57.179  -4.023  24.023 0.0000000000
64261  -56.781  -4.156  23.446 0.0000000000
64272  -56.207  -4.314  22.829 0.0000000000
64270  -55.003  -4.898  22.161 0.0000000000
64271  -55.528  -4.360  22.254 0.0000000000
150692  -55.046  -3.477  21.621 0.0000000000
139315  -54.315  -3.516  21.434 0.0000000000
71816  -56.246  2.165  24.849 0.0000000000
71823  -56.402  1.944  24.473 0.0000000000
70636  -56.571  1.804  24.116 0.0000000000
152784  -55.767  0.907  20.597 0.0000000000
70658  -55.850  1.174  21.230 0.0000000000
148171  -55.155  0.457  20.593 0.0000000000
68427  -54.290  -0.676  20.623 0.0000000000
154294  -53.932  -1.109  20.653 0.0000000000
68426  -53.831  -0.753  20.172 0.0000000000
67394  -52.377  -1.158  19.341 0.0000000000
67393  -51.677  -1.477  19.065 0.0000000000
67408  -52.145  -0.896  18.505 0.0000000000
67415  -52.016  -0.766  17.641 0.0000000000
68481  -52.659  -0.469  17.075 0.0000000000
143144  -54.522  0.655  15.550 0.0000000000
69575  -53.895  0.465  15.218 0.0000000000
68500  -53.186  0.324  14.571 0.0000000000
68503  -52.527  0.191  13.810 0.0000000000
71908  -59.907  2.212  16.372 0.0000000000
71919  -60.295  2.706  15.710 0.0000000000
71918  -59.653  2.505  15.530 0.0000000000
71933  -58.662  2.867  14.623 0.0000000000
71972  -58.534  2.655  10.897 0.0000000000
71968  -58.150  3.282  11.511 0.0000000000
48830  -21.713  -17.694  50.266 0.0000000000
143200  -22.937  -19.373  46.919 0.0000000000
152321  -22.281  -18.986  46.946 0.0000000000
131647  -20.951  -18.909  44.748 0.0000000000
47848  -20.242  -19.053  44.077 0.0000000000
47888  -20.374  -19.626  41.708 0.0000000000
46766  -26.755  -20.271  45.178 0.0000000000
132414  -26.144  -20.379  45.744 0.0000000000
47934  -22.914  -19.181  38.738 0.0000000000
47918  -23.407  -19.293  39.525 0.0000000000
47933  -21.954  -19.399  38.653 0.0000000000
47915  -20.839  -19.787  39.602 0.0000000000
46875  -20.174  -20.978  37.154 0.0000000000
45756  -20.220  -21.810  36.528 0.0000000000
44724  -21.248  -22.458  35.887 0.0000000000
44725  -22.140  -22.455  35.803 0.0000000000
44683  -37.213  -21.422  42.834 0.0000000000
44682  -36.418  -21.514  42.943 0.0000000000
45692  -35.954  -21.359  42.361 0.0000000000
45705  -35.427  -21.190  41.663 0.0000000000
45721  -34.353  -21.061  40.679 0.0000000000
46900  -32.493  -20.544  36.599 0.0000000000
45763  -31.979  -21.037  37.102 0.0000000000
45762  -31.200  -21.269  36.905 0.0000000000
45761  -30.352  -21.398  36.724 0.0000000000
45745  -29.754  -21.459  37.409 0.0000000000
45760  -29.501  -21.491  36.458 0.0000000000
45771  -28.542  -21.415  35.333 0.0000000000
44794  -27.207  -22.277  30.139 0.0000000000
44793  -26.591  -22.221  30.421 0.0000000000
57679  -44.994  -9.915  30.345 0.0000000000
58784  -45.484  -9.138  30.528 0.0000000000
59966  -46.112  -8.140  30.598 0.0000000000
59948  -47.087  -8.041  32.138 0.0000000000
61166  -47.130  -7.400  31.264 0.0000000000
61167  -47.786  -7.151  31.261 0.0000000000
132791  -49.040  -6.663  32.097 0.0000000000
54240  -50.190  -13.273  37.412 0.0000000000
54250  -49.960  -13.541  36.692 0.0000000000
54257  -50.065  -13.027  35.997 0.0000000000
54256  -49.373  -13.325  35.553 0.0000000000
54261  -48.325  -13.448  34.458 0.0000000000
55384  -49.083  -12.302  33.963 0.0000000000
54267  -48.545  -12.884  33.885 0.0000000000
140024  -47.472  -13.417  33.441 0.0000000000
143333  -46.413  -13.073  32.621 0.0000000000
54270  -45.645  -12.849  32.338 0.0000000000
54278  -45.077  -12.352  31.752 0.0000000000
55407  -44.654  -12.099  31.293 0.0000000000
55408  -45.082  -11.763  31.340 0.0000000000
55424  -44.982  -11.345  30.940 0.0000000000
55410  -46.797  -11.445  31.999 0.0000000000
56537  -46.048  -11.261  31.555 0.0000000000
55425  -45.350  -11.057  31.037 0.0000000000
56553  -44.921  -10.694  30.517 0.0000000000
64346  -47.591  -4.848  16.779 0.0000000000
153231  -32.327  -19.536  49.584 0.0000000000
46720  -32.504  -20.157  48.406 0.0000000000
46741  -32.864  -20.531  47.744 0.0000000000
46757  -32.333  -20.750  46.447 0.0000000000
45647  -33.784  -21.265  46.901 0.0000000000
45656  -32.947  -21.147  46.056 0.0000000000
46772  -32.260  -20.902  45.655 0.0000000000
45690  -32.268  -21.397  42.345 0.0000000000
60038  -48.054  -8.635  25.488 0.0000000000
149410  -48.810  -9.269  23.798 0.0000000000
58868  -49.394  -9.420  24.364 0.0000000000
58893  -48.944  -9.580  22.865 0.0000000000
57746  -49.428  -10.041  21.500 0.0000000000
57747  -50.062  -10.004  21.973 0.0000000000
58894  -51.572  -9.393  22.460 0.0000000000
57736  -51.893  -9.307  23.111 0.0000000000
58896  -52.726  -8.301  22.801 0.0000000000
60068  -53.476  -7.459  23.101 0.0000000000
47843  -43.210  -18.985  44.661 0.0000000000
47852  -42.761  -19.549  44.365 0.0000000000
46788  -42.984  -19.637  43.601 0.0000000000
132655  -42.916  -19.546  42.582 0.0000000000
46822  -42.707  -19.604  41.589 0.0000000000
47882  -43.758  -18.298  41.778 0.0000000000
46823  -43.177  -18.973  41.219 0.0000000000
46838  -42.891  -19.499  40.903 0.0000000000
137439  -42.260  -20.048  39.837 0.0000000000
46883  -41.841  -20.022  38.439 0.0000000000
154156  -41.580  -19.758  37.556 0.0000000000
50034  -42.211  -17.539  32.662 0.0000000000
48994  -42.670  -17.952  33.204 0.0000000000
49026  -40.484  -17.546  31.372 0.0000000000
49025  -39.859  -17.756  31.026 0.0000000000
50077  -39.518  -17.432  29.293 0.0000000000
49040  -39.539  -17.675  30.172 0.0000000000
49024  -39.313  -18.015  30.805 0.0000000000
154336  -38.523  -18.271  29.854 0.0000000000
49038  -37.876  -18.491  29.745 0.0000000000
49037  -37.001  -18.610  29.603 0.0000000000
49036  -36.109  -18.533  29.564 0.0000000000
50092  -35.868  -18.161  28.198 0.0000000000
133174  -35.263  -17.454  27.146 0.0000000000
50122  -35.719  -17.154  26.576 0.0000000000
56587  -38.938  -11.650  24.352 0.0000000000
56594  -38.613  -11.383  23.562 0.0000000000
56604  -38.303  -11.117  22.719 0.0000000000
56605  -39.081  -10.776  23.036 0.0000000000
66190  -57.019  -2.963  28.846 0.0000000000
145899  -57.321  -4.116  28.163 0.0000000000
64233  -57.257  -4.663  27.724 0.0000000000
142342  -57.532  -4.005  27.459 0.0000000000
65209  -57.575  -3.847  26.649 0.0000000000
65220  -57.577  -3.630  25.808 0.0000000000
67328  -57.415  -2.130  26.446 0.0000000000
66220  -57.624  -2.500  25.973 0.0000000000
66253  -57.918  -2.510  24.326 0.0000000000
67353  -57.989  -2.041  23.793 0.0000000000
67363  -57.596  -2.318  23.151 0.0000000000
72947  -56.862  4.044  23.310 0.0000000000
72952  -56.844  3.367  23.376 0.0000000000
71833  -57.557  3.346  22.508 0.0000000000
71842  -57.582  2.789  22.241 0.0000000000
131503  -58.314  1.865  20.908 0.0000000000
70676  -57.510  1.519  20.976 0.0000000000
70675  -56.552  1.234  20.788 0.0000000000
69495  -55.652  0.576  19.809 0.0000000000
69511  -55.356  0.352  19.059 0.0000000000
69531  -54.913  0.190  18.545 0.0000000000
69544  -54.799  0.286  17.780 0.0000000000
69554  -54.832  0.466  16.878 0.0000000000
69564  -55.019  0.708  16.057 0.0000000000
69577  -55.097  1.031  15.333 0.0000000000
70752  -55.501  1.527  14.609 0.0000000000
131938  -23.200  -18.330  51.745 0.0000000000
47774  -23.317  -18.894  50.129 0.0000000000
147328  -23.130  -19.127  48.944 0.0000000000
46693  -23.808  -19.554  48.880 0.0000000000
47806  -23.204  -19.309  48.269 0.0000000000
47831  -23.182  -19.661  46.129 0.0000000000
47840  -23.063  -19.676  44.769 0.0000000000
47894  -26.333  -19.774  41.351 0.0000000000
133445  -25.799  -19.965  41.723 0.0000000000
140177  -25.385  -19.429  40.098 0.0000000000
47951  -24.836  -18.817  37.584 0.0000000000
133604  -24.129  -18.811  38.005 0.0000000000
133605  -23.284  -18.921  37.958 0.0000000000
46909  -22.051  -20.429  34.966 0.0000000000
45769  -22.664  -21.490  34.414 0.0000000000
45779  -22.994  -20.978  33.782 0.0000000000
44747  -23.866  -22.686  34.726 0.0000000000
47924  -35.761  -19.451  39.447 0.0000000000
46850  -35.377  -20.055  39.899 0.0000000000
47923  -34.943  -19.782  39.298 0.0000000000
47940  -34.439  -19.645  38.500 0.0000000000
46882  -33.698  -20.086  37.783 0.0000000000
47977  -33.561  -19.424  36.465 0.0000000000
46916  -32.259  -20.345  35.779 0.0000000000
46915  -31.464  -20.704  35.518 0.0000000000
46924  -30.364  -20.759  34.506 0.0000000000
58874  -42.449  -9.199  23.729 0.0000000000
156364  -43.005  -9.125  24.826 0.0000000000
60035  -44.402  -8.506  25.224 0.0000000000
60036  -45.480  -8.309  25.234 0.0000000000
60037  -47.124  -8.453  25.651 0.0000000000
60006  -45.567  -8.281  28.296 0.0000000000
60007  -46.589  -8.150  28.005 0.0000000000
134119  -47.218  -8.302  27.116 0.0000000000
60030  -47.736  -8.462  26.246 0.0000000000
60031  -48.613  -8.756  26.062 0.0000000000
58835  -49.801  -8.897  27.207 0.0000000000
58822  -49.743  -8.915  28.046 0.0000000000
135215  -50.452  -8.977  26.898 0.0000000000
156105  -50.891  -8.944  27.323 0.0000000000
57698  -51.541  -9.028  27.432 0.0000000000
152358  -52.095  -9.163  27.898 0.0000000000
50965  -47.056  -16.500  40.876 0.0000000000
48910  -46.641  -17.561  40.091 0.0000000000
49962  -47.189  -17.124  39.764 0.0000000000
48921  -47.064  -17.698  38.880 0.0000000000
48940  -46.906  -17.868  37.403 0.0000000000
49970  -47.916  -16.837  38.131 0.0000000000
48957  -46.036  -18.061  36.154 0.0000000000
49988  -45.695  -17.684  35.434 0.0000000000
50004  -44.568  -17.663  34.415 0.0000000000
50024  -44.060  -17.225  33.878 0.0000000000
52053  -48.676  -14.579  36.427 0.0000000000
52057  -47.877  -14.772  35.517 0.0000000000
52050  -46.904  -15.649  35.353 0.0000000000
52062  -45.965  -14.737  34.002 0.0000000000
52054  -45.699  -15.522  34.368 0.0000000000
50988  -46.216  -16.001  34.947 0.0000000000
50987  -45.495  -16.404  34.582 0.0000000000
50997  -44.190  -16.343  33.779 0.0000000000
50036  -43.489  -16.798  33.436 0.0000000000
50049  -42.300  -16.795  32.558 0.0000000000
51015  -41.751  -16.389  32.061 0.0000000000
51024  -40.716  -16.425  30.935 0.0000000000
52088  -41.365  -15.024  31.327 0.0000000000
52087  -40.803  -15.608  30.792 0.0000000000
51035  -40.334  -16.123  30.199 0.0000000000
51044  -39.891  -16.271  28.883 0.0000000000
51057  -39.350  -16.205  27.631 0.0000000000
52123  -38.321  -15.706  26.357 0.0000000000
52124  -38.754  -15.242  26.849 0.0000000000
53181  -38.814  -14.328  26.832 0.0000000000
54296  -40.236  -13.515  28.510 0.0000000000
54302  -39.343  -13.769  27.375 0.0000000000
54309  -39.132  -13.364  26.704 0.0000000000
55444  -39.593  -12.618  26.543 0.0000000000
55422  -43.757  -11.972  30.401 0.0000000000
55429  -42.670  -12.029  29.522 0.0000000000
55435  -42.329  -11.805  28.897 0.0000000000
55436  -43.023  -11.506  29.237 0.0000000000
55440  -41.296  -12.006  27.853 0.0000000000
55446  -41.033  -11.797  27.124 0.0000000000
55450  -39.881  -11.949  25.985 0.0000000000
56582  -40.545  -11.282  25.585 0.0000000000
56583  -41.245  -10.979  25.939 0.0000000000
56590  -41.039  -10.743  25.163 0.0000000000
57704  -41.688  -10.480  25.484 0.0000000000
57710  -41.487  -10.251  24.704 0.0000000000
57719  -41.910  -9.712  24.221 0.0000000000
71892  -60.216  2.931  18.562 0.0000000000
72990  -60.127  3.634  18.770 0.0000000000
73003  -60.731  3.503  18.211 0.0000000000
73011  -61.152  3.419  17.403 0.0000000000
144076  -61.075  5.191  17.302 0.0000000000
73022  -61.273  3.641  16.430 0.0000000000
74093  -61.382  4.497  15.953 0.0000000000
74100  -61.307  4.641  15.048 0.0000000000
77319  -60.928  7.604  15.746 0.0000000000
76229  -61.333  6.011  15.581 0.0000000000
73040  -61.262  3.946  14.603 0.0000000000
74108  -61.548  4.741  14.231 0.0000000000
73055  -61.717  3.843  13.855 0.0000000000
73056  -62.379  3.928  13.249 0.0000000000
46683  -27.428  -20.326  50.209 0.0000000000
46696  -26.535  -20.372  49.100 0.0000000000
46697  -27.382  -20.425  49.316 0.0000000000
46717  -27.685  -20.472  48.447 0.0000000000
46752  -27.172  -20.404  46.976 0.0000000000
132418  -28.462  -20.543  48.125 0.0000000000
132416  -27.969  -20.411  46.886 0.0000000000
46767  -27.539  -20.278  45.424 0.0000000000
46781  -27.358  -20.164  44.506 0.0000000000
47864  -27.421  -20.055  43.052 0.0000000000
46739  -31.597  -20.403  47.532 0.0000000000
46755  -30.836  -20.426  47.073 0.0000000000
46754  -30.161  -20.378  46.201 0.0000000000
46783  -29.739  -20.109  44.706 0.0000000000
47879  -27.255  -19.940  42.260 0.0000000000
47895  -27.104  -19.748  41.353 0.0000000000
47921  -26.767  -19.451  39.373 0.0000000000
47906  -28.126  -19.946  40.281 0.0000000000
47953  -26.422  -19.726  37.265 0.0000000000
47975  -26.142  -19.756  36.475 0.0000000000
48978  -33.161  -18.069  33.742 0.0000000000
150690  -43.136  -8.672  22.547 0.0000000000
60073  -43.651  -8.526  21.842 0.0000000000
156383  -44.553  -8.411  22.886 0.0000000000
60085  -43.914  -8.521  20.882 0.0000000000
147905  -47.395  -8.638  24.218 0.0000000000
149883  -46.925  -8.645  23.400 0.0000000000
58891  -46.576  -8.751  22.522 0.0000000000
133528  -47.485  -9.106  22.217 0.0000000000
58904  -46.779  -9.064  21.592 0.0000000000
62284  -51.406  -6.689  20.235 0.0000000000
140845  -50.522  -5.489  20.500 0.0000000000
46742  -37.897  -20.607  47.639 0.0000000000
45641  -37.579  -21.065  47.286 0.0000000000
45642  -38.209  -21.055  47.046 0.0000000000
45660  -37.761  -21.583  45.854 0.0000000000
44661  -37.844  -21.648  44.980 0.0000000000
45662  -39.285  -21.292  45.359 0.0000000000
44669  -38.258  -21.567  44.127 0.0000000000
44676  -37.769  -21.533  43.443 0.0000000000
152395  -38.051  -21.298  42.696 0.0000000000
45707  -37.388  -21.120  42.043 0.0000000000
46833  -37.405  -20.263  40.775 0.0000000000
45697  -41.132  -20.881  43.028 0.0000000000
45710  -40.113  -20.931  42.175 0.0000000000
46836  -40.504  -20.329  41.081 0.0000000000
46820  -39.817  -20.572  41.530 0.0000000000
46819  -38.879  -20.484  41.332 0.0000000000
47907  -37.025  -19.942  40.303 0.0000000000
151438  -36.509  -19.289  39.483 0.0000000000
47942  -36.221  -18.926  38.943 0.0000000000
48916  -35.848  -18.295  37.529 0.0000000000
137817  -37.708  -18.553  38.489 0.0000000000
48932  -35.438  -18.118  36.648 0.0000000000
48951  -35.193  -17.973  35.827 0.0000000000
49983  -34.955  -17.829  35.007 0.0000000000
50000  -34.676  -17.649  34.226 0.0000000000
48913  -46.273  -18.085  39.740 0.0000000000
139023  -45.609  -19.116  39.204 0.0000000000
46871  -44.808  -19.687  38.324 0.0000000000
47984  -45.174  -19.241  37.023 0.0000000000
46886  -44.267  -19.855  37.699 0.0000000000
142391  -44.209  -20.011  38.402 0.0000000000
46901  -43.086  -20.005  37.128 0.0000000000
47960  -42.338  -19.939  37.061 0.0000000000
132482  -40.963  -19.415  36.812 0.0000000000
48982  -42.374  -18.503  33.490 0.0000000000
48026  -42.055  -18.912  33.808 0.0000000000
48015  -41.605  -19.153  34.276 0.0000000000
48034  -40.299  -18.734  32.553 0.0000000000
48024  -40.598  -19.008  33.228 0.0000000000
47999  -41.028  -19.287  34.874 0.0000000000
48954  -40.385  -19.100  35.527 0.0000000000
150016  -40.494  -19.144  36.285 0.0000000000
48936  -39.765  -18.698  36.235 0.0000000000
158055  -38.033  -17.818  35.256 0.0000000000
50003  -37.446  -17.714  34.082 0.0000000000
50001  -35.537  -17.523  34.354 0.0000000000
50018  -34.418  -17.492  33.483 0.0000000000
55464  -38.153  -12.004  24.156 0.0000000000
59904  -49.569  -7.899  35.195 0.0000000000
61112  -49.883  -7.563  35.884 0.0000000000
61094  -49.449  -6.634  36.008 0.0000000000
62151  -49.626  -5.487  37.024 0.0000000000
48802  -23.856  -18.436  52.422 0.0000000000
48789  -25.515  -18.304  53.393 0.0000000000
47750  -25.340  -19.170  52.351 0.0000000000
149658  -26.193  -19.452  52.124 0.0000000000
46657  -26.929  -19.945  51.530 0.0000000000
47751  -27.228  -19.413  52.221 0.0000000000
46658  -27.784  -19.902  51.663 0.0000000000
157148  -28.947  -20.094  51.196 0.0000000000
46670  -29.521  -20.189  50.834 0.0000000000
135016  -29.756  -19.151  52.201 0.0000000000
46671  -30.282  -19.980  51.052 0.0000000000
46672  -30.977  -19.521  51.090 0.0000000000
46686  -30.961  -20.025  50.440 0.0000000000
47777  -31.723  -19.382  50.408 0.0000000000
47766  -32.205  -18.695  50.743 0.0000000000
47778  -32.625  -18.991  50.030 0.0000000000
47791  -33.386  -19.475  49.583 0.0000000000
152512  -34.191  -19.784  49.495 0.0000000000
47792  -34.896  -19.700  49.563 0.0000000000
46704  -35.417  -20.185  49.077 0.0000000000
46705  -36.272  -20.035  48.999 0.0000000000
46706  -37.068  -19.800  48.794 0.0000000000
47795  -37.412  -19.042  49.118 0.0000000000
46724  -37.498  -20.228  48.214 0.0000000000
46725  -38.290  -20.038  48.051 0.0000000000
46726  -39.006  -19.766  47.763 0.0000000000
47820  -39.661  -19.451  47.386 0.0000000000
48860  -39.527  -18.113  48.040 0.0000000000
47810  -39.938  -18.720  47.508 0.0000000000
47821  -40.332  -19.198  47.053 0.0000000000
47832  -40.651  -19.573  46.516 0.0000000000
47833  -41.761  -18.889  46.173 0.0000000000
47834  -42.274  -18.958  45.691 0.0000000000
49930  -42.148  -17.567  46.426 0.0000000000
48880  -42.440  -18.295  46.003 0.0000000000
48888  -42.849  -18.682  45.319 0.0000000000
157596  -43.441  -18.447  44.906 0.0000000000
48890  -44.150  -17.807  44.056 0.0000000000
158288  -44.205  -17.277  43.473 0.0000000000
52007  -43.921  -16.019  44.334 0.0000000000
50950  -44.218  -16.693  44.009 0.0000000000
154729  -44.315  -17.033  42.745 0.0000000000
49947  -44.653  -17.039  42.162 0.0000000000
50958  -45.390  -16.599  41.851 0.0000000000
50962  -46.168  -16.389  41.646 0.0000000000
53058  -45.542  -14.270  42.296 0.0000000000
53059  -45.825  -15.305  42.163 0.0000000000
146762  -46.451  -15.369  41.973 0.0000000000
52024  -46.672  -15.816  41.625 0.0000000000
50966  -47.416  -15.843  40.795 0.0000000000
150803  -47.767  -15.141  40.849 0.0000000000
53083  -48.098  -14.827  40.404 0.0000000000
149505  -48.144  -13.291  41.331 0.0000000000
53073  -48.414  -13.663  40.864 0.0000000000
53095  -48.741  -14.355  39.534 0.0000000000
151920  -49.150  -13.892  39.169 0.0000000000
53105  -49.409  -13.834  38.600 0.0000000000
54232  -50.060  -13.271  38.322 0.0000000000
157276  -50.026  -11.842  39.731 0.0000000000
55305  -50.270  -12.502  38.771 0.0000000000
55324  -50.517  -12.556  37.923 0.0000000000
56474  -50.930  -11.869  37.527 0.0000000000
56488  -50.878  -11.834  36.779 0.0000000000
56500  -50.802  -10.484  36.110 0.0000000000
58707  -50.618  -9.769  35.798 0.0000000000
145236  -50.357  -9.138  35.537 0.0000000000
61127  -48.830  -7.468  34.665 0.0000000000
61110  -48.464  -6.577  34.626 0.0000000000
62181  -48.194  -6.311  33.917 0.0000000000
63185  -48.689  -5.150  35.181 0.0000000000
63184  -48.626  -5.198  34.540 0.0000000000
62204  -48.563  -6.227  32.784 0.0000000000
61155  -50.076  -7.136  32.468 0.0000000000
65131  -50.494  -3.168  36.049 0.0000000000
64173  -50.961  -4.248  35.316 0.0000000000
64174  -52.154  -4.153  35.296 0.0000000000
63186  -51.769  -4.941  35.097 0.0000000000
63195  -50.805  -4.854  34.972 0.0000000000
62197  -50.169  -5.957  33.665 0.0000000000
61139  -50.633  -6.848  33.230 0.0000000000
59950  -50.593  -8.154  32.242 0.0000000000
59970  -51.117  -9.011  31.919 0.0000000000
58787  -51.825  -9.558  30.777 0.0000000000
59952  -52.517  -8.578  32.575 0.0000000000
140508  -52.535  -9.293  31.282 0.0000000000
57667  -52.001  -9.550  29.939 0.0000000000
57681  -52.518  -9.423  29.287 0.0000000000
57692  -52.283  -9.311  28.537 0.0000000000
57699  -52.720  -9.129  27.985 0.0000000000
152692  -54.486  -5.763  32.349 0.0000000000
62206  -54.712  -6.248  31.667 0.0000000000
59954  -54.441  -7.449  31.331 0.0000000000
150108  -55.325  -6.636  30.502 0.0000000000
59985  -55.001  -7.592  30.209 0.0000000000
58791  -54.549  -8.148  30.268 0.0000000000
58809  -54.178  -8.740  29.468 0.0000000000
58825  -53.410  -8.932  28.235 0.0000000000
58838  -53.165  -8.780  27.265 0.0000000000
58850  -53.347  -8.526  26.356 0.0000000000
58861  -53.511  -8.264  25.624 0.0000000000
58872  -53.560  -7.974  24.948 0.0000000000
139336  -54.658  -7.479  26.072 0.0000000000
60040  -54.083  -7.741  25.541 0.0000000000
60056  -53.590  -7.459  23.779 0.0000000000
61231  -53.906  -7.065  22.844 0.0000000000
63267  -57.126  -5.002  26.613 0.0000000000
154881  -56.449  -5.782  26.061 0.0000000000
61222  -56.172  -5.907  25.583 0.0000000000
147242  -56.447  -5.115  24.452 0.0000000000
62259  -55.907  -5.745  24.319 0.0000000000
61226  -55.400  -6.300  24.455 0.0000000000
61232  -54.573  -6.627  23.374 0.0000000000
62269  -53.692  -6.435  21.947 0.0000000000
63287  -53.419  -5.571  21.767 0.0000000000
64269  -54.167  -5.015  21.874 0.0000000000
63286  -52.655  -5.394  21.483 0.0000000000
134658  -51.200  -3.696  20.512 0.0000000000
135996  -57.607  -0.640  24.241 0.0000000000
67352  -57.682  -1.499  23.350 0.0000000000
67362  -57.014  -1.713  22.579 0.0000000000
135677  -56.689  2.422  23.568 0.0000000000
70635  -56.556  1.690  23.380 0.0000000000
69441  -56.602  0.810  23.387 0.0000000000
70647  -55.971  1.254  21.921 0.0000000000
68370  -56.421  0.150  22.787 0.0000000000
133366  -56.458  -0.801  22.490 0.0000000000
66277  -56.360  -2.402  22.078 0.0000000000
66295  -55.615  -2.272  21.703 0.0000000000
66294  -54.864  -2.691  21.436 0.0000000000
66293  -53.816  -2.680  21.119 0.0000000000
67370  -53.828  -1.720  20.880 0.0000000000
66292  -52.851  -2.997  20.874 0.0000000000
65290  -51.913  -3.216  20.555 0.0000000000
152131  -50.215  -3.321  19.723 0.0000000000
67406  -50.736  -1.622  17.948 0.0000000000
66342  -50.007  -2.018  17.651 0.0000000000
66354  -49.714  -1.889  16.827 0.0000000000
67423  -49.502  -1.767  15.927 0.0000000000
68473  -53.366  -0.234  17.385 0.0000000000
68492  -52.501  -0.390  16.248 0.0000000000
150056  -52.270  -0.372  15.531 0.0000000000
67435  -51.761  -0.662  15.936 0.0000000000
156300  -51.112  -0.865  15.557 0.0000000000
153472  -50.164  -1.295  14.819 0.0000000000
70716  -59.461  1.867  17.787 0.0000000000
155052  -59.049  1.867  17.344 0.0000000000
70727  -58.572  1.846  16.898 0.0000000000
70741  -59.150  2.134  16.237 0.0000000000
70740  -58.284  2.004  16.085 0.0000000000
70738  -56.641  1.536  15.665 0.0000000000
70753  -56.329  1.796  14.879 0.0000000000
70758  -55.383  1.863  13.757 0.0000000000
156674  -58.533  3.163  14.078 0.0000000000
71948  -57.366  3.102  13.251 0.0000000000
136091  -57.367  3.301  12.050 0.0000000000
71947  -56.529  2.553  13.480 0.0000000000
48831  -22.569  -18.227  50.360 0.0000000000
131752  -22.080  -18.039  49.675 0.0000000000
149418  -21.227  -17.954  48.541 0.0000000000
48858  -21.933  -18.371  48.127 0.0000000000
47857  -18.843  -19.808  43.670 0.0000000000
47858  -19.601  -19.403  43.341 0.0000000000
46790  -18.928  -19.929  42.846 0.0000000000
46716  -26.424  -20.388  48.335 0.0000000000
132625  -25.825  -20.341  48.017 0.0000000000
46733  -25.452  -20.336  47.264 0.0000000000
46765  -25.366  -20.294  45.296 0.0000000000
158573  -24.799  -20.291  45.883 0.0000000000
46749  -24.646  -20.240  46.645 0.0000000000
135074  -22.810  -19.639  43.359 0.0000000000
47893  -25.006  -19.910  41.524 0.0000000000
47876  -24.392  -20.060  42.221 0.0000000000
47875  -23.527  -19.814  42.102 0.0000000000
149021  -22.992  -19.702  42.634 0.0000000000
132623  -22.119  -19.445  42.670 0.0000000000
47873  -21.032  -19.414  42.211 0.0000000000
47901  -20.047  -19.879  41.107 0.0000000000
47902  -20.480  -19.815  40.382 0.0000000000
149255  -19.600  -20.388  40.366 0.0000000000
44652  -36.302  -21.691  46.258 0.0000000000
44658  -35.695  -21.871  45.632 0.0000000000
44666  -35.354  -21.938  44.842 0.0000000000
44674  -35.309  -21.755  43.582 0.0000000000
44673  -34.637  -21.721  43.578 0.0000000000
44664  -34.100  -21.677  44.080 0.0000000000
44672  -33.088  -21.526  42.759 0.0000000000
135170  -32.919  -21.550  42.048 0.0000000000
45702  -31.707  -21.325  41.505 0.0000000000
142073  -34.676  -20.328  39.729 0.0000000000
45731  -34.031  -20.830  39.887 0.0000000000
45720  -33.531  -21.169  40.472 0.0000000000
45738  -32.257  -21.221  38.681 0.0000000000
45719  -32.759  -21.250  40.339 0.0000000000
45718  -31.988  -21.352  40.340 0.0000000000
141831  -31.592  -21.370  40.790 0.0000000000
45717  -31.061  -21.398  40.228 0.0000000000
45716  -30.179  -21.256  39.881 0.0000000000
45744  -28.840  -21.468  37.002 0.0000000000
46879  -28.150  -21.093  37.477 0.0000000000
152509  -27.205  -21.033  36.338 0.0000000000
144419  -26.559  -20.492  35.981 0.0000000000
48022  -32.048  -19.052  33.769 0.0000000000
48021  -31.329  -19.324  33.385 0.0000000000
48010  -30.943  -19.873  33.657 0.0000000000
46933  -30.224  -20.361  33.612 0.0000000000
46950  -28.562  -20.222  31.606 0.0000000000
46931  -28.415  -20.768  32.608 0.0000000000
45795  -27.944  -21.124  33.376 0.0000000000
45781  -27.507  -21.182  34.021 0.0000000000
45827  -26.295  -21.856  30.876 0.0000000000
45780  -26.644  -20.978  33.587 0.0000000000
46930  -25.728  -20.634  33.345 0.0000000000
147927  -25.515  -20.189  33.970 0.0000000000
45809  -24.567  -21.714  32.331 0.0000000000
44768  -24.485  -22.554  32.339 0.0000000000
43751  -26.323  -23.552  31.050 0.0000000000
43764  -27.503  -22.940  30.403 0.0000000000
44657  -34.983  -21.859  45.366 0.0000000000
44667  -36.153  -21.935  44.884 0.0000000000
44675  -36.092  -21.709  43.570 0.0000000000
44680  -34.301  -21.490  42.369 0.0000000000
44681  -35.617  -21.579  42.970 0.0000000000
44687  -32.489  -21.430  41.529 0.0000000000
44692  -32.610  -21.345  40.934 0.0000000000
44693  -33.172  -21.315  40.907 0.0000000000
44757  -23.824  -22.067  32.892 0.0000000000
44781  -25.514  -22.646  31.285 0.0000000000
45629  -33.739  -21.022  47.682 0.0000000000
45632  -36.416  -21.047  47.853 0.0000000000
45643  -39.041  -20.876  46.689 0.0000000000
45648  -34.210  -21.496  46.329 0.0000000000
45650  -36.119  -21.400  47.097 0.0000000000
45651  -37.533  -21.369  46.652 0.0000000000
45669  -33.367  -21.509  44.393 0.0000000000
45671  -38.753  -21.491  44.772 0.0000000000
45672  -39.546  -21.309  44.567 0.0000000000
45674  -41.010  -20.866  44.181 0.0000000000
45678  -31.710  -21.118  43.093 0.0000000000
45683  -40.721  -21.066  43.618 0.0000000000
45688  -30.981  -21.192  41.750 0.0000000000
45693  -36.689  -21.314  42.397 0.0000000000
45729  -32.303  -21.260  39.541 0.0000000000
45730  -33.138  -21.114  39.734 0.0000000000
45748  -32.168  -21.152  37.875 0.0000000000
45812  -26.721  -21.263  32.017 0.0000000000
45826  -25.682  -22.056  31.380 0.0000000000
46668  -27.566  -20.201  50.989 0.0000000000
46682  -26.689  -20.324  49.898 0.0000000000
46695  -25.274  -20.115  49.413 0.0000000000
46699  -30.020  -20.541  49.481 0.0000000000
46719  -31.622  -20.297  48.392 0.0000000000
46740  -32.285  -20.549  47.208 0.0000000000
46744  -40.095  -19.925  46.956 0.0000000000
46753  -28.527  -20.410  46.391 0.0000000000
46773  -40.791  -20.746  44.831 0.0000000000
46786  -41.490  -20.409  44.452 0.0000000000
46787  -42.282  -20.106  44.021 0.0000000000
46799  -43.082  -19.502  42.979 0.0000000000
46806  -31.083  -20.810  42.939 0.0000000000
46809  -42.985  -19.181  41.969 0.0000000000
46810  -43.459  -18.624  41.544 0.0000000000
46831  -34.888  -20.626  40.286 0.0000000000
46834  -38.236  -20.174  40.749 0.0000000000
46835  -39.666  -20.232  40.835 0.0000000000
46840  -44.113  -19.137  40.150 0.0000000000
46846  -28.514  -20.421  39.540 0.0000000000
46851  -36.289  -19.819  40.042 0.0000000000
46853  -41.455  -19.964  39.949 0.0000000000
46854  -43.018  -19.827  40.227 0.0000000000
46857  -44.994  -19.446  39.241 0.0000000000
46868  -42.473  -20.171  39.037 0.0000000000
46869  -43.834  -20.106  39.024 0.0000000000
46870  -44.465  -19.873  38.950 0.0000000000
46880  -32.688  -20.741  37.384 0.0000000000
46881  -33.222  -20.142  36.982 0.0000000000
46885  -43.560  -20.107  38.000 0.0000000000
46912  -26.427  -20.560  35.102 0.0000000000
46921  -24.988  -19.717  34.283 0.0000000000
47776  -25.276  -19.818  50.726 0.0000000000
47789  -23.407  -19.140  49.447 0.0000000000
47793  -35.738  -19.479  49.449 0.0000000000
47807  -37.811  -19.535  48.518 0.0000000000
47819  -23.273  -19.492  47.550 0.0000000000
47853  -43.450  -19.120  43.892 0.0000000000
47863  -26.534  -20.113  42.840 0.0000000000
47872  -20.333  -19.396  42.805 0.0000000000
47877  -25.254  -20.138  42.302 0.0000000000
47880  -28.606  -20.006  42.500 0.0000000000
47881  -29.274  -20.098  42.445 0.0000000000
47883  -44.368  -17.999  41.251 0.0000000000
47884  -45.103  -17.873  40.848 0.0000000000
47899  -45.497  -18.140  40.388 0.0000000000
47908  -37.738  -19.829  40.211 0.0000000000
47911  -45.166  -18.591  40.161 0.0000000000
47917  -22.520  -19.372  39.450 0.0000000000
47928  -39.889  -19.540  39.511 0.0000000000
47929  -45.418  -18.940  39.711 0.0000000000
47930  -45.980  -18.701  39.455 0.0000000000
47946  -45.446  -19.303  38.582 0.0000000000
47954  -26.816  -19.752  37.930 0.0000000000
47961  -44.801  -19.564  37.525 0.0000000000
47963  -45.853  -19.075  38.067 0.0000000000
47971  -22.154  -19.528  36.091 0.0000000000
47979  -41.210  -19.409  35.837 0.0000000000
47983  -44.388  -19.549  36.845 0.0000000000
48000  -41.808  -19.340  35.083 0.0000000000
48007  -23.529  -19.499  34.610 0.0000000000
48013  -40.044  -19.086  33.751 0.0000000000
48016  -42.311  -19.087  34.545 0.0000000000
48025  -41.362  -18.971  33.526 0.0000000000
48032  -39.302  -18.595  31.752 0.0000000000
48036  -41.724  -18.651  33.174 0.0000000000
48803  -24.837  -18.645  52.888 0.0000000000
48816  -22.613  -18.100  51.226 0.0000000000
48894  -43.988  -17.871  43.305 0.0000000000
48895  -44.181  -17.402  42.634 0.0000000000
48905  -45.775  -17.742  40.656 0.0000000000
48909  -46.033  -17.893  40.252 0.0000000000
48920  -46.548  -18.249  38.965 0.0000000000
48925  -38.840  -18.312  37.437 0.0000000000
48927  -47.044  -17.894  38.251 0.0000000000
48930  -33.973  -18.821  36.029 0.0000000000
48938  -45.617  -18.712  36.558 0.0000000000
48971  -43.426  -18.587  34.457 0.0000000000
48979  -38.058  -18.347  32.990 0.0000000000
48993  -42.010  -18.185  32.876 0.0000000000
49010  -40.913  -17.925  31.951 0.0000000000
49049  -38.425  -18.159  29.184 0.0000000000
49948  -45.159  -17.072  41.682 0.0000000000
49956  -45.934  -17.392  40.989 0.0000000000
49959  -47.021  -16.996  40.400 0.0000000000
49960  -47.516  -16.608  39.892 0.0000000000
49966  -47.762  -16.818  38.733 0.0000000000
49969  -47.410  -17.292  37.799 0.0000000000
49975  -46.643  -17.613  36.591 0.0000000000
49977  -47.789  -16.655  37.454 0.0000000000
49990  -46.971  -16.865  36.255 0.0000000000
50005  -45.303  -17.292  34.756 0.0000000000
50035  -42.799  -17.200  33.095 0.0000000000
50047  -41.104  -17.374  31.735 0.0000000000
50943  -43.416  -16.443  45.500 0.0000000000
50957  -44.633  -16.618  42.383 0.0000000000
50963  -46.597  -16.495  41.321 0.0000000000
50970  -47.794  -16.157  39.477 0.0000000000
50979  -48.060  -15.946  37.103 0.0000000000
50982  -47.239  -16.082  35.997 0.0000000000
51058  -39.705  -16.024  28.294 0.0000000000
52015  -44.520  -16.086  42.700 0.0000000000
52030  -47.016  -16.037  41.198 0.0000000000
52031  -47.262  -15.418  41.262 0.0000000000
52035  -47.822  -15.529  40.266 0.0000000000
52036  -48.267  -14.879  39.857 0.0000000000
52038  -47.981  -15.515  39.610 0.0000000000
52039  -48.382  -14.942  39.245 0.0000000000
52051  -47.543  -15.351  35.755 0.0000000000
52052  -48.146  -15.029  36.078 0.0000000000
52055  -46.558  -15.108  34.625 0.0000000000
52114  -39.143  -15.538  27.343 0.0000000000
53084  -48.536  -14.168  40.226 0.0000000000
53112  -49.164  -14.328  37.560 0.0000000000
53122  -48.385  -14.350  35.716 0.0000000000
53125  -46.631  -14.500  34.064 0.0000000000
53128  -48.714  -13.712  35.208 0.0000000000
53129  -44.641  -14.424  33.370 0.0000000000
53133  -47.688  -13.809  34.130 0.0000000000
53158  -40.679  -14.139  29.921 0.0000000000
54223  -49.075  -13.640  39.712 0.0000000000
54249  -49.581  -13.608  36.184 0.0000000000
54271  -47.171  -12.868  32.731 0.0000000000
54276  -43.102  -13.001  31.313 0.0000000000
55337  -50.610  -12.506  37.114 0.0000000000
56427  -50.026  -11.262  39.958 0.0000000000
56475  -51.105  -11.176  37.133 0.0000000000
56531  -48.324  -11.667  32.864 0.0000000000
57612  -50.213  -10.679  34.945 0.0000000000
57668  -52.843  -9.369  29.989 0.0000000000
57693  -52.970  -9.279  28.754 0.0000000000
58695  -50.907  -9.839  36.508 0.0000000000
58720  -49.439  -9.049  34.340 0.0000000000
58750  -52.930  -8.927  31.981 0.0000000000
58751  -53.247  -8.403  32.353 0.0000000000
58766  -50.901  -9.401  31.019 0.0000000000
58767  -51.691  -9.350  31.442 0.0000000000
58769  -53.765  -8.510  31.398 0.0000000000
58790  -54.217  -8.644  30.213 0.0000000000
58810  -54.578  -8.328  29.700 0.0000000000
58826  -54.058  -8.666  28.607 0.0000000000
58840  -54.491  -8.238  28.105 0.0000000000
59953  -53.863  -7.733  32.218 0.0000000000
59971  -54.504  -7.802  30.823 0.0000000000
59996  -54.955  -7.905  29.224 0.0000000000
60010  -55.317  -7.527  28.779 0.0000000000
60021  -54.896  -7.748  27.642 0.0000000000
60041  -55.055  -7.084  25.949 0.0000000000
61142  -53.382  -7.398  33.208 0.0000000000
61157  -54.592  -6.929  31.507 0.0000000000
61170  -54.916  -7.136  30.777 0.0000000000
61180  -55.496  -6.931  30.017 0.0000000000
61189  -55.731  -6.798  29.308 0.0000000000
61196  -56.196  -6.486  28.052 0.0000000000
61204  -56.227  -6.454  27.332 0.0000000000
61216  -55.622  -6.697  26.182 0.0000000000
61221  -55.688  -6.404  25.589 0.0000000000
62185  -53.411  -5.868  33.778 0.0000000000
62199  -54.007  -6.325  32.820 0.0000000000
62207  -55.110  -5.964  31.159 0.0000000000
62217  -55.646  -6.300  30.068 0.0000000000
62225  -56.469  -5.901  28.694 0.0000000000
62233  -56.747  -5.666  27.490 0.0000000000
62246  -56.796  -5.571  26.897 0.0000000000
62250  -56.762  -5.421  26.295 0.0000000000
62254  -55.784  -6.088  24.992 0.0000000000
62255  -56.291  -5.553  24.982 0.0000000000
63193  -48.712  -5.061  34.274 0.0000000000
63197  -53.060  -5.484  34.303 0.0000000000
63205  -48.457  -5.622  33.973 0.0000000000
63207  -49.446  -5.369  33.865 0.0000000000
63209  -54.782  -4.956  32.218 0.0000000000
63221  -55.576  -5.284  30.586 0.0000000000
63228  -56.037  -5.351  29.760 0.0000000000
63248  -56.671  -5.439  28.532 0.0000000000
63249  -56.883  -5.246  27.926 0.0000000000
64197  -55.272  -4.502  31.494 0.0000000000
64204  -55.543  -4.678  30.832 0.0000000000
64246  -57.423  -4.359  26.234 0.0000000000
64258  -57.371  -3.857  24.642 0.0000000000
65164  -55.451  -3.354  31.283 0.0000000000
65165  -55.793  -3.524  30.544 0.0000000000
65175  -56.273  -3.622  29.808 0.0000000000
65184  -56.795  -3.605  29.156 0.0000000000
65185  -57.234  -3.545  28.510 0.0000000000
65194  -57.525  -3.436  27.887 0.0000000000
65200  -57.609  -3.306  27.133 0.0000000000
65201  -57.633  -3.142  26.278 0.0000000000
65221  -57.706  -2.883  25.383 0.0000000000
65234  -57.772  -2.847  24.757 0.0000000000
66237  -57.843  -2.334  24.820 0.0000000000
69459  -55.773  0.577  22.089 0.0000000000
69497  -57.517  1.086  20.214 0.0000000000
69536  -59.346  1.794  18.653 0.0000000000
69566  -56.228  1.158  16.104 0.0000000000
70661  -58.676  2.301  20.547 0.0000000000
70689  -59.234  1.845  19.277 0.0000000000
70705  -59.845  2.068  18.343 0.0000000000
70726  -57.652  1.590  16.568 0.0000000000
71853  -58.233  2.542  21.360 0.0000000000
71855  -59.344  3.442  19.713 0.0000000000
71866  -58.988  2.508  19.924 0.0000000000
71877  -59.742  3.221  19.131 0.0000000000
71900  -60.792  2.851  17.914 0.0000000000
71909  -60.515  2.496  16.601 0.0000000000
71953  -62.249  3.114  13.410 0.0000000000
72960  -58.051  3.575  22.006 0.0000000000
72961  -58.705  4.118  20.899 0.0000000000
73030  -61.186  3.828  15.452 0.0000000000
74078  -61.010  4.274  17.777 0.0000000000
75076  -58.050  4.789  21.910 0.0000000000
131553  -41.954  -20.158  41.943 0.0000000000
131674  -28.837  -20.256  50.626 0.0000000000
132071  -34.955  -21.861  44.176 0.0000000000
132421  -29.026  -20.612  48.592 0.0000000000
132627  -27.989  -20.391  49.800 0.0000000000
132650  -39.036  -17.485  28.109 0.0000000000
132730  -54.056  -7.946  31.520 0.0000000000
132880  -53.144  -9.183  30.667 0.0000000000
132928  -47.903  -13.958  41.299 0.0000000000
135143  -48.879  -14.431  38.913 0.0000000000
136064  -59.860  2.405  18.698 0.0000000000
136153  -39.117  -18.314  35.839 0.0000000000
136295  -30.863  -20.253  34.131 0.0000000000
136530  -39.515  -18.538  37.033 0.0000000000
137643  -50.310  -12.978  36.701 0.0000000000
138504  -27.388  -20.789  37.131 0.0000000000
138954  -59.814  3.266  13.930 0.0000000000
139484  -57.274  -3.490  23.574 0.0000000000
140150  -48.003  -16.349  38.422 0.0000000000
141395  -49.692  -13.225  39.160 0.0000000000
141507  -56.207  -6.002  29.192 0.0000000000
141871  -47.337  -17.211  39.139 0.0000000000
142019  -54.009  0.034  17.687 0.0000000000
142151  -56.527  -6.104  27.691 0.0000000000
143131  -37.392  -17.645  34.921 0.0000000000
143165  -57.694  -3.162  24.414 0.0000000000
143373  -38.940  -18.164  30.301 0.0000000000
143685  -44.468  -12.552  31.661 0.0000000000
143903  -46.725  -7.674  30.772 0.0000000000
144971  -51.292  -5.370  34.752 0.0000000000
145995  -47.400  -14.208  41.572 0.0000000000
146457  -33.521  -21.289  46.396 0.0000000000
146729  -36.909  -21.607  43.528 0.0000000000
147044  -34.662  -21.176  41.255 0.0000000000
147445  -55.379  -6.194  30.604 0.0000000000
148229  -48.555  -5.777  33.410 0.0000000000
149503  -29.955  -20.258  45.463 0.0000000000
149554  -42.743  -20.106  39.709 0.0000000000
149581  -34.856  -21.509  46.613 0.0000000000
149843  -36.793  -21.481  46.664 0.0000000000
150027  -41.214  -19.353  46.186 0.0000000000
150166  -53.433  -8.607  31.813 0.0000000000
150275  -53.066  -6.949  33.757 0.0000000000
151235  -26.072  -20.291  44.995 0.0000000000
151858  -48.009  -13.286  33.831 0.0000000000
152170  -35.832  -18.685  38.339 0.0000000000
152462  -55.409  -5.764  30.744 0.0000000000
152541  -53.770  -8.383  26.958 0.0000000000
153321  -60.999  2.830  17.443 0.0000000000
153938  -27.626  -20.060  43.738 0.0000000000
154188  -49.670  -12.088  34.680 0.0000000000
154962  -51.286  -9.608  30.292 0.0000000000
155025  -43.123  -16.894  45.937 0.0000000000
155306  -50.630  -3.741  20.241 0.0000000000
155323  -56.648  -5.224  28.833 0.0000000000
155773  -37.242  -21.743  45.474 0.0000000000
156226  -37.663  -17.942  37.134 0.0000000000
156562  -47.573  -9.553  20.909 0.0000000000
156666  -24.224  -17.699  53.805 0.0000000000
157255  -22.563  -19.396  44.763 0.0000000000
157396  -23.230  -18.898  36.542 0.0000000000
157508  -56.677  -5.023  24.959 0.0000000000
157618  -21.956  -19.258  44.120 0.0000000000
157960  -40.544  -20.543  41.721 0.0000000000
158212  -55.461  0.883  20.965 0.0000000000
158431  -55.096  1.537  14.136 0.0000000000
