#!ascii label  , from subject freesurfer vox2ras=TkReg
1773
65270  -42.022  -4.222  21.170 0.0000000000
79609  -55.212  9.980  10.413 0.0000000000
151458  -48.530  2.844  16.018 0.0000000000
50891  -12.171  -17.260  51.913 0.0000000000
66196  -37.858  -2.658  28.175 0.0000000000
57416  -29.621  -11.243  47.005 0.0000000000
58587  -38.702  -10.326  45.115 0.0000000000
61079  -43.091  -6.992  37.106 0.0000000000
66139  -41.989  -2.709  34.432 0.0000000000
151922  -20.426  -14.287  43.383 0.0000000000
55177  -25.864  -12.777  49.411 0.0000000000
55265  -24.570  -12.730  41.409 0.0000000000
55302  -35.123  -13.323  39.614 0.0000000000
57549  -39.596  -11.097  38.573 0.0000000000
67285  -45.963  -1.804  28.438 0.0000000000
67336  -49.200  -1.997  25.182 0.0000000000
75175  -53.626  5.242  13.341 0.0000000000
68462  -45.302  -0.695  18.662 0.0000000000
77403  -53.032  7.238  6.163 0.0000000000
47723  -8.837  -19.776  54.361 0.0000000000
69339  -43.022  -0.265  31.129 0.0000000000
65227  -39.193  -3.238  24.366 0.0000000000
144546  -28.708  -11.766  39.336 0.0000000000
148371  -34.381  -11.651  46.006 0.0000000000
71840  -50.594  2.685  22.293 0.0000000000
79676  -60.166  10.104  -0.063 0.0000000000
59918  -41.084  -8.335  34.372 0.0000000000
62193  -41.712  -6.496  33.190 0.0000000000
142603  -22.846  -13.966  42.796 0.0000000000
56485  -36.665  -11.647  35.618 0.0000000000
57596  -39.113  -10.392  35.215 0.0000000000
58684  -41.662  -9.367  37.551 0.0000000000
65218  -43.852  -3.583  25.058 0.0000000000
67322  -47.758  -2.254  26.807 0.0000000000
66263  -45.986  -3.006  23.180 0.0000000000
77357  -54.363  7.607  11.710 0.0000000000
77324  -56.609  7.175  14.982 0.0000000000
81844  -57.109  11.250  8.876 0.0000000000
138123  -10.773  -19.540  49.207 0.0000000000
48799  -10.622  -18.903  53.180 0.0000000000
65174  -39.312  -2.976  30.551 0.0000000000
67252  -41.190  -1.121  32.706 0.0000000000
68273  -40.055  -1.373  29.658 0.0000000000
67297  -41.147  -1.664  27.492 0.0000000000
67334  -38.512  -2.091  26.067 0.0000000000
57366  -27.966  -11.523  48.207 0.0000000000
147603  -28.245  -12.114  52.466 0.0000000000
143900  -30.549  -11.746  51.336 0.0000000000
56277  -32.597  -11.687  50.392 0.0000000000
57558  -26.222  -10.891  37.435 0.0000000000
55343  -28.548  -12.014  36.149 0.0000000000
55271  -37.352  -13.213  41.932 0.0000000000
55254  -34.923  -13.509  42.725 0.0000000000
56336  -36.730  -11.760  45.359 0.0000000000
56296  -37.517  -11.897  48.357 0.0000000000
53024  -15.449  -15.194  46.905 0.0000000000
54105  -17.893  -13.790  49.430 0.0000000000
55109  -17.944  -12.895  53.591 0.0000000000
70712  -46.424  1.349  17.270 0.0000000000
69493  -47.992  0.990  20.557 0.0000000000
71890  -49.075  3.022  18.950 0.0000000000
80834  -61.684  9.977  -1.496 0.0000000000
51912  -11.798  -15.767  55.687 0.0000000000
64152  -43.499  -4.527  39.651 0.0000000000
66114  -43.469  -2.715  37.500 0.0000000000
63192  -42.709  -5.186  34.846 0.0000000000
142441  -40.784  -4.890  31.610 0.0000000000
54144  -19.988  -13.847  46.868 0.0000000000
135624  -23.060  -13.091  50.106 0.0000000000
54148  -23.460  -13.933  46.391 0.0000000000
157512  -25.408  -13.113  45.184 0.0000000000
56346  -27.155  -11.593  44.675 0.0000000000
132355  -31.199  -13.266  36.036 0.0000000000
55346  -34.190  -12.682  36.300 0.0000000000
56458  -37.617  -12.379  38.883 0.0000000000
138522  -39.512  -10.932  41.305 0.0000000000
59847  -40.967  -9.054  40.872 0.0000000000
61033  -42.516  -7.191  40.136 0.0000000000
53047  -17.784  -14.663  43.445 0.0000000000
69329  -47.389  0.268  31.528 0.0000000000
71733  -51.011  2.026  32.008 0.0000000000
133837  -49.001  0.079  29.987 0.0000000000
68316  -50.935  -0.155  27.630 0.0000000000
73038  -51.106  3.533  14.781 0.0000000000
73010  -51.369  4.144  17.724 0.0000000000
75150  -54.662  5.103  16.308 0.0000000000
43553  -5.643  -23.297  58.479 0.0000000000
66318  -43.755  -2.681  19.851 0.0000000000
69562  -43.367  0.367  15.327 0.0000000000
73050  -47.713  3.002  12.873 0.0000000000
74131  -49.425  4.483  11.672 0.0000000000
76291  -51.168  7.076  10.928 0.0000000000
78509  -52.377  8.701  9.204 0.0000000000
79622  -53.687  9.047  7.996 0.0000000000
77394  -51.774  7.732  7.102 0.0000000000
49814  -9.470  -17.542  56.600 0.0000000000
48753  -7.268  -18.450  57.961 0.0000000000
46611  -5.710  -20.784  58.674 0.0000000000
71661  -46.724  2.025  35.849 0.0000000000
68221  -42.940  -0.971  36.100 0.0000000000
69289  -43.731  0.352  34.373 0.0000000000
69312  -45.454  0.393  32.549 0.0000000000
68293  -43.902  -0.881  29.655 0.0000000000
66213  -42.953  -2.689  26.337 0.0000000000
65255  -40.538  -4.413  22.865 0.0000000000
55131  -26.120  -12.740  52.609 0.0000000000
57510  -26.836  -11.119  40.576 0.0000000000
145774  -29.361  -11.739  43.332 0.0000000000
140533  -31.726  -13.086  39.802 0.0000000000
55233  -31.762  -12.769  43.195 0.0000000000
57419  -32.314  -11.341  46.833 0.0000000000
57355  -35.007  -11.770  49.393 0.0000000000
136695  -12.033  -18.273  48.723 0.0000000000
50927  -13.773  -16.790  47.340 0.0000000000
51960  -13.846  -15.930  50.418 0.0000000000
67369  -47.118  -1.139  21.787 0.0000000000
69438  -49.710  0.269  23.170 0.0000000000
144886  -52.499  2.059  25.084 0.0000000000
148921  -52.371  4.849  20.654 0.0000000000
79635  -56.437  8.992  6.790 0.0000000000
80774  -58.675  10.342  5.699 0.0000000000
81880  -60.230  11.330  3.995 0.0000000000
150506  -59.564  9.538  2.141 0.0000000000
81901  -61.872  10.867  2.545 0.0000000000
59931  -39.897  -8.924  33.462 0.0000000000
59947  -40.340  -8.231  32.881 0.0000000000
139669  -39.315  -8.787  32.007 0.0000000000
152199  -38.343  -10.592  34.561 0.0000000000
57610  -39.141  -9.971  34.375 0.0000000000
58706  -40.465  -9.520  35.433 0.0000000000
134015  -42.894  -4.114  22.993 0.0000000000
65232  -45.101  -3.573  24.274 0.0000000000
65259  -44.373  -3.648  22.681 0.0000000000
78485  -54.596  8.429  11.341 0.0000000000
78474  -56.125  8.597  12.285 0.0000000000
78487  -56.065  9.265  11.808 0.0000000000
80729  -57.016  10.861  11.443 0.0000000000
80741  -56.351  10.868  10.219 0.0000000000
48826  -11.473  -18.744  50.638 0.0000000000
47759  -10.600  -19.538  51.598 0.0000000000
49882  -11.425  -18.371  52.080 0.0000000000
65182  -38.484  -3.028  29.470 0.0000000000
66182  -39.428  -2.143  30.401 0.0000000000
67273  -38.886  -1.973  28.962 0.0000000000
67294  -38.579  -1.914  27.429 0.0000000000
67313  -37.555  -2.450  26.754 0.0000000000
55144  -20.725  -12.839  51.673 0.0000000000
57367  -28.799  -11.227  48.248 0.0000000000
57335  -29.082  -11.146  49.890 0.0000000000
57349  -29.675  -10.954  49.293 0.0000000000
56266  -31.428  -11.836  51.210 0.0000000000
132885  -31.084  -10.899  48.753 0.0000000000
56372  -38.284  -11.817  43.420 0.0000000000
56371  -37.318  -12.204  44.180 0.0000000000
57457  -38.147  -11.018  44.846 0.0000000000
135876  -38.096  -10.881  46.709 0.0000000000
54129  -18.544  -13.890  47.539 0.0000000000
55171  -19.217  -13.449  50.063 0.0000000000
55142  -19.139  -12.920  51.748 0.0000000000
71664  -49.449  2.368  35.423 0.0000000000
71897  -47.447  2.303  16.946 0.0000000000
70703  -47.740  2.034  18.611 0.0000000000
73008  -48.856  3.103  17.283 0.0000000000
139064  -43.431  -6.037  38.066 0.0000000000
64157  -43.505  -4.376  37.787 0.0000000000
139488  -42.969  -5.816  35.691 0.0000000000
63212  -41.255  -5.736  32.115 0.0000000000
63218  -40.311  -5.423  30.873 0.0000000000
64213  -39.409  -4.411  30.201 0.0000000000
54158  -20.583  -14.009  45.083 0.0000000000
54146  -21.931  -13.850  46.599 0.0000000000
54159  -21.540  -13.994  45.125 0.0000000000
55247  -24.011  -13.344  41.919 0.0000000000
54174  -24.390  -13.727  44.410 0.0000000000
143740  -25.326  -12.782  44.052 0.0000000000
56326  -25.997  -12.207  45.003 0.0000000000
56363  -25.672  -12.180  43.277 0.0000000000
132351  -32.558  -12.785  34.577 0.0000000000
56473  -38.176  -11.548  37.198 0.0000000000
56472  -37.499  -11.875  37.479 0.0000000000
57548  -38.897  -11.603  38.618 0.0000000000
56425  -38.436  -12.338  40.384 0.0000000000
57516  -39.664  -11.080  40.438 0.0000000000
58633  -40.436  -9.617  41.363 0.0000000000
58661  -40.790  -9.950  39.592 0.0000000000
61078  -42.680  -7.888  37.057 0.0000000000
61062  -42.336  -8.480  38.802 0.0000000000
62143  -43.115  -6.822  38.603 0.0000000000
63161  -43.116  -5.805  39.818 0.0000000000
54178  -19.089  -14.449  43.090 0.0000000000
68296  -46.705  -0.924  29.760 0.0000000000
137178  -48.330  0.027  30.514 0.0000000000
68313  -47.253  -1.188  29.107 0.0000000000
66219  -48.789  -2.145  25.749 0.0000000000
67305  -49.188  -1.557  27.060 0.0000000000
67306  -50.071  -1.296  26.726 0.0000000000
68327  -52.437  -0.722  26.900 0.0000000000
67338  -50.911  -1.353  25.434 0.0000000000
74098  -52.426  4.130  14.256 0.0000000000
74092  -53.386  4.432  15.529 0.0000000000
75162  -54.007  4.794  15.034 0.0000000000
77318  -57.576  8.402  15.744 0.0000000000
73069  -49.296  3.421  12.617 0.0000000000
74130  -48.145  4.610  11.198 0.0000000000
76289  -49.633  6.383  10.459 0.0000000000
77374  -50.303  7.399  9.591 0.0000000000
138250  -51.549  7.652  10.637 0.0000000000
77375  -50.913  7.938  9.314 0.0000000000
78519  -51.596  8.097  7.925 0.0000000000
47743  -9.374  -20.392  52.536 0.0000000000
47721  -7.099  -20.294  54.920 0.0000000000
142318  -11.452  -15.431  57.337 0.0000000000
50842  -10.749  -16.803  55.699 0.0000000000
51875  -10.217  -16.061  58.263 0.0000000000
145909  -8.543  -17.618  59.125 0.0000000000
147393  -7.479  -19.087  59.464 0.0000000000
47700  -6.457  -19.458  58.823 0.0000000000
46613  -7.212  -20.133  59.622 0.0000000000
45563  -7.059  -21.779  59.530 0.0000000000
136497  -42.858  -2.979  35.869 0.0000000000
155967  -43.278  -1.552  36.898 0.0000000000
66129  -42.309  -1.975  35.022 0.0000000000
68256  -41.803  -0.620  32.178 0.0000000000
68248  -42.485  -0.381  33.602 0.0000000000
69310  -43.230  0.064  32.606 0.0000000000
69299  -44.669  0.563  33.570 0.0000000000
69326  -44.343  0.036  31.725 0.0000000000
69341  -44.813  -0.285  31.108 0.0000000000
134129  -43.435  -0.543  30.370 0.0000000000
67316  -40.067  -2.017  26.278 0.0000000000
67317  -41.575  -1.957  26.929 0.0000000000
152394  -41.016  -3.012  25.019 0.0000000000
66249  -41.706  -3.357  24.885 0.0000000000
65243  -40.258  -3.978  23.675 0.0000000000
55176  -24.506  -13.277  49.732 0.0000000000
137670  -24.386  -12.745  51.791 0.0000000000
157270  -25.719  -12.726  51.476 0.0000000000
56455  -27.456  -11.242  38.419 0.0000000000
57541  -26.274  -11.000  39.043 0.0000000000
57528  -27.412  -11.197  40.009 0.0000000000
57481  -28.104  -11.447  42.047 0.0000000000
56422  -28.771  -11.627  41.001 0.0000000000
55319  -33.151  -13.361  38.054 0.0000000000
55333  -31.059  -13.138  37.551 0.0000000000
55300  -33.146  -13.477  39.585 0.0000000000
55221  -34.056  -12.664  44.158 0.0000000000
150969  -33.196  -13.190  42.922 0.0000000000
55220  -33.236  -12.651  44.123 0.0000000000
136345  -31.572  -12.138  44.589 0.0000000000
155511  -32.876  -11.795  45.635 0.0000000000
154382  -33.135  -11.157  47.669 0.0000000000
57396  -34.464  -11.359  47.681 0.0000000000
60982  -41.617  -7.434  44.423 0.0000000000
51983  -14.322  -16.290  47.011 0.0000000000
51977  -14.695  -15.694  48.215 0.0000000000
50911  -13.624  -16.513  49.264 0.0000000000
55097  -17.866  -12.884  54.415 0.0000000000
66331  -44.106  -1.839  18.808 0.0000000000
66306  -45.054  -2.270  20.773 0.0000000000
67392  -45.458  -1.267  19.940 0.0000000000
70657  -49.460  2.090  21.311 0.0000000000
69457  -48.688  0.358  22.111 0.0000000000
70646  -50.290  1.856  22.667 0.0000000000
70621  -51.544  1.277  24.409 0.0000000000
71829  -51.619  2.729  23.632 0.0000000000
137339  -53.835  5.213  18.621 0.0000000000
74056  -52.232  4.747  19.266 0.0000000000
75105  -53.657  5.449  20.347 0.0000000000
78531  -53.552  7.814  6.856 0.0000000000
79629  -55.574  9.283  7.322 0.0000000000
156340  -55.077  7.782  6.457 0.0000000000
78543  -57.568  8.068  5.447 0.0000000000
78544  -58.232  8.534  5.028 0.0000000000
80781  -59.540  10.759  4.380 0.0000000000
79654  -59.005  8.954  3.793 0.0000000000
78583  -59.148  8.935  -0.096 0.0000000000
133243  -58.146  8.232  0.936 0.0000000000
157620  -59.733  9.725  1.004 0.0000000000
139472  -60.327  10.800  1.783 0.0000000000
81917  -60.959  11.090  0.711 0.0000000000
81929  -61.889  10.687  0.364 0.0000000000
79701  -62.891  9.293  -1.093 0.0000000000
61108  -42.075  -7.801  35.455 0.0000000000
62169  -42.363  -7.084  35.120 0.0000000000
61136  -41.274  -7.752  33.755 0.0000000000
61151  -40.770  -7.439  32.423 0.0000000000
142682  -21.157  -14.198  43.105 0.0000000000
56509  -36.557  -11.414  34.328 0.0000000000
57594  -37.806  -11.098  35.281 0.0000000000
57564  -39.560  -10.657  36.670 0.0000000000
58671  -40.898  -9.992  38.702 0.0000000000
58692  -40.791  -9.646  36.323 0.0000000000
59889  -41.160  -8.993  35.749 0.0000000000
66215  -44.630  -2.899  26.410 0.0000000000
67302  -46.435  -2.110  27.758 0.0000000000
153978  -45.900  -3.067  25.682 0.0000000000
66234  -46.716  -2.918  25.513 0.0000000000
66252  -47.871  -2.517  24.445 0.0000000000
76271  -53.805  6.336  12.253 0.0000000000
76240  -55.068  5.924  14.039 0.0000000000
77348  -55.718  7.241  12.921 0.0000000000
78454  -56.829  8.254  13.867 0.0000000000
158442  -58.368  11.817  8.247 0.0000000000
47744  -10.001  -19.859  52.128 0.0000000000
47724  -9.646  -19.455  53.946 0.0000000000
65151  -40.724  -3.267  32.339 0.0000000000
66152  -41.485  -2.263  33.625 0.0000000000
156957  -40.484  -1.889  31.934 0.0000000000
67267  -40.375  -1.361  30.864 0.0000000000
68275  -41.569  -0.771  30.612 0.0000000000
68307  -41.925  -0.937  29.171 0.0000000000
68306  -40.577  -1.266  28.521 0.0000000000
148821  -39.935  -1.745  27.070 0.0000000000
66226  -38.936  -2.442  25.438 0.0000000000
133053  -26.755  -12.002  48.751 0.0000000000
56262  -26.901  -12.162  51.392 0.0000000000
56273  -27.983  -11.691  50.545 0.0000000000
56256  -29.677  -11.816  51.862 0.0000000000
54088  -32.657  -13.349  51.465 0.0000000000
57573  -27.079  -11.056  36.298 0.0000000000
56469  -28.651  -11.878  37.585 0.0000000000
55287  -35.938  -13.544  40.960 0.0000000000
140282  -34.918  -13.580  41.141 0.0000000000
55255  -35.878  -13.503  42.684 0.0000000000
157703  -35.743  -12.907  43.766 0.0000000000
56335  -35.793  -11.856  45.435 0.0000000000
57397  -35.873  -11.551  47.609 0.0000000000
57423  -36.564  -11.467  46.557 0.0000000000
53039  -15.971  -15.128  44.608 0.0000000000
53025  -16.553  -14.692  46.344 0.0000000000
150319  -16.400  -14.293  49.345 0.0000000000
54087  -16.813  -13.810  51.705 0.0000000000
55157  -18.107  -13.468  51.191 0.0000000000
69542  -45.466  0.217  17.374 0.0000000000
69508  -46.582  0.110  19.551 0.0000000000
69530  -46.977  1.141  18.651 0.0000000000
70673  -48.436  1.771  20.068 0.0000000000
71865  -49.920  2.977  20.945 0.0000000000
77423  -52.623  7.414  4.819 0.0000000000
77415  -54.239  7.143  5.482 0.0000000000
77431  -53.854  7.626  3.906 0.0000000000
78594  -59.530  8.935  -0.868 0.0000000000
142696  -61.364  10.436  -0.755 0.0000000000
79712  -60.873  9.474  -1.975 0.0000000000
79713  -61.392  9.524  -2.673 0.0000000000
51943  -12.894  -15.994  52.649 0.0000000000
50875  -11.815  -16.911  53.608 0.0000000000
145934  -43.853  -2.364  39.843 0.0000000000
155738  -43.607  -3.620  38.953 0.0000000000
65122  -43.079  -3.568  36.313 0.0000000000
145140  -42.394  -4.293  34.423 0.0000000000
63191  -42.344  -5.856  34.183 0.0000000000
64188  -41.881  -4.922  33.274 0.0000000000
65145  -41.262  -3.664  32.970 0.0000000000
65163  -40.408  -3.827  31.681 0.0000000000
65183  -38.881  -3.562  29.954 0.0000000000
54118  -20.395  -13.712  48.350 0.0000000000
55161  -21.650  -13.044  50.239 0.0000000000
152789  -21.650  -13.614  48.663 0.0000000000
55188  -23.353  -13.604  48.720 0.0000000000
54122  -24.991  -13.439  48.126 0.0000000000
54173  -23.254  -13.950  44.595 0.0000000000
54149  -24.273  -13.890  46.003 0.0000000000
55197  -25.717  -12.931  47.671 0.0000000000
56303  -26.870  -11.930  47.346 0.0000000000
56313  -27.325  -11.711  46.694 0.0000000000
138650  -28.442  -11.422  46.082 0.0000000000
132357  -32.829  -13.136  36.712 0.0000000000
55320  -34.144  -13.079  37.886 0.0000000000
139201  -35.311  -12.202  35.841 0.0000000000
55335  -35.559  -12.547  37.307 0.0000000000
55303  -36.108  -12.965  39.384 0.0000000000
134563  -37.506  -12.874  40.339 0.0000000000
56388  -38.628  -11.994  42.315 0.0000000000
57472  -38.982  -10.577  43.208 0.0000000000
59796  -39.916  -8.886  44.721 0.0000000000
59827  -39.924  -9.268  43.114 0.0000000000
59828  -40.558  -8.734  42.767 0.0000000000
61005  -41.537  -7.489  42.809 0.0000000000
58662  -41.417  -9.473  39.194 0.0000000000
59848  -41.947  -8.030  40.325 0.0000000000
62115  -42.252  -6.816  41.797 0.0000000000
63149  -42.932  -5.357  41.555 0.0000000000
53032  -17.612  -14.537  45.000 0.0000000000
70504  -47.754  1.143  32.750 0.0000000000
70518  -48.834  0.953  31.750 0.0000000000
70532  -50.048  1.025  30.760 0.0000000000
70547  -51.234  1.221  29.836 0.0000000000
149882  -48.631  -0.919  28.617 0.0000000000
69366  -50.207  0.276  28.903 0.0000000000
73026  -49.600  3.048  15.270 0.0000000000
137323  -50.187  3.523  16.993 0.0000000000
74090  -51.977  4.028  16.079 0.0000000000
74077  -53.214  4.648  17.232 0.0000000000
75129  -54.599  5.360  18.053 0.0000000000
76227  -55.883  6.018  15.994 0.0000000000
76214  -55.983  5.965  17.035 0.0000000000
65286  -41.189  -4.213  19.922 0.0000000000
65288  -42.666  -3.741  20.563 0.0000000000
65328  -42.289  -3.134  18.815 0.0000000000
133357  -42.511  -2.584  18.107 0.0000000000
67412  -43.515  -1.498  17.172 0.0000000000
68480  -44.160  -0.556  16.495 0.0000000000
69553  -45.152  0.528  16.625 0.0000000000
70736  -45.857  1.804  15.839 0.0000000000
71914  -46.485  2.205  15.335 0.0000000000
71930  -48.263  2.706  14.649 0.0000000000
73052  -49.550  3.144  13.448 0.0000000000
74104  -50.905  3.768  13.146 0.0000000000
74119  -52.039  4.699  12.694 0.0000000000
74144  -48.891  5.036  11.159 0.0000000000
75194  -50.588  5.431  11.576 0.0000000000
75196  -52.156  5.977  11.911 0.0000000000
76281  -52.457  6.734  11.593 0.0000000000
77367  -52.938  8.006  10.996 0.0000000000
79607  -53.667  9.218  9.680 0.0000000000
79617  -54.307  9.665  9.154 0.0000000000
78514  -52.892  8.861  8.346 0.0000000000
78521  -53.169  8.435  7.547 0.0000000000
77402  -52.098  7.328  6.321 0.0000000000
77422  -51.826  7.550  4.949 0.0000000000
50874  -11.251  -17.384  54.058 0.0000000000
49839  -9.930  -18.198  54.992 0.0000000000
48763  -9.460  -18.450  55.527 0.0000000000
50811  -9.017  -16.964  58.279 0.0000000000
49813  -8.617  -17.895  56.927 0.0000000000
48761  -8.062  -18.919  55.904 0.0000000000
47713  -7.211  -19.093  56.442 0.0000000000
47708  -5.639  -19.949  57.018 0.0000000000
45568  -5.015  -21.168  58.030 0.0000000000
45562  -5.623  -21.683  58.708 0.0000000000
71681  -47.786  2.112  34.869 0.0000000000
69265  -44.466  0.468  37.631 0.0000000000
67236  -42.308  -1.107  34.809 0.0000000000
69281  -43.476  0.119  35.547 0.0000000000
135549  -45.399  1.247  35.187 0.0000000000
70482  -46.463  1.418  34.491 0.0000000000
70493  -47.520  1.384  33.537 0.0000000000
69328  -46.557  0.175  31.725 0.0000000000
68278  -45.315  -0.690  30.470 0.0000000000
67284  -44.743  -1.713  28.559 0.0000000000
68308  -42.660  -1.212  28.735 0.0000000000
67299  -43.324  -1.908  27.713 0.0000000000
67300  -44.120  -2.173  27.513 0.0000000000
66231  -43.404  -3.174  25.681 0.0000000000
65245  -42.742  -3.995  23.820 0.0000000000
65256  -41.441  -4.418  22.630 0.0000000000
66210  -36.890  -2.921  26.455 0.0000000000
140904  -37.197  -2.680  25.561 0.0000000000
66245  -37.276  -2.731  24.772 0.0000000000
65241  -37.174  -3.242  23.511 0.0000000000
142956  -38.088  -4.038  22.776 0.0000000000
64265  -38.813  -4.499  22.358 0.0000000000
64279  -40.256  -4.691  21.313 0.0000000000
64291  -40.685  -4.542  20.535 0.0000000000
55132  -26.971  -12.569  52.675 0.0000000000
55296  -24.518  -12.379  39.522 0.0000000000
56438  -25.279  -11.628  39.428 0.0000000000
137930  -25.685  -11.773  41.381 0.0000000000
57479  -26.899  -11.461  42.286 0.0000000000
138253  -27.868  -11.454  43.851 0.0000000000
57437  -29.603  -11.556  45.447 0.0000000000
55344  -29.840  -12.765  36.526 0.0000000000
55331  -29.670  -12.526  37.520 0.0000000000
55297  -30.271  -12.566  39.276 0.0000000000
140946  -32.952  -13.393  41.151 0.0000000000
55267  -31.598  -12.904  41.472 0.0000000000
139531  -30.320  -12.363  41.500 0.0000000000
152887  -30.504  -12.153  43.555 0.0000000000
56330  -30.905  -11.806  45.179 0.0000000000
57417  -30.564  -11.356  46.692 0.0000000000
57368  -31.725  -10.940  48.074 0.0000000000
57353  -33.528  -11.469  49.504 0.0000000000
140372  -11.489  -18.907  49.225 0.0000000000
49904  -11.967  -18.150  49.645 0.0000000000
50936  -13.789  -16.826  46.268 0.0000000000
154844  -12.853  -17.733  46.496 0.0000000000
50926  -13.189  -17.270  47.758 0.0000000000
50910  -12.932  -16.968  49.610 0.0000000000
50901  -12.861  -16.925  50.537 0.0000000000
51944  -13.600  -15.708  52.259 0.0000000000
137862  -16.847  -13.568  53.337 0.0000000000
66289  -44.513  -2.983  21.205 0.0000000000
66276  -46.279  -2.583  22.501 0.0000000000
157403  -48.635  -1.625  23.601 0.0000000000
68425  -47.065  -0.243  20.793 0.0000000000
68385  -48.428  -0.472  22.471 0.0000000000
68354  -49.923  -0.928  23.916 0.0000000000
68356  -51.200  -0.719  24.699 0.0000000000
73002  -50.333  3.818  18.811 0.0000000000
145408  -51.095  4.209  20.152 0.0000000000
72970  -51.292  3.878  21.688 0.0000000000
80754  -55.640  10.417  8.964 0.0000000000
80763  -56.570  10.338  7.753 0.0000000000
80765  -57.977  11.051  7.134 0.0000000000
78534  -56.317  7.959  6.252 0.0000000000
79636  -57.378  9.356  6.468 0.0000000000
81864  -58.693  11.427  6.821 0.0000000000
135955  -59.638  11.689  5.682 0.0000000000
82937  -61.001  12.060  5.197 0.0000000000
77443  -58.495  8.039  2.481 0.0000000000
154137  -59.385  9.455  3.046 0.0000000000
81891  -60.971  11.434  2.842 0.0000000000
80822  -62.162  10.222  -0.704 0.0000000000
58746  -39.127  -9.311  32.838 0.0000000000
57628  -38.545  -10.010  33.501 0.0000000000
58733  -39.320  -9.563  33.690 0.0000000000
65257  -42.373  -4.260  22.221 0.0000000000
65258  -43.475  -3.878  22.280 0.0000000000
65271  -42.932  -3.875  21.399 0.0000000000
79594  -54.873  9.254  10.919 0.0000000000
79595  -55.633  9.620  11.201 0.0000000000
80728  -56.416  10.076  11.528 0.0000000000
80740  -55.920  10.339  10.722 0.0000000000
80747  -55.704  10.488  9.862 0.0000000000
49895  -11.866  -18.101  50.609 0.0000000000
48812  -11.495  -18.545  51.292 0.0000000000
49883  -11.838  -17.897  51.555 0.0000000000
66188  -38.613  -2.472  29.264 0.0000000000
67279  -38.366  -2.318  28.581 0.0000000000
67293  -38.157  -2.158  27.867 0.0000000000
66202  -37.668  -2.507  27.479 0.0000000000
55145  -21.530  -12.828  51.668 0.0000000000
139938  -21.136  -12.869  50.964 0.0000000000
57390  -29.031  -11.221  47.503 0.0000000000
152962  -29.430  -10.977  48.629 0.0000000000
57391  -29.567  -11.007  47.924 0.0000000000
57350  -30.486  -10.931  49.375 0.0000000000
132657  -30.204  -10.927  48.540 0.0000000000
143522  -38.791  -10.471  44.080 0.0000000000
57470  -38.106  -11.526  44.076 0.0000000000
55160  -20.283  -12.885  50.916 0.0000000000
71907  -47.981  2.633  16.212 0.0000000000
71898  -48.171  2.719  17.106 0.0000000000
138860  -48.672  2.958  16.508 0.0000000000
137253  -43.353  -6.169  37.213 0.0000000000
62159  -43.097  -6.405  36.419 0.0000000000
62216  -39.700  -6.592  30.111 0.0000000000
63219  -40.788  -5.855  31.398 0.0000000000
132366  -21.169  -14.070  44.413 0.0000000000
55248  -24.698  -12.851  42.268 0.0000000000
55231  -24.326  -13.354  42.723 0.0000000000
55249  -25.251  -12.461  42.559 0.0000000000
57563  -38.913  -11.368  37.835 0.0000000000
155755  -39.202  -11.544  39.188 0.0000000000
57533  -39.727  -11.117  39.548 0.0000000000
58660  -40.252  -10.537  40.022 0.0000000000
57550  -40.318  -10.587  39.101 0.0000000000
133200  -42.959  -7.424  37.870 0.0000000000
155040  -43.270  -6.713  37.773 0.0000000000
133367  -19.732  -14.344  43.724 0.0000000000
54169  -19.654  -14.219  44.635 0.0000000000
68312  -46.317  -1.389  29.109 0.0000000000
68297  -47.558  -0.748  29.771 0.0000000000
67324  -49.537  -1.822  26.059 0.0000000000
67325  -50.525  -1.509  25.979 0.0000000000
67337  -50.082  -1.632  25.219 0.0000000000
74107  -53.128  4.638  13.781 0.0000000000
74099  -53.281  4.450  14.654 0.0000000000
75169  -53.843  4.980  14.173 0.0000000000
78441  -58.057  8.737  16.502 0.0000000000
144744  -48.110  3.862  11.652 0.0000000000
153340  -50.435  7.625  8.844 0.0000000000
77384  -50.914  7.901  8.369 0.0000000000
47734  -9.121  -20.101  53.451 0.0000000000
47733  -8.307  -20.522  53.814 0.0000000000
46639  -7.418  -20.771  54.080 0.0000000000
47722  -7.956  -20.051  54.642 0.0000000000
51885  -10.827  -15.784  57.773 0.0000000000
51876  -10.856  -15.734  58.534 0.0000000000
47694  -7.668  -19.610  59.781 0.0000000000
45555  -7.833  -21.469  59.982 0.0000000000
66130  -42.546  -2.820  35.233 0.0000000000
132841  -42.755  -2.240  35.768 0.0000000000
68265  -42.160  -0.482  31.287 0.0000000000
69309  -42.474  -0.275  32.782 0.0000000000
69324  -42.667  -0.173  31.943 0.0000000000
140418  -44.041  0.165  32.459 0.0000000000
69340  -43.906  -0.258  31.074 0.0000000000
68276  -42.512  -0.557  30.466 0.0000000000
66247  -39.479  -2.871  24.867 0.0000000000
66228  -40.629  -2.610  25.616 0.0000000000
66248  -40.310  -2.969  24.916 0.0000000000
65228  -39.920  -3.442  24.350 0.0000000000
55165  -25.255  -13.017  50.019 0.0000000000
55148  -25.216  -12.822  51.023 0.0000000000
56271  -26.013  -12.689  50.288 0.0000000000
56439  -27.828  -11.376  39.189 0.0000000000
56440  -28.138  -11.463  39.856 0.0000000000
57512  -28.096  -11.389  40.573 0.0000000000
132769  -28.722  -11.682  40.206 0.0000000000
133546  -33.660  -13.409  38.775 0.0000000000
133547  -32.750  -13.441  38.858 0.0000000000
55301  -34.094  -13.467  39.580 0.0000000000
56351  -34.511  -12.227  44.782 0.0000000000
56350  -33.404  -12.131  44.908 0.0000000000
56333  -33.582  -11.727  45.800 0.0000000000
56316  -33.731  -11.467  46.553 0.0000000000
57421  -34.655  -11.471  46.839 0.0000000000
157661  -42.068  -6.937  44.567 0.0000000000
52991  -15.682  -14.586  50.440 0.0000000000
67405  -44.578  -1.171  18.304 0.0000000000
67391  -44.884  -1.396  19.244 0.0000000000
68445  -45.531  -0.833  19.369 0.0000000000
71839  -49.978  2.201  22.042 0.0000000000
70645  -49.673  1.523  22.186 0.0000000000
71828  -50.936  2.225  23.231 0.0000000000
71841  -51.273  3.054  22.848 0.0000000000
155221  -54.090  5.401  19.187 0.0000000000
75118  -53.617  5.300  19.468 0.0000000000
78532  -54.522  7.943  6.755 0.0000000000
77404  -53.961  7.292  6.229 0.0000000000
78553  -58.511  8.256  4.092 0.0000000000
79647  -58.794  9.116  4.553 0.0000000000
79675  -59.779  9.395  -0.302 0.0000000000
79663  -59.620  9.427  0.469 0.0000000000
79664  -60.036  10.244  0.679 0.0000000000
80799  -60.428  10.811  1.066 0.0000000000
80810  -60.593  10.707  0.299 0.0000000000
81918  -61.425  10.973  0.811 0.0000000000
81927  -61.029  10.865  -0.060 0.0000000000
59903  -41.515  -8.400  35.148 0.0000000000
61125  -41.792  -7.628  34.555 0.0000000000
61150  -39.982  -8.068  32.037 0.0000000000
56520  -36.429  -11.355  33.426 0.0000000000
57595  -38.491  -10.828  35.454 0.0000000000
57579  -39.006  -10.743  36.044 0.0000000000
57580  -40.367  -10.248  37.068 0.0000000000
58705  -39.849  -10.140  35.961 0.0000000000
59902  -40.808  -8.915  34.948 0.0000000000
59890  -41.850  -8.458  35.968 0.0000000000
66232  -44.247  -3.264  25.736 0.0000000000
66216  -45.485  -2.875  26.442 0.0000000000
136095  -45.082  -3.216  25.738 0.0000000000
65248  -45.398  -3.421  23.615 0.0000000000
155516  -46.210  -3.120  24.982 0.0000000000
66250  -45.963  -3.195  24.184 0.0000000000
66251  -46.903  -2.843  24.538 0.0000000000
143021  -46.601  -2.851  23.725 0.0000000000
77347  -54.265  6.907  12.029 0.0000000000
76273  -55.142  6.674  12.850 0.0000000000
135153  -55.008  7.189  12.236 0.0000000000
78463  -57.014  8.923  13.614 0.0000000000
78448  -57.664  8.960  15.058 0.0000000000
157975  -57.756  9.499  14.531 0.0000000000
82902  -58.388  12.094  9.501 0.0000000000
82910  -58.759  12.157  8.793 0.0000000000
81846  -57.976  11.756  8.821 0.0000000000
47745  -10.588  -19.325  52.381 0.0000000000
47735  -9.975  -19.642  53.057 0.0000000000
155385  -10.123  -19.184  53.572 0.0000000000
137282  -40.180  -2.903  31.744 0.0000000000
66162  -40.610  -2.351  32.270 0.0000000000
66174  -39.770  -2.538  31.109 0.0000000000
136811  -39.567  -1.743  29.891 0.0000000000
67266  -39.957  -1.532  30.365 0.0000000000
68274  -40.663  -1.065  30.235 0.0000000000
68290  -40.714  -1.079  29.290 0.0000000000
68289  -40.038  -1.400  28.933 0.0000000000
67314  -38.197  -2.007  26.725 0.0000000000
67315  -39.112  -1.840  26.747 0.0000000000
67335  -39.257  -2.030  25.981 0.0000000000
66225  -38.015  -2.521  25.361 0.0000000000
56284  -27.505  -11.744  49.036 0.0000000000
132929  -27.412  -11.835  50.026 0.0000000000
56285  -28.281  -11.520  49.688 0.0000000000
56265  -29.832  -11.440  51.007 0.0000000000
137179  -29.215  -11.614  51.310 0.0000000000
56276  -31.851  -11.530  50.531 0.0000000000
55150  -31.739  -12.379  51.562 0.0000000000
55151  -32.460  -12.578  51.321 0.0000000000
56483  -27.800  -11.544  36.207 0.0000000000
56468  -27.889  -11.479  37.666 0.0000000000
55288  -37.000  -13.359  41.066 0.0000000000
55270  -36.419  -13.523  41.868 0.0000000000
55256  -36.816  -13.284  42.688 0.0000000000
56353  -36.800  -12.087  44.695 0.0000000000
55223  -36.264  -12.568  44.193 0.0000000000
136799  -36.204  -12.092  44.893 0.0000000000
56352  -35.461  -12.221  44.801 0.0000000000
56318  -36.188  -11.586  46.044 0.0000000000
57440  -37.020  -11.444  46.050 0.0000000000
57375  -38.599  -11.324  47.946 0.0000000000
53031  -17.073  -14.583  45.672 0.0000000000
53030  -16.256  -14.861  45.489 0.0000000000
54141  -17.384  -14.441  46.529 0.0000000000
135218  -17.410  -13.907  48.780 0.0000000000
54104  -17.016  -13.890  49.603 0.0000000000
131933  -17.461  -13.705  51.167 0.0000000000
54097  -17.794  -13.731  50.365 0.0000000000
55125  -19.576  -12.843  52.418 0.0000000000
151801  -19.268  -12.795  52.988 0.0000000000
69543  -46.100  0.697  17.751 0.0000000000
69529  -46.463  0.507  18.636 0.0000000000
70701  -46.687  1.217  18.035 0.0000000000
71889  -48.365  2.556  18.579 0.0000000000
70687  -48.028  1.957  19.252 0.0000000000
71874  -48.688  2.422  19.433 0.0000000000
71864  -49.393  2.602  20.452 0.0000000000
72977  -49.820  3.241  20.130 0.0000000000
77424  -53.528  7.240  4.828 0.0000000000
78605  -59.029  8.689  -1.510 0.0000000000
78606  -60.015  8.834  -1.673 0.0000000000
51935  -12.811  -15.859  53.555 0.0000000000
52919  -12.619  -14.781  57.600 0.0000000000
65105  -43.665  -3.540  40.597 0.0000000000
65112  -43.596  -3.762  39.649 0.0000000000
65111  -43.558  -4.298  38.845 0.0000000000
63183  -43.050  -4.898  35.799 0.0000000000
64161  -43.327  -4.481  36.686 0.0000000000
64166  -43.005  -4.159  35.916 0.0000000000
65129  -42.825  -3.541  35.542 0.0000000000
64180  -42.805  -4.261  35.196 0.0000000000
61137  -41.763  -7.063  33.775 0.0000000000
62179  -42.181  -6.720  34.382 0.0000000000
156397  -41.990  -6.360  33.782 0.0000000000
64195  -41.268  -4.922  32.300 0.0000000000
64196  -41.612  -5.286  32.756 0.0000000000
64187  -41.512  -4.517  32.847 0.0000000000
134643  -40.979  -4.187  32.304 0.0000000000
133248  -21.189  -13.704  48.121 0.0000000000
138001  -22.749  -13.866  46.701 0.0000000000
54132  -22.402  -13.788  47.310 0.0000000000
54133  -23.271  -13.808  47.190 0.0000000000
54121  -23.945  -13.696  47.899 0.0000000000
54172  -22.515  -13.963  44.201 0.0000000000
133961  -23.284  -13.924  43.650 0.0000000000
138981  -25.057  -13.362  44.740 0.0000000000
54162  -24.397  -13.827  45.168 0.0000000000
55211  -25.085  -13.488  45.634 0.0000000000
142782  -25.119  -13.435  47.148 0.0000000000
139657  -25.723  -12.926  46.949 0.0000000000
55198  -26.255  -12.478  47.164 0.0000000000
55206  -26.019  -12.555  46.384 0.0000000000
56345  -26.601  -11.808  44.674 0.0000000000
138980  -27.053  -11.736  46.046 0.0000000000
56328  -27.232  -11.635  45.288 0.0000000000
138742  -27.703  -11.557  46.031 0.0000000000
57435  -28.046  -11.461  45.323 0.0000000000
55360  -33.811  -12.689  35.774 0.0000000000
132354  -33.037  -12.890  35.928 0.0000000000
132356  -33.608  -12.855  36.443 0.0000000000
132359  -33.427  -13.085  37.264 0.0000000000
55334  -34.185  -12.816  36.982 0.0000000000
56498  -36.309  -11.656  35.084 0.0000000000
56497  -35.604  -11.942  35.168 0.0000000000
55361  -36.039  -11.889  35.748 0.0000000000
55336  -37.186  -12.191  38.072 0.0000000000
56471  -36.596  -12.170  37.302 0.0000000000
157803  -36.635  -12.407  38.008 0.0000000000
156040  -36.083  -12.806  38.705 0.0000000000
55323  -36.719  -12.637  38.654 0.0000000000
142602  -36.584  -13.194  40.220 0.0000000000
55304  -37.096  -12.788  39.518 0.0000000000
57515  -39.096  -11.651  40.881 0.0000000000
56407  -38.605  -12.236  41.442 0.0000000000
57497  -39.030  -11.468  41.756 0.0000000000
57482  -38.928  -11.147  42.602 0.0000000000
57483  -39.376  -10.402  42.609 0.0000000000
58600  -39.362  -9.927  43.370 0.0000000000
58616  -39.739  -9.825  42.627 0.0000000000
59838  -40.765  -8.849  41.800 0.0000000000
59829  -41.090  -8.093  42.311 0.0000000000
59839  -41.452  -8.249  41.264 0.0000000000
58683  -41.005  -9.907  37.808 0.0000000000
141617  -41.865  -9.037  38.822 0.0000000000
61047  -42.410  -7.931  39.492 0.0000000000
61019  -42.075  -7.414  41.065 0.0000000000
62125  -42.563  -6.626  40.960 0.0000000000
62116  -42.666  -6.069  41.682 0.0000000000
64151  -43.437  -5.149  39.305 0.0000000000
64139  -43.215  -4.873  40.995 0.0000000000
64146  -43.498  -4.326  40.368 0.0000000000
134158  -17.296  -14.688  44.136 0.0000000000
70517  -47.987  0.820  31.996 0.0000000000
70505  -48.600  1.264  32.547 0.0000000000
69330  -48.222  0.383  31.269 0.0000000000
69344  -49.130  0.561  30.866 0.0000000000
69345  -49.741  0.520  30.122 0.0000000000
70533  -50.897  1.319  30.649 0.0000000000
69346  -50.449  0.935  30.024 0.0000000000
67321  -46.879  -2.485  27.025 0.0000000000
67303  -47.368  -1.978  27.656 0.0000000000
67304  -48.287  -1.766  27.412 0.0000000000
68325  -49.671  -0.931  27.581 0.0000000000
68315  -50.153  -0.201  28.102 0.0000000000
69357  -50.747  0.785  29.248 0.0000000000
69367  -51.038  0.416  28.325 0.0000000000
69377  -51.784  -0.041  27.532 0.0000000000
68328  -53.397  -0.759  26.866 0.0000000000
73027  -50.325  3.265  15.241 0.0000000000
73028  -51.113  3.619  15.699 0.0000000000
75149  -54.051  4.718  15.912 0.0000000000
74086  -53.352  4.496  16.371 0.0000000000
75137  -53.992  4.802  16.785 0.0000000000
135136  -53.891  5.025  17.658 0.0000000000
75138  -54.655  5.173  17.175 0.0000000000
76241  -55.735  6.388  14.293 0.0000000000
75171  -55.362  5.763  15.019 0.0000000000
76242  -56.074  6.460  15.073 0.0000000000
76215  -56.522  6.536  16.608 0.0000000000
44598  -5.044  -22.872  58.248 0.0000000000
44603  -4.579  -22.764  57.567 0.0000000000
42590  -4.918  -23.620  58.017 0.0000000000
148916  -42.437  -2.274  17.391 0.0000000000
66341  -43.063  -2.034  17.694 0.0000000000
67411  -42.789  -1.842  16.943 0.0000000000
68479  -43.514  -0.819  16.112 0.0000000000
69551  -43.791  -0.136  15.848 0.0000000000
69552  -44.485  0.178  16.244 0.0000000000
69563  -44.078  0.626  15.620 0.0000000000
70735  -45.125  1.564  15.557 0.0000000000
71913  -45.542  2.068  15.074 0.0000000000
157549  -47.594  2.647  14.364 0.0000000000
73034  -48.082  2.764  13.778 0.0000000000
73035  -48.921  2.834  14.054 0.0000000000
73051  -48.691  3.004  13.154 0.0000000000
73080  -48.987  3.888  11.991 0.0000000000
73070  -50.122  3.572  12.874 0.0000000000
74118  -50.633  4.115  12.439 0.0000000000
152091  -51.332  4.234  12.721 0.0000000000
76290  -50.322  6.848  10.489 0.0000000000
75208  -50.068  6.009  11.031 0.0000000000
76279  -50.841  6.291  11.258 0.0000000000
75195  -51.384  5.715  11.766 0.0000000000
76280  -51.659  6.503  11.458 0.0000000000
76292  -51.924  7.228  11.162 0.0000000000
77376  -51.667  8.197  9.922 0.0000000000
77366  -52.171  7.883  10.762 0.0000000000
78499  -52.548  8.444  10.191 0.0000000000
78500  -53.326  8.627  10.408 0.0000000000
132986  -52.988  8.853  9.701 0.0000000000
78510  -53.097  9.035  9.110 0.0000000000
78520  -52.365  8.260  7.714 0.0000000000
78530  -52.643  7.779  6.947 0.0000000000
46638  -6.568  -20.973  54.308 0.0000000000
50858  -11.647  -16.734  54.469 0.0000000000
50843  -11.410  -16.455  55.282 0.0000000000
50841  -10.033  -17.094  56.108 0.0000000000
49826  -10.411  -17.536  55.372 0.0000000000
49825  -9.760  -17.840  55.797 0.0000000000
49824  -9.100  -18.122  56.108 0.0000000000
134556  -9.843  -16.657  59.182 0.0000000000
49805  -7.840  -17.924  58.308 0.0000000000
49800  -8.492  -17.508  58.579 0.0000000000
49812  -7.847  -18.084  57.514 0.0000000000
48756  -7.946  -18.531  56.733 0.0000000000
136059  -7.367  -18.630  57.252 0.0000000000
46619  -5.837  -19.996  58.546 0.0000000000
47709  -6.035  -19.509  57.478 0.0000000000
47705  -5.628  -19.925  57.821 0.0000000000
46623  -5.144  -20.545  57.386 0.0000000000
46618  -5.443  -20.474  58.101 0.0000000000
44593  -7.732  -22.349  59.740 0.0000000000
71648  -48.190  2.253  36.366 0.0000000000
71663  -48.870  2.333  36.061 0.0000000000
71662  -47.540  2.158  35.685 0.0000000000
66110  -43.635  -2.483  38.292 0.0000000000
135780  -43.788  -2.036  39.017 0.0000000000
67212  -43.251  -1.081  36.729 0.0000000000
67200  -43.537  -1.398  37.411 0.0000000000
68213  -43.644  -0.567  37.185 0.0000000000
69264  -43.936  -0.075  37.645 0.0000000000
68222  -43.416  -0.356  36.303 0.0000000000
147406  -41.533  -1.411  33.445 0.0000000000
67235  -41.883  -1.679  34.234 0.0000000000
68238  -41.995  -0.885  33.985 0.0000000000
69298  -43.058  0.090  33.998 0.0000000000
69288  -43.137  0.094  34.806 0.0000000000
146976  -43.715  0.380  35.017 0.0000000000
70468  -44.022  0.634  35.509 0.0000000000
70469  -44.730  1.065  35.461 0.0000000000
70480  -44.881  1.046  34.688 0.0000000000
69300  -45.303  0.728  33.337 0.0000000000
70490  -45.100  0.981  34.001 0.0000000000
70491  -45.877  1.115  33.860 0.0000000000
70492  -46.705  1.235  33.722 0.0000000000
70502  -46.077  0.890  33.108 0.0000000000
70503  -46.901  1.019  32.923 0.0000000000
69313  -46.337  0.504  32.411 0.0000000000
68277  -44.370  -0.626  30.402 0.0000000000
68294  -44.849  -1.019  29.726 0.0000000000
68310  -44.389  -1.341  29.032 0.0000000000
68323  -41.178  -1.342  28.091 0.0000000000
68324  -41.899  -1.294  28.415 0.0000000000
66212  -42.023  -2.514  26.309 0.0000000000
67318  -42.546  -2.060  27.110 0.0000000000
67319  -43.490  -2.383  26.997 0.0000000000
66214  -43.816  -2.850  26.362 0.0000000000
65244  -41.181  -4.140  23.505 0.0000000000
132460  -41.853  -3.877  24.106 0.0000000000
133687  -42.092  -4.226  23.230 0.0000000000
143009  -36.593  -2.927  25.792 0.0000000000
66243  -35.557  -3.113  24.821 0.0000000000
66261  -36.664  -2.851  24.054 0.0000000000
66262  -37.588  -2.964  24.020 0.0000000000
65252  -37.202  -3.797  22.803 0.0000000000
64264  -37.769  -4.442  22.127 0.0000000000
64277  -38.327  -4.817  21.484 0.0000000000
150471  -22.394  -13.193  49.958 0.0000000000
55162  -22.443  -12.911  50.675 0.0000000000
141270  -23.188  -12.837  50.900 0.0000000000
135152  -25.343  -12.704  52.032 0.0000000000
56254  -27.446  -12.086  52.099 0.0000000000
55133  -27.608  -12.425  52.722 0.0000000000
57527  -26.613  -11.068  39.769 0.0000000000
141594  -25.717  -11.227  38.992 0.0000000000
57526  -25.942  -11.190  39.643 0.0000000000
57493  -26.264  -11.313  41.000 0.0000000000
56402  -26.351  -11.584  41.853 0.0000000000
57494  -27.006  -11.285  41.486 0.0000000000
56383  -28.598  -11.572  42.447 0.0000000000
57469  -28.106  -11.464  42.918 0.0000000000
56367  -28.725  -11.554  43.757 0.0000000000
57456  -29.199  -11.577  44.641 0.0000000000
155800  -29.407  -11.671  43.985 0.0000000000
55345  -30.640  -13.106  36.479 0.0000000000
55317  -31.290  -13.137  38.309 0.0000000000
55316  -30.448  -12.840  37.969 0.0000000000
152069  -30.545  -12.807  38.668 0.0000000000
55315  -29.804  -12.433  38.492 0.0000000000
55298  -31.071  -12.945  39.203 0.0000000000
133922  -34.404  -13.550  41.977 0.0000000000
140283  -33.925  -13.526  41.190 0.0000000000
55269  -33.310  -13.407  42.082 0.0000000000
55252  -32.478  -13.063  42.646 0.0000000000
55268  -32.351  -13.173  41.797 0.0000000000
55251  -31.648  -12.855  42.318 0.0000000000
55266  -30.898  -12.639  41.079 0.0000000000
55250  -30.907  -12.587  41.910 0.0000000000
56385  -30.155  -12.220  42.210 0.0000000000
56386  -30.851  -12.502  42.868 0.0000000000
56331  -31.620  -11.808  45.368 0.0000000000
57439  -31.174  -11.592  45.960 0.0000000000
57438  -30.371  -11.589  45.767 0.0000000000
57418  -31.511  -11.394  46.725 0.0000000000
145702  -31.826  -11.166  47.329 0.0000000000
57354  -34.302  -11.514  49.116 0.0000000000
57370  -33.543  -11.231  48.797 0.0000000000
56286  -34.290  -11.760  49.805 0.0000000000
57373  -36.624  -11.655  47.820 0.0000000000
57372  -35.839  -11.675  48.290 0.0000000000
56295  -36.615  -11.878  48.488 0.0000000000
51990  -15.141  -15.596  46.105 0.0000000000
51998  -14.702  -16.056  45.148 0.0000000000
50935  -13.014  -17.545  45.845 0.0000000000
135930  -13.258  -17.375  46.817 0.0000000000
150227  -13.736  -16.196  49.836 0.0000000000
50918  -13.023  -17.055  48.707 0.0000000000
50902  -13.440  -16.525  50.117 0.0000000000
51959  -13.323  -16.398  50.968 0.0000000000
51951  -13.066  -16.161  51.809 0.0000000000
51952  -13.743  -15.849  51.395 0.0000000000
54077  -17.216  -13.553  52.593 0.0000000000
55122  -17.450  -13.192  53.241 0.0000000000
71719  -51.458  2.190  32.790 0.0000000000
65307  -43.203  -3.231  20.124 0.0000000000
65289  -43.827  -3.088  20.604 0.0000000000
67367  -45.704  -1.921  21.076 0.0000000000
66291  -46.028  -2.226  21.839 0.0000000000
67359  -46.779  -1.929  22.273 0.0000000000
67349  -47.420  -2.039  22.983 0.0000000000
151661  -47.442  -1.489  22.395 0.0000000000
69492  -47.252  0.420  20.165 0.0000000000
69491  -46.692  -0.208  20.224 0.0000000000
69474  -47.667  0.246  21.022 0.0000000000
69458  -49.361  0.724  22.477 0.0000000000
68386  -49.039  -0.056  22.862 0.0000000000
68367  -48.829  -0.909  23.212 0.0000000000
68369  -50.096  -0.250  23.747 0.0000000000
68355  -50.468  -0.798  24.258 0.0000000000
69418  -50.724  -0.023  24.123 0.0000000000
70622  -52.247  1.346  25.024 0.0000000000
69420  -52.145  0.414  24.941 0.0000000000
70606  -52.974  1.395  25.405 0.0000000000
131811  -50.444  3.768  17.812 0.0000000000
74075  -50.946  4.107  18.419 0.0000000000
145584  -51.945  4.666  20.077 0.0000000000
74055  -51.574  4.441  19.463 0.0000000000
74043  -51.725  4.371  20.985 0.0000000000
72979  -50.941  4.016  21.005 0.0000000000
79623  -54.303  9.451  8.357 0.0000000000
79624  -54.944  9.940  8.624 0.0000000000
80762  -55.716  10.048  8.028 0.0000000000
136459  -56.217  9.755  7.365 0.0000000000
80764  -57.288  10.647  7.460 0.0000000000
79630  -56.874  9.962  7.017 0.0000000000
77406  -55.505  7.593  6.104 0.0000000000
77417  -56.147  7.363  5.377 0.0000000000
79642  -57.855  8.886  5.809 0.0000000000
78535  -57.122  8.444  6.136 0.0000000000
79637  -58.082  9.796  6.110 0.0000000000
80768  -58.335  10.680  6.429 0.0000000000
80769  -58.954  11.201  6.048 0.0000000000
81865  -59.377  11.864  6.484 0.0000000000
81872  -59.934  11.517  4.855 0.0000000000
81881  -60.707  11.808  4.581 0.0000000000
82938  -61.463  11.738  4.963 0.0000000000
81882  -61.197  11.679  4.286 0.0000000000
78575  -58.702  8.318  1.595 0.0000000000
78568  -59.116  8.742  2.312 0.0000000000
81899  -61.007  11.317  2.145 0.0000000000
80787  -60.569  11.104  2.394 0.0000000000
81900  -61.312  11.139  2.426 0.0000000000
81893  -61.867  11.005  3.475 0.0000000000
81902  -62.284  10.442  2.932 0.0000000000
152376  -61.789  10.270  -0.983 0.0000000000
59917  -40.427  -8.911  34.225 0.0000000000
59932  -40.666  -8.353  33.630 0.0000000000
154633  -39.740  -8.671  32.646 0.0000000000
56521  -37.034  -11.048  33.762 0.0000000000
57627  -37.706  -10.628  33.655 0.0000000000
143800  -39.760  -9.804  34.995 0.0000000000
58717  -39.805  -9.444  34.246 0.0000000000
65231  -43.369  -3.816  24.414 0.0000000000
137484  -44.249  -3.756  24.296 0.0000000000
65246  -43.701  -3.907  23.428 0.0000000000
65247  -44.687  -3.675  23.531 0.0000000000
65260  -45.179  -3.351  22.897 0.0000000000
77358  -55.021  7.941  11.833 0.0000000000
78486  -55.432  8.700  11.660 0.0000000000
81818  -57.739  11.177  12.084 0.0000000000
81826  -57.619  11.445  11.137 0.0000000000
81827  -58.318  11.815  11.565 0.0000000000
81838  -56.964  11.279  9.822 0.0000000000
80748  -56.313  10.891  9.360 0.0000000000
143154  -11.038  -19.198  50.127 0.0000000000
47786  -10.338  -19.839  49.895 0.0000000000
48825  -10.964  -19.023  51.038 0.0000000000
48811  -10.954  -18.857  51.793 0.0000000000
147814  -10.939  -18.723  52.448 0.0000000000
65173  -38.870  -2.650  29.940 0.0000000000
66189  -39.070  -2.067  29.666 0.0000000000
67274  -39.499  -1.713  29.282 0.0000000000
67280  -39.436  -1.702  28.567 0.0000000000
152694  -38.776  -1.918  28.203 0.0000000000
56247  -20.772  -12.666  52.835 0.0000000000
57348  -28.304  -11.431  48.858 0.0000000000
133045  -28.919  -11.119  49.111 0.0000000000
57336  -29.918  -11.068  50.139 0.0000000000
57326  -30.434  -11.346  50.629 0.0000000000
56258  -31.039  -12.159  51.865 0.0000000000
57337  -30.790  -11.019  50.044 0.0000000000
57338  -31.540  -11.094  50.018 0.0000000000
134891  -31.958  -10.961  49.525 0.0000000000
56387  -38.108  -12.378  42.964 0.0000000000
55257  -37.560  -12.929  42.642 0.0000000000
149524  -37.846  -12.181  43.640 0.0000000000
56337  -37.466  -11.701  44.800 0.0000000000
134620  -37.576  -11.314  45.476 0.0000000000
57424  -37.775  -10.979  46.100 0.0000000000
57425  -38.970  -10.401  46.751 0.0000000000
145538  -18.480  -13.756  49.184 0.0000000000
54098  -18.516  -13.668  49.831 0.0000000000
55158  -18.634  -13.447  50.607 0.0000000000
55159  -19.398  -12.977  50.892 0.0000000000
55143  -19.932  -12.857  51.680 0.0000000000
70724  -46.751  1.899  16.774 0.0000000000
70713  -47.030  1.823  17.541 0.0000000000
71888  -47.744  2.317  17.850 0.0000000000
135700  -48.392  2.823  17.797 0.0000000000
73000  -48.959  3.125  18.112 0.0000000000
140006  -43.503  -5.186  38.399 0.0000000000
63172  -43.465  -5.295  37.436 0.0000000000
63178  -43.285  -5.510  36.523 0.0000000000
61165  -40.844  -6.605  31.810 0.0000000000
62203  -41.324  -6.600  32.525 0.0000000000
64203  -39.969  -4.380  30.954 0.0000000000
149751  -39.847  -5.050  30.390 0.0000000000
132369  -20.308  -13.906  46.012 0.0000000000
54145  -20.926  -13.834  46.734 0.0000000000
132368  -21.162  -13.902  45.856 0.0000000000
132367  -21.902  -13.941  45.770 0.0000000000
54147  -22.684  -13.960  46.040 0.0000000000
134426  -23.679  -13.735  42.755 0.0000000000
54183  -24.219  -13.636  43.548 0.0000000000
149668  -24.791  -13.311  43.997 0.0000000000
55212  -25.599  -12.746  44.800 0.0000000000
55213  -25.726  -12.768  45.574 0.0000000000
56344  -25.875  -12.135  44.275 0.0000000000
56364  -26.456  -11.729  43.708 0.0000000000
136965  -37.412  -11.699  36.723 0.0000000000
148846  -36.628  -11.835  36.290 0.0000000000
56459  -38.124  -11.844  38.195 0.0000000000
56442  -37.865  -12.520  39.670 0.0000000000
141504  -38.480  -11.986  39.276 0.0000000000
138996  -39.144  -11.671  39.952 0.0000000000
58632  -39.799  -10.171  41.842 0.0000000000
58648  -40.028  -10.337  40.891 0.0000000000
58649  -40.633  -9.800  40.466 0.0000000000
59881  -42.218  -8.721  37.322 0.0000000000
59870  -42.098  -8.935  38.139 0.0000000000
59871  -42.611  -8.251  37.980 0.0000000000
61063  -42.756  -7.726  38.688 0.0000000000
61048  -42.773  -7.265  39.299 0.0000000000
139227  -42.806  -6.399  40.247 0.0000000000
62135  -42.940  -6.566  39.507 0.0000000000
63167  -43.348  -5.949  38.961 0.0000000000
53040  -18.205  -14.482  44.291 0.0000000000
53041  -19.002  -14.399  44.001 0.0000000000
68280  -47.117  -0.532  30.369 0.0000000000
68281  -47.581  -0.054  30.819 0.0000000000
157431  -47.787  -0.385  30.283 0.0000000000
131748  -48.121  -0.889  29.169 0.0000000000
66218  -48.100  -2.444  25.951 0.0000000000
67323  -48.617  -2.014  26.513 0.0000000000
132608  -50.512  -0.701  27.260 0.0000000000
68326  -51.425  -0.635  27.034 0.0000000000
68336  -50.977  -1.102  26.525 0.0000000000
67326  -51.391  -1.318  25.947 0.0000000000
67327  -52.119  -1.162  25.927 0.0000000000
137663  -51.652  3.786  14.295 0.0000000000
74097  -51.845  3.822  15.060 0.0000000000
75163  -54.668  5.163  15.436 0.0000000000
77317  -56.992  7.584  15.704 0.0000000000
76228  -56.532  6.776  15.766 0.0000000000
77311  -57.453  7.891  16.585 0.0000000000
82926  -61.219  12.108  6.502 0.0000000000
73067  -47.008  3.201  12.233 0.0000000000
154450  -47.708  3.372  12.122 0.0000000000
135728  -48.740  4.338  11.523 0.0000000000
77365  -50.915  7.637  10.210 0.0000000000
78508  -51.589  8.283  8.829 0.0000000000
78513  -52.169  8.480  8.377 0.0000000000
151148  -11.598  -15.556  56.528 0.0000000000
51898  -10.914  -15.886  56.897 0.0000000000
50819  -10.322  -16.288  57.400 0.0000000000
50827  -9.838  -16.851  56.979 0.0000000000
49794  -8.977  -17.734  59.562 0.0000000000
48744  -7.689  -18.552  59.278 0.0000000000
48749  -7.382  -18.430  58.663 0.0000000000
48748  -6.735  -18.880  58.397 0.0000000000
48743  -6.981  -18.909  59.040 0.0000000000
47701  -6.979  -19.537  59.346 0.0000000000
46612  -6.414  -20.262  59.188 0.0000000000
134100  -6.319  -21.240  59.229 0.0000000000
45554  -7.125  -20.878  59.639 0.0000000000
66120  -43.107  -2.673  36.597 0.0000000000
66115  -43.558  -2.064  37.697 0.0000000000
67211  -42.981  -1.688  36.409 0.0000000000
67222  -42.694  -1.398  35.572 0.0000000000
68247  -41.860  -0.758  33.146 0.0000000000
133962  -42.970  0.042  33.280 0.0000000000
158204  -43.841  0.274  33.424 0.0000000000
69290  -44.413  0.631  34.140 0.0000000000
69311  -44.669  0.380  32.937 0.0000000000
153441  -44.731  0.198  32.288 0.0000000000
69327  -45.161  0.069  31.786 0.0000000000
144608  -40.714  -1.850  26.951 0.0000000000
142422  -41.822  -1.667  27.688 0.0000000000
66211  -41.090  -2.291  26.278 0.0000000000
66229  -41.492  -2.810  25.604 0.0000000000
66230  -42.466  -3.072  25.489 0.0000000000
65229  -40.894  -3.592  24.371 0.0000000000
55163  -23.853  -12.999  50.264 0.0000000000
55147  -24.113  -12.806  51.008 0.0000000000
55164  -24.591  -12.959  50.433 0.0000000000
156858  -28.620  -12.425  52.787 0.0000000000
55116  -28.132  -12.699  53.120 0.0000000000
57559  -27.089  -11.012  37.674 0.0000000000
137002  -26.629  -10.968  38.358 0.0000000000
57542  -27.015  -11.028  39.140 0.0000000000
57511  -27.511  -11.225  40.930 0.0000000000
57496  -28.125  -11.407  41.329 0.0000000000
56403  -28.724  -11.642  41.798 0.0000000000
56384  -29.308  -11.822  42.472 0.0000000000
150808  -32.145  -13.358  36.926 0.0000000000
132358  -31.337  -13.292  36.829 0.0000000000
55318  -32.242  -13.388  38.199 0.0000000000
152057  -32.406  -13.353  39.526 0.0000000000
55236  -34.505  -13.152  43.467 0.0000000000
55253  -33.978  -13.403  42.802 0.0000000000
55235  -33.603  -12.983  43.500 0.0000000000
55234  -32.661  -12.842  43.541 0.0000000000
56370  -31.913  -12.574  43.915 0.0000000000
56349  -32.509  -12.442  44.396 0.0000000000
56332  -32.355  -11.943  45.127 0.0000000000
56314  -32.110  -11.616  45.993 0.0000000000
57420  -33.061  -11.244  47.029 0.0000000000
146703  -33.781  -11.295  47.304 0.0000000000
57371  -34.359  -11.386  48.411 0.0000000000
53023  -14.859  -15.736  46.884 0.0000000000
53016  -15.095  -15.367  47.609 0.0000000000
51984  -14.645  -15.864  47.527 0.0000000000
51976  -14.196  -16.210  47.842 0.0000000000
50919  -13.706  -16.683  48.279 0.0000000000
138783  -14.061  -15.968  48.694 0.0000000000
51969  -14.023  -15.860  49.560 0.0000000000
52989  -14.351  -15.447  50.998 0.0000000000
55098  -18.623  -12.796  54.063 0.0000000000
140786  -43.716  -2.355  19.203 0.0000000000
66305  -44.407  -2.510  20.334 0.0000000000
67378  -44.898  -1.845  20.072 0.0000000000
67379  -45.418  -1.718  20.478 0.0000000000
67380  -45.931  -1.267  20.567 0.0000000000
70656  -48.678  1.480  20.946 0.0000000000
69475  -48.341  0.704  21.352 0.0000000000
69476  -49.002  1.176  21.742 0.0000000000
70632  -49.966  1.080  22.927 0.0000000000
69440  -50.871  0.871  24.021 0.0000000000
70634  -51.033  1.590  23.808 0.0000000000
135821  -51.395  2.048  23.912 0.0000000000
71821  -51.956  2.248  24.462 0.0000000000
74068  -52.459  4.703  18.533 0.0000000000
74067  -51.687  4.403  18.615 0.0000000000
75117  -52.977  5.065  18.977 0.0000000000
75104  -52.808  5.102  19.945 0.0000000000
75093  -53.010  5.210  20.888 0.0000000000
78522  -53.996  8.569  7.378 0.0000000000
79628  -54.327  9.130  7.768 0.0000000000
78523  -54.782  8.842  7.281 0.0000000000
78533  -55.476  8.304  6.753 0.0000000000
79643  -58.455  9.424  5.372 0.0000000000
80780  -58.950  10.081  4.866 0.0000000000
79648  -59.237  9.821  4.005 0.0000000000
78582  -58.390  8.601  0.133 0.0000000000
140925  -58.927  8.676  0.722 0.0000000000
78576  -59.401  9.159  1.391 0.0000000000
150240  -59.906  10.134  1.493 0.0000000000
81906  -60.804  11.118  1.592 0.0000000000
81907  -61.197  11.144  1.521 0.0000000000
81908  -61.775  10.841  1.498 0.0000000000
151594  -62.199  9.694  -1.911 0.0000000000
80836  -62.409  9.734  -1.288 0.0000000000
79715  -62.589  9.352  -2.076 0.0000000000
61093  -42.814  -7.227  36.359 0.0000000000
62170  -42.790  -6.696  35.698 0.0000000000
62192  -41.348  -7.219  33.101 0.0000000000
141888  -40.880  -7.799  33.159 0.0000000000
153293  -40.396  -7.321  31.641 0.0000000000
54180  -20.976  -14.150  43.769 0.0000000000
54193  -23.200  -13.813  42.008 0.0000000000
55264  -23.973  -13.151  40.985 0.0000000000
146603  -35.794  -11.684  33.885 0.0000000000
152794  -35.887  -11.734  34.583 0.0000000000
135681  -37.016  -11.400  35.100 0.0000000000
56510  -37.403  -11.022  34.443 0.0000000000
56486  -37.323  -11.499  35.873 0.0000000000
56487  -38.172  -11.244  36.194 0.0000000000
142754  -38.894  -11.072  36.895 0.0000000000
142777  -39.632  -10.852  37.534 0.0000000000
57565  -40.362  -10.521  38.131 0.0000000000
135857  -41.142  -9.701  37.074 0.0000000000
58693  -41.628  -9.100  36.645 0.0000000000
156319  -42.198  -8.449  36.626 0.0000000000
61092  -42.395  -7.889  36.197 0.0000000000
66203  -44.957  -2.483  27.186 0.0000000000
66204  -45.955  -2.540  27.132 0.0000000000
66217  -46.376  -2.818  26.357 0.0000000000
66233  -45.511  -3.362  24.990 0.0000000000
138763  -47.261  -2.693  26.181 0.0000000000
66235  -47.580  -2.712  25.294 0.0000000000
66236  -48.421  -2.391  25.153 0.0000000000
67343  -48.744  -2.038  24.368 0.0000000000
75187  -53.358  5.627  12.598 0.0000000000
75176  -54.364  5.537  13.687 0.0000000000
76255  -54.813  6.129  13.229 0.0000000000
76256  -55.461  6.519  13.491 0.0000000000
77332  -56.037  7.010  13.772 0.0000000000
77349  -56.133  7.962  12.734 0.0000000000
77333  -56.362  7.715  13.389 0.0000000000
144955  -56.550  7.490  14.193 0.0000000000
78447  -57.050  8.106  14.831 0.0000000000
79563  -58.133  9.155  15.785 0.0000000000
82884  -58.887  12.177  11.043 0.0000000000
82911  -59.622  12.395  8.643 0.0000000000
81852  -58.995  12.133  8.050 0.0000000000
47772  -10.547  -19.714  50.777 0.0000000000
46663  -9.272  -20.616  51.065 0.0000000000
65146  -41.591  -3.180  33.650 0.0000000000
66151  -40.973  -2.740  33.044 0.0000000000
67246  -40.949  -1.904  32.970 0.0000000000
67251  -40.770  -1.597  32.219 0.0000000000
149314  -39.972  -1.848  31.031 0.0000000000
67259  -40.531  -1.540  31.524 0.0000000000
68255  -40.993  -0.950  31.900 0.0000000000
68264  -40.866  -0.969  31.117 0.0000000000
145519  -41.467  -0.744  31.432 0.0000000000
135722  -42.041  -0.748  29.902 0.0000000000
68291  -41.352  -0.902  29.739 0.0000000000
150348  -41.251  -1.078  28.772 0.0000000000
67296  -40.411  -1.553  27.739 0.0000000000
67281  -39.977  -1.496  28.306 0.0000000000
66227  -39.778  -2.495  25.521 0.0000000000
66246  -38.688  -2.825  24.760 0.0000000000
56283  -26.643  -12.205  49.572 0.0000000000
56272  -26.744  -12.173  50.537 0.0000000000
158585  -27.336  -11.877  50.767 0.0000000000
152137  -28.143  -11.832  51.805 0.0000000000
56274  -28.624  -11.493  50.373 0.0000000000
56264  -28.529  -11.651  51.130 0.0000000000
55134  -29.034  -12.170  52.473 0.0000000000
136964  -26.821  -10.942  36.981 0.0000000000
142755  -27.491  -11.273  36.960 0.0000000000
56456  -28.397  -11.703  38.410 0.0000000000
55285  -34.476  -13.527  40.384 0.0000000000
55286  -35.258  -13.494  40.436 0.0000000000
133548  -35.416  -13.589  41.894 0.0000000000
55237  -36.232  -13.111  43.390 0.0000000000
154558  -35.397  -13.236  43.383 0.0000000000
55222  -35.121  -12.742  44.099 0.0000000000
56334  -34.918  -11.869  45.404 0.0000000000
57422  -35.770  -11.516  46.819 0.0000000000
57398  -36.603  -11.479  47.166 0.0000000000
141593  -37.249  -11.696  47.966 0.0000000000
133831  -37.249  -11.297  46.670 0.0000000000
57399  -37.475  -11.383  47.370 0.0000000000
51991  -15.771  -14.977  46.180 0.0000000000
142240  -16.052  -14.777  46.962 0.0000000000
53000  -15.844  -14.619  49.604 0.0000000000
54086  -16.117  -14.031  51.010 0.0000000000
54096  -16.906  -13.857  50.665 0.0000000000
54078  -17.670  -13.491  51.877 0.0000000000
55123  -17.978  -12.967  52.677 0.0000000000
152308  -18.725  -13.115  51.259 0.0000000000
55124  -18.820  -12.890  52.495 0.0000000000
55110  -18.643  -12.836  53.243 0.0000000000
68471  -45.050  -0.485  17.797 0.0000000000
68463  -45.950  -0.256  19.059 0.0000000000
69528  -45.750  -0.027  18.199 0.0000000000
69509  -47.070  0.810  19.285 0.0000000000
70672  -47.711  1.227  19.714 0.0000000000
70702  -47.260  1.678  18.286 0.0000000000
70686  -47.457  1.474  18.972 0.0000000000
70674  -48.955  2.068  20.583 0.0000000000
71852  -50.111  2.664  21.609 0.0000000000
77414  -53.027  7.200  5.415 0.0000000000
148339  -53.557  7.157  5.640 0.0000000000
77425  -54.490  7.225  4.620 0.0000000000
78593  -58.677  8.745  -0.679 0.0000000000
80820  -60.816  10.453  -0.425 0.0000000000
79690  -60.396  9.625  -0.911 0.0000000000
134684  -60.900  10.065  -0.983 0.0000000000
80833  -61.433  9.906  -1.668 0.0000000000
147394  -60.259  8.883  -2.493 0.0000000000
150834  -61.704  9.695  -2.303 0.0000000000
50884  -12.603  -16.691  52.302 0.0000000000
50883  -11.937  -17.050  52.733 0.0000000000
50876  -12.417  -16.501  53.150 0.0000000000
51934  -12.182  -16.247  53.992 0.0000000000
52930  -12.022  -14.893  56.984 0.0000000000
153015  -43.668  -2.964  39.133 0.0000000000
66109  -43.561  -3.437  38.234 0.0000000000
151946  -43.393  -3.545  37.176 0.0000000000
65138  -41.999  -3.587  34.230 0.0000000000
62180  -42.623  -6.228  34.961 0.0000000000
63204  -41.940  -5.692  33.391 0.0000000000
64179  -42.267  -5.011  33.908 0.0000000000
152758  -41.848  -4.167  33.616 0.0000000000
65162  -39.801  -3.381  31.136 0.0000000000
144368  -39.465  -3.725  30.561 0.0000000000
65181  -38.066  -2.856  28.923 0.0000000000
55174  -21.912  -13.446  49.367 0.0000000000
144817  -22.813  -13.430  49.407 0.0000000000
54119  -22.011  -13.708  48.010 0.0000000000
55187  -22.437  -13.612  48.679 0.0000000000
55175  -23.669  -13.398  49.531 0.0000000000
55189  -24.317  -13.543  48.867 0.0000000000
133454  -25.172  -13.282  49.132 0.0000000000
54171  -21.716  -14.014  43.775 0.0000000000
54160  -22.477  -13.985  45.128 0.0000000000
54161  -23.503  -13.976  45.457 0.0000000000
139850  -23.879  -13.921  44.782 0.0000000000
54134  -24.225  -13.801  46.941 0.0000000000
155545  -24.568  -13.629  47.525 0.0000000000
55190  -25.748  -12.882  48.546 0.0000000000
55178  -26.310  -12.475  48.871 0.0000000000
141505  -27.167  -11.807  48.142 0.0000000000
56312  -26.638  -12.033  46.547 0.0000000000
56304  -27.634  -11.635  47.444 0.0000000000
57414  -28.056  -11.473  46.767 0.0000000000
57415  -28.796  -11.355  46.841 0.0000000000
134913  -29.185  -11.397  46.169 0.0000000000
148766  -32.434  -12.951  35.389 0.0000000000
153389  -32.109  -13.243  36.193 0.0000000000
133545  -34.611  -13.200  38.758 0.0000000000
131676  -34.965  -12.238  35.249 0.0000000000
132710  -34.576  -12.474  35.780 0.0000000000
55348  -35.838  -12.197  36.500 0.0000000000
55347  -34.935  -12.533  36.563 0.0000000000
149112  -34.795  -12.781  37.360 0.0000000000
134580  -35.489  -12.943  38.754 0.0000000000
141075  -35.795  -13.342  40.123 0.0000000000
139623  -37.879  -12.849  41.201 0.0000000000
56406  -38.097  -12.681  42.094 0.0000000000
152220  -38.558  -11.727  42.953 0.0000000000
57471  -38.628  -11.202  43.395 0.0000000000
58588  -39.318  -9.690  44.697 0.0000000000
156619  -39.218  -9.808  44.002 0.0000000000
59811  -39.664  -9.346  43.953 0.0000000000
59812  -40.335  -8.637  43.802 0.0000000000
58617  -40.227  -9.419  42.251 0.0000000000
60992  -40.892  -7.973  43.235 0.0000000000
60993  -41.519  -7.450  43.623 0.0000000000
62100  -41.958  -6.849  43.178 0.0000000000
59858  -41.216  -9.303  40.032 0.0000000000
59859  -41.845  -8.731  39.600 0.0000000000
143441  -41.736  -7.518  41.959 0.0000000000
153990  -41.946  -6.939  42.486 0.0000000000
62101  -42.484  -6.338  42.607 0.0000000000
63155  -42.918  -5.727  40.766 0.0000000000
152706  -16.455  -14.953  43.942 0.0000000000
136500  -16.770  -14.760  44.817 0.0000000000
150581  -17.914  -14.394  45.856 0.0000000000
54168  -18.419  -14.349  45.205 0.0000000000
133873  -18.700  -14.122  46.001 0.0000000000
54130  -19.597  -13.813  47.786 0.0000000000
71716  -49.138  1.792  33.041 0.0000000000
70519  -49.687  1.176  31.524 0.0000000000
70520  -50.542  1.464  31.404 0.0000000000
70521  -51.391  1.758  31.276 0.0000000000
67286  -46.887  -1.699  28.437 0.0000000000
67287  -47.920  -1.406  28.355 0.0000000000
68298  -48.960  -0.426  29.191 0.0000000000
68314  -48.831  -1.199  27.914 0.0000000000
141470  -49.322  -0.652  28.392 0.0000000000
69356  -49.615  0.136  29.421 0.0000000000
69378  -52.835  -0.181  27.462 0.0000000000
73017  -49.059  3.011  15.820 0.0000000000
73018  -49.493  3.236  16.600 0.0000000000
73019  -50.332  3.414  16.201 0.0000000000
73020  -51.041  3.804  16.791 0.0000000000
74084  -51.858  4.146  17.011 0.0000000000
74085  -52.589  4.328  16.738 0.0000000000
74076  -52.327  4.457  17.709 0.0000000000
74069  -53.111  4.868  18.118 0.0000000000
141816  -54.573  5.522  18.908 0.0000000000
75170  -54.582  5.320  14.555 0.0000000000
75164  -55.212  5.462  15.868 0.0000000000
75151  -55.324  5.488  16.653 0.0000000000
75139  -55.321  5.589  17.550 0.0000000000
45571  -4.592  -21.862  57.447 0.0000000000
64292  -41.409  -4.316  20.629 0.0000000000
65287  -41.922  -3.940  20.239 0.0000000000
65306  -42.509  -3.467  19.703 0.0000000000
66317  -43.101  -2.851  19.256 0.0000000000
154839  -42.807  -2.714  18.676 0.0000000000
66330  -43.307  -2.298  18.535 0.0000000000
67404  -43.821  -1.643  17.975 0.0000000000
67422  -43.199  -1.346  16.481 0.0000000000
153104  -43.779  -1.077  16.687 0.0000000000
69541  -44.808  -0.213  16.957 0.0000000000
70711  -45.808  0.913  16.967 0.0000000000
70721  -44.772  0.925  15.953 0.0000000000
70722  -45.479  1.216  16.254 0.0000000000
70723  -46.136  1.533  16.542 0.0000000000
153169  -46.452  1.973  16.143 0.0000000000
71906  -47.099  2.271  16.124 0.0000000000
71915  -47.529  2.519  15.243 0.0000000000
71929  -46.860  2.541  14.466 0.0000000000
71916  -48.403  2.744  15.497 0.0000000000
73025  -49.018  2.839  14.961 0.0000000000
73036  -49.771  3.080  14.446 0.0000000000
73037  -50.537  3.327  14.423 0.0000000000
73053  -50.350  3.358  13.695 0.0000000000
73054  -51.066  3.600  13.954 0.0000000000
74105  -51.727  4.049  13.466 0.0000000000
150237  -52.470  4.441  13.412 0.0000000000
74106  -52.876  4.983  13.007 0.0000000000
75193  -49.766  5.217  11.368 0.0000000000
74132  -50.245  4.654  11.894 0.0000000000
75185  -51.184  4.826  12.129 0.0000000000
137245  -51.883  5.294  12.140 0.0000000000
75186  -52.579  5.416  12.343 0.0000000000
76270  -52.966  6.201  12.056 0.0000000000
76282  -53.401  7.162  11.660 0.0000000000
152491  -52.574  7.406  11.280 0.0000000000
78484  -53.768  8.159  11.187 0.0000000000
78501  -54.098  8.914  10.625 0.0000000000
79608  -54.471  9.613  10.065 0.0000000000
79618  -54.995  10.102  9.515 0.0000000000
79616  -53.655  9.246  8.754 0.0000000000
77412  -51.546  7.368  5.696 0.0000000000
77413  -52.358  7.250  5.558 0.0000000000
49874  -11.736  -17.775  52.423 0.0000000000
49873  -11.213  -18.253  52.853 0.0000000000
49857  -10.885  -18.100  53.652 0.0000000000
50857  -10.934  -17.068  54.840 0.0000000000
49840  -10.642  -17.868  54.529 0.0000000000
48772  -10.194  -18.692  54.113 0.0000000000
48771  -9.351  -18.971  54.834 0.0000000000
47718  -8.491  -19.404  55.192 0.0000000000
50813  -10.276  -16.094  58.974 0.0000000000
50812  -9.723  -16.569  58.627 0.0000000000
49807  -9.182  -17.212  57.433 0.0000000000
50805  -9.079  -17.039  59.032 0.0000000000
48762  -8.872  -18.773  55.670 0.0000000000
47717  -7.626  -19.649  55.501 0.0000000000
48752  -6.638  -18.974  57.493 0.0000000000
47712  -6.368  -19.581  56.735 0.0000000000
45567  -4.970  -22.135  58.191 0.0000000000
44599  -5.615  -22.538  58.665 0.0000000000
44591  -6.333  -22.280  59.193 0.0000000000
71649  -49.393  2.267  36.324 0.0000000000
135546  -48.424  2.276  35.521 0.0000000000
67188  -44.085  -1.591  39.656 0.0000000000
67194  -43.725  -1.655  38.224 0.0000000000
68230  -42.890  -0.538  35.377 0.0000000000
68239  -42.641  -0.461  34.428 0.0000000000
70456  -43.903  0.393  36.197 0.0000000000
70457  -44.469  0.827  36.772 0.0000000000
71645  -45.920  1.639  36.488 0.0000000000
71660  -46.133  1.791  36.012 0.0000000000
70481  -45.667  1.214  34.589 0.0000000000
71680  -46.946  1.938  35.056 0.0000000000
70483  -47.256  1.650  34.304 0.0000000000
69314  -47.159  0.611  32.240 0.0000000000
147633  -45.870  0.180  31.930 0.0000000000
69342  -45.819  -0.218  31.222 0.0000000000
69343  -46.774  -0.163  31.013 0.0000000000
68279  -46.254  -0.653  30.461 0.0000000000
68311  -45.321  -1.489  29.024 0.0000000000
158388  -45.261  -1.840  28.371 0.0000000000
68292  -42.862  -0.821  29.581 0.0000000000
68309  -43.504  -1.221  28.927 0.0000000000
67298  -42.575  -1.627  28.010 0.0000000000
67282  -43.209  -1.556  28.347 0.0000000000
67283  -44.001  -1.719  28.305 0.0000000000
146743  -44.767  -1.986  27.949 0.0000000000
67320  -44.199  -2.571  26.907 0.0000000000
65217  -43.120  -3.516  25.077 0.0000000000
65230  -42.537  -3.664  24.660 0.0000000000
64268  -41.574  -4.452  21.860 0.0000000000
65199  -37.281  -3.008  27.776 0.0000000000
67312  -37.237  -2.681  26.137 0.0000000000
146036  -38.006  -2.810  24.579 0.0000000000
152812  -38.495  -3.289  24.027 0.0000000000
131947  -37.880  -3.561  23.413 0.0000000000
65242  -39.371  -3.728  23.803 0.0000000000
65254  -39.602  -4.270  23.046 0.0000000000
64266  -39.893  -4.612  22.186 0.0000000000
64267  -40.816  -4.567  22.029 0.0000000000
64280  -41.134  -4.498  21.261 0.0000000000
141271  -21.852  -12.848  51.026 0.0000000000
55146  -22.446  -12.815  51.516 0.0000000000
55149  -26.181  -12.612  51.082 0.0000000000
56253  -26.748  -12.473  52.100 0.0000000000
55279  -23.922  -13.051  40.094 0.0000000000
55280  -24.508  -12.586  40.527 0.0000000000
56421  -24.979  -12.023  40.972 0.0000000000
56401  -25.736  -11.959  42.278 0.0000000000
56382  -26.376  -11.671  42.763 0.0000000000
57468  -27.190  -11.451  43.125 0.0000000000
57480  -27.498  -11.421  42.229 0.0000000000
57455  -28.386  -11.487  44.590 0.0000000000
57436  -28.809  -11.467  45.373 0.0000000000
146698  -29.861  -11.440  46.230 0.0000000000
148901  -29.165  -12.478  36.126 0.0000000000
55332  -30.491  -12.947  37.141 0.0000000000
56484  -29.027  -12.244  36.912 0.0000000000
56470  -29.129  -12.165  37.515 0.0000000000
132666  -29.123  -11.976  38.688 0.0000000000
56441  -29.526  -12.134  39.254 0.0000000000
55284  -33.503  -13.493  40.381 0.0000000000
55283  -32.496  -13.321  40.322 0.0000000000
146420  -32.199  -13.174  41.084 0.0000000000
55282  -31.620  -12.960  40.650 0.0000000000
55281  -30.795  -12.709  40.118 0.0000000000
56424  -29.921  -12.233  39.961 0.0000000000
56423  -29.409  -11.922  40.551 0.0000000000
56404  -29.552  -11.964  41.478 0.0000000000
137953  -30.025  -12.027  43.027 0.0000000000
56369  -31.173  -12.405  43.761 0.0000000000
56348  -30.587  -11.943  44.331 0.0000000000
56368  -29.953  -11.848  43.773 0.0000000000
56329  -30.165  -11.717  45.014 0.0000000000
57392  -30.326  -11.021  47.621 0.0000000000
133930  -30.893  -10.950  48.092 0.0000000000
57351  -31.932  -10.888  48.926 0.0000000000
57339  -32.258  -11.218  49.927 0.0000000000
57369  -32.745  -10.987  48.363 0.0000000000
57352  -32.703  -11.039  49.289 0.0000000000
153256  -32.902  -11.419  49.851 0.0000000000
144818  -35.185  -11.463  47.405 0.0000000000
134357  -35.139  -11.475  48.038 0.0000000000
155792  -35.568  -12.012  49.490 0.0000000000
50900  -12.383  -17.464  51.038 0.0000000000
51989  -14.482  -16.164  46.151 0.0000000000
49921  -12.636  -17.917  47.133 0.0000000000
49914  -12.652  -17.805  48.230 0.0000000000
49905  -12.592  -17.697  49.181 0.0000000000
49896  -12.501  -17.599  50.109 0.0000000000
50892  -12.769  -16.840  51.443 0.0000000000
54068  -17.195  -13.016  53.889 0.0000000000
65272  -43.740  -3.542  21.342 0.0000000000
65273  -44.222  -3.513  21.900 0.0000000000
66274  -44.885  -3.188  22.076 0.0000000000
66290  -45.331  -2.612  21.519 0.0000000000
66275  -45.641  -2.875  22.317 0.0000000000
66264  -46.759  -2.554  23.038 0.0000000000
67350  -48.042  -2.095  23.659 0.0000000000
68446  -46.084  -0.622  19.919 0.0000000000
68424  -46.517  -0.752  20.668 0.0000000000
68404  -46.902  -0.786  21.206 0.0000000000
68406  -48.024  -0.040  21.769 0.0000000000
68405  -47.430  -0.461  21.439 0.0000000000
68384  -47.748  -0.809  22.128 0.0000000000
67360  -48.084  -1.353  22.917 0.0000000000
142102  -49.503  -1.721  24.626 0.0000000000
67345  -50.684  -1.270  24.809 0.0000000000
158520  -51.148  -1.176  25.064 0.0000000000
68346  -52.527  -0.901  25.603 0.0000000000
69419  -51.439  0.204  24.507 0.0000000000
69404  -52.771  -0.277  25.334 0.0000000000
73009  -49.608  3.374  17.542 0.0000000000
73001  -49.693  3.423  18.426 0.0000000000
74066  -50.970  4.163  19.199 0.0000000000
72989  -50.374  3.777  19.698 0.0000000000
72978  -50.459  3.602  20.555 0.0000000000
72969  -50.618  3.320  21.464 0.0000000000
72957  -51.036  3.365  22.167 0.0000000000
72958  -51.609  3.726  22.470 0.0000000000
71830  -52.213  3.156  24.108 0.0000000000
80755  -56.372  10.661  8.518 0.0000000000
81851  -57.720  11.317  8.020 0.0000000000
81857  -58.473  11.633  7.585 0.0000000000
77405  -54.751  7.411  6.103 0.0000000000
78542  -56.884  7.782  5.692 0.0000000000
79631  -57.658  10.259  6.755 0.0000000000
81858  -59.161  12.032  7.273 0.0000000000
82924  -59.919  12.275  7.000 0.0000000000
81866  -60.098  12.151  6.187 0.0000000000
82932  -60.805  12.233  5.938 0.0000000000
80775  -59.243  10.975  5.240 0.0000000000
81873  -60.350  12.010  5.381 0.0000000000
82933  -61.406  11.998  5.723 0.0000000000
81874  -62.037  11.277  5.362 0.0000000000
77436  -58.268  7.869  3.297 0.0000000000
78561  -58.868  8.454  3.185 0.0000000000
80786  -59.822  10.597  3.399 0.0000000000
80793  -59.932  10.395  2.434 0.0000000000
155973  -60.157  10.894  2.838 0.0000000000
143253  -60.874  11.586  3.692 0.0000000000
81892  -61.303  11.343  3.426 0.0000000000
80821  -61.759  10.543  -0.415 0.0000000000
154784  -62.054  10.493  -0.213 0.0000000000
46654  -9.511  -20.441  51.805 0.0000000000
47706  -6.138  -19.395  58.137 0.0000000000
48737  -8.129  -18.898  59.880 0.0000000000
48745  -8.323  -18.166  59.476 0.0000000000
48757  -8.556  -18.498  56.300 0.0000000000
48840  -11.640  -18.684  50.061 0.0000000000
49799  -7.922  -17.902  58.887 0.0000000000
49806  -8.494  -17.584  57.842 0.0000000000
49858  -11.547  -17.629  53.255 0.0000000000
50818  -9.721  -16.641  57.865 0.0000000000
50828  -10.538  -16.543  56.527 0.0000000000
54095  -16.317  -14.113  50.101 0.0000000000
54115  -18.105  -13.815  48.810 0.0000000000
54120  -22.897  -13.714  47.954 0.0000000000
54131  -21.523  -13.778  47.385 0.0000000000
54157  -19.827  -13.999  45.425 0.0000000000
54179  -19.844  -14.383  43.010 0.0000000000
55117  -29.047  -12.793  53.095 0.0000000000
55126  -20.363  -12.795  52.340 0.0000000000
55141  -18.393  -13.060  51.866 0.0000000000
55191  -26.420  -12.369  48.069 0.0000000000
55204  -24.838  -13.622  46.421 0.0000000000
55205  -25.447  -13.182  46.354 0.0000000000
55232  -24.897  -12.930  43.206 0.0000000000
55238  -37.225  -12.773  43.434 0.0000000000
55299  -31.901  -13.290  38.994 0.0000000000
55321  -35.107  -12.868  38.012 0.0000000000
55322  -36.031  -12.637  38.091 0.0000000000
56252  -26.201  -12.632  51.776 0.0000000000
56255  -28.805  -11.799  51.879 0.0000000000
56263  -27.715  -11.836  51.303 0.0000000000
56267  -32.209  -11.920  51.091 0.0000000000
56275  -29.198  -11.388  50.640 0.0000000000
56278  -33.466  -11.818  50.207 0.0000000000
56315  -32.941  -11.527  46.316 0.0000000000
56317  -35.280  -11.634  46.085 0.0000000000
56327  -26.434  -12.053  45.653 0.0000000000
56347  -29.830  -11.713  44.440 0.0000000000
56365  -27.149  -11.526  44.107 0.0000000000
56366  -28.812  -11.595  42.987 0.0000000000
56400  -25.144  -12.284  41.817 0.0000000000
56405  -30.147  -12.310  40.791 0.0000000000
56457  -29.144  -12.072  38.035 0.0000000000
57327  -31.092  -11.446  50.614 0.0000000000
57374  -37.935  -11.499  47.881 0.0000000000
57389  -28.388  -11.404  47.504 0.0000000000
57393  -31.134  -11.122  47.439 0.0000000000
57394  -32.465  -11.103  47.553 0.0000000000
57395  -33.666  -11.209  48.046 0.0000000000
57441  -38.194  -10.796  45.520 0.0000000000
57454  -27.648  -11.499  44.631 0.0000000000
57495  -27.644  -11.351  41.593 0.0000000000
57498  -39.333  -10.811  42.019 0.0000000000
57509  -26.243  -11.198  40.267 0.0000000000
58672  -41.543  -9.503  38.371 0.0000000000
58718  -40.259  -9.342  34.758 0.0000000000
61109  -42.542  -7.362  35.749 0.0000000000
62083  -41.989  -6.866  43.936 0.0000000000
63213  -41.621  -5.965  32.754 0.0000000000
64145  -43.301  -5.070  40.147 0.0000000000
64278  -39.284  -4.813  21.422 0.0000000000
65139  -42.459  -3.533  34.832 0.0000000000
65219  -44.687  -3.527  25.026 0.0000000000
65240  -36.509  -3.235  23.322 0.0000000000
65253  -38.714  -3.925  23.247 0.0000000000
66265  -47.304  -2.554  23.705 0.0000000000
66319  -44.289  -2.091  19.589 0.0000000000
67199  -43.321  -2.022  37.082 0.0000000000
67295  -39.448  -1.717  27.722 0.0000000000
67301  -45.555  -2.115  27.802 0.0000000000
67333  -37.767  -2.347  26.122 0.0000000000
67339  -51.641  -1.088  25.411 0.0000000000
67344  -50.032  -1.346  24.445 0.0000000000
67351  -49.353  -1.383  23.913 0.0000000000
67368  -46.441  -1.436  21.324 0.0000000000
68184  -44.552  -1.174  40.204 0.0000000000
68295  -45.787  -1.048  29.770 0.0000000000
68299  -49.644  -0.162  28.808 0.0000000000
68337  -51.908  -1.081  26.413 0.0000000000
68357  -51.997  -0.449  25.050 0.0000000000
68368  -49.512  -0.568  23.434 0.0000000000
68470  -44.277  -0.975  17.326 0.0000000000
69257  -44.269  0.034  38.209 0.0000000000
69272  -43.899  0.168  36.969 0.0000000000
69325  -43.509  0.018  31.796 0.0000000000
69355  -48.308  -0.434  29.847 0.0000000000
69368  -52.125  0.618  28.125 0.0000000000
69439  -50.328  0.553  23.542 0.0000000000
70470  -45.512  1.385  35.920 0.0000000000
70471  -46.124  1.559  35.298 0.0000000000
70479  -44.226  0.709  34.847 0.0000000000
70633  -50.576  1.365  23.351 0.0000000000
71863  -48.923  2.366  20.064 0.0000000000
71875  -49.245  2.875  19.735 0.0000000000
72988  -49.747  3.368  19.299 0.0000000000
73068  -48.438  3.365  12.362 0.0000000000
74091  -52.645  4.140  15.260 0.0000000000
74117  -49.816  3.962  12.195 0.0000000000
76254  -54.107  5.866  12.915 0.0000000000
76272  -54.555  6.480  12.543 0.0000000000
77323  -56.228  6.868  14.447 0.0000000000
78455  -57.291  8.888  14.274 0.0000000000
80742  -56.967  11.162  10.653 0.0000000000
80756  -56.976  10.893  8.114 0.0000000000
80823  -62.671  9.705  -0.349 0.0000000000
80835  -62.199  9.861  -1.475 0.0000000000
81845  -57.658  11.682  9.558 0.0000000000
81890  -60.475  11.220  3.179 0.0000000000
81928  -61.369  10.830  0.070 0.0000000000
81930  -62.334  10.263  0.084 0.0000000000
82934  -61.790  11.599  5.524 0.0000000000
82939  -61.903  11.397  4.928 0.0000000000
132020  -54.923  9.500  7.871 0.0000000000
132360  -32.607  -13.338  37.437 0.0000000000
132361  -31.778  -13.344  37.535 0.0000000000
132703  -37.983  -2.123  27.262 0.0000000000
135025  -49.767  3.168  15.833 0.0000000000
138180  -31.286  -10.936  49.447 0.0000000000
139200  -35.069  -11.577  48.726 0.0000000000
140948  -28.255  -11.712  36.926 0.0000000000
144234  -56.496  10.699  10.929 0.0000000000
148926  -33.254  -12.714  35.181 0.0000000000
150246  -52.797  4.272  15.998 0.0000000000
151378  -40.196  -2.154  31.643 0.0000000000
151660  -34.156  -11.873  45.376 0.0000000000
153451  -61.116  11.894  4.750 0.0000000000
153535  -50.151  0.523  29.544 0.0000000000
153593  -23.825  -13.878  44.214 0.0000000000
154783  -41.298  -0.967  29.232 0.0000000000
155300  -61.594  11.118  2.973 0.0000000000
155441  -43.293  -3.523  20.794 0.0000000000
155708  -16.264  -14.698  47.486 0.0000000000
156627  -41.515  -8.699  40.433 0.0000000000
157087  -29.691  -11.647  44.891 0.0000000000
157099  -21.865  -13.991  44.550 0.0000000000
157111  -29.267  -11.916  39.827 0.0000000000
157652  -36.128  -2.972  23.712 0.0000000000
