#!ascii label  , from subject freesurfer vox2ras=TkReg
1083
58745  -38.411  -9.752  32.619 0.0000000000
53116  -19.674  -14.225  36.711 0.0000000000
55378  -27.938  -12.361  33.048 0.0000000000
79612  -45.860  9.202  8.967 0.0000000000
80790  -51.325  10.961  2.410 0.0000000000
54188  -11.747  -13.471  42.572 0.0000000000
133720  -42.624  7.463  12.921 0.0000000000
62224  -39.431  -6.106  29.574 0.0000000000
55381  -34.298  -12.259  33.004 0.0000000000
54219  -15.128  -13.659  38.879 0.0000000000
150097  -15.740  -15.478  43.701 0.0000000000
58815  -34.072  -10.321  28.388 0.0000000000
61200  -35.167  -7.917  26.996 0.0000000000
57602  -23.912  -10.654  33.881 0.0000000000
57645  -30.276  -9.860  30.212 0.0000000000
66357  -39.135  -2.046  15.800 0.0000000000
71939  -41.941  2.625  13.645 0.0000000000
74128  -46.511  4.089  11.140 0.0000000000
47813  -7.825  -19.785  47.182 0.0000000000
47756  -4.914  -20.595  51.405 0.0000000000
63271  -32.466  -5.450  25.421 0.0000000000
66270  -32.745  -3.311  22.152 0.0000000000
64317  -35.738  -4.284  18.811 0.0000000000
49936  -11.335  -18.248  44.601 0.0000000000
53081  -19.969  -14.573  39.960 0.0000000000
54221  -22.609  -13.863  39.296 0.0000000000
143457  -36.317  -11.317  32.658 0.0000000000
56465  -18.645  -10.876  36.904 0.0000000000
54236  -17.518  -13.800  37.424 0.0000000000
53079  -17.676  -14.897  40.782 0.0000000000
58781  -34.029  -9.602  30.225 0.0000000000
57673  -32.350  -10.587  28.987 0.0000000000
70732  -37.531  1.795  15.097 0.0000000000
68497  -40.442  -0.097  14.677 0.0000000000
73033  -39.045  3.659  14.068 0.0000000000
74138  -43.487  5.421  10.784 0.0000000000
76299  -45.608  6.959  9.122 0.0000000000
75219  -48.177  6.126  9.955 0.0000000000
77389  -47.359  7.643  7.509 0.0000000000
78529  -48.799  7.964  5.934 0.0000000000
64221  -33.437  -5.319  30.240 0.0000000000
62236  -33.851  -6.695  26.256 0.0000000000
64228  -31.553  -4.507  28.522 0.0000000000
68361  -30.527  -1.031  24.010 0.0000000000
68395  -31.589  -0.409  21.059 0.0000000000
65266  -33.451  -3.318  20.605 0.0000000000
67390  -33.645  -0.920  18.735 0.0000000000
67403  -35.377  -0.925  17.291 0.0000000000
57621  -25.940  -10.682  33.375 0.0000000000
50946  -9.377  -16.435  44.567 0.0000000000
52010  -10.671  -15.769  42.894 0.0000000000
45595  -5.184  -22.111  53.137 0.0000000000
44624  -3.405  -22.517  53.885 0.0000000000
76218  -40.790  6.700  15.214 0.0000000000
64232  -38.362  -4.825  28.775 0.0000000000
132895  -31.114  -12.866  32.916 0.0000000000
153544  -13.089  -12.852  41.029 0.0000000000
133389  -13.310  -16.163  41.665 0.0000000000
139469  -15.010  -15.556  40.641 0.0000000000
80796  -52.369  11.373  1.449 0.0000000000
144701  -36.374  -10.639  30.038 0.0000000000
58800  -37.221  -9.505  29.332 0.0000000000
58816  -35.401  -9.357  28.019 0.0000000000
57584  -20.005  -10.606  35.311 0.0000000000
140430  -22.053  -13.115  34.953 0.0000000000
58724  -21.547  -9.673  33.264 0.0000000000
152628  -24.188  -8.992  31.591 0.0000000000
146707  -26.106  -9.720  30.652 0.0000000000
58741  -28.675  -8.969  31.397 0.0000000000
55400  -28.441  -12.049  30.473 0.0000000000
55418  -31.336  -12.353  30.218 0.0000000000
56534  -34.621  -11.847  30.589 0.0000000000
65326  -40.628  -3.786  18.280 0.0000000000
74114  -41.342  4.714  12.319 0.0000000000
73063  -44.081  3.592  11.984 0.0000000000
78548  -50.538  8.428  4.540 0.0000000000
46688  -6.305  -20.865  49.440 0.0000000000
45597  -6.891  -21.691  52.505 0.0000000000
61202  -37.208  -7.498  27.357 0.0000000000
142313  -36.675  -6.227  26.710 0.0000000000
65207  -35.440  -3.959  26.033 0.0000000000
66199  -30.371  -2.542  27.189 0.0000000000
65225  -31.253  -4.165  23.899 0.0000000000
66243  -35.557  -3.113  24.821 0.0000000000
66273  -35.670  -3.199  23.291 0.0000000000
64276  -37.441  -4.797  21.345 0.0000000000
135288  -38.827  -4.865  19.807 0.0000000000
143248  -37.425  -3.475  17.126 0.0000000000
157184  -36.844  -0.651  15.904 0.0000000000
56453  -24.029  -12.114  37.608 0.0000000000
49919  -7.744  -17.443  46.837 0.0000000000
48873  -9.981  -19.037  45.793 0.0000000000
50949  -13.320  -17.284  44.182 0.0000000000
43574  -2.397  -23.396  53.554 0.0000000000
53102  -20.278  -14.537  38.385 0.0000000000
53094  -21.356  -14.297  39.519 0.0000000000
53111  -20.845  -14.374  37.712 0.0000000000
57639  -37.825  -10.265  32.775 0.0000000000
55340  -18.683  -12.716  36.120 0.0000000000
55328  -18.038  -12.603  36.647 0.0000000000
53108  -18.357  -14.146  37.255 0.0000000000
132378  -19.007  -14.702  38.718 0.0000000000
71912  -37.592  2.784  15.447 0.0000000000
71921  -38.108  2.638  14.717 0.0000000000
74095  -38.479  4.335  15.264 0.0000000000
78495  -45.453  8.422  10.037 0.0000000000
77372  -44.718  7.431  9.826 0.0000000000
77379  -45.709  8.080  8.515 0.0000000000
76307  -46.394  7.011  8.735 0.0000000000
78516  -45.928  8.546  8.137 0.0000000000
78526  -46.724  9.079  6.972 0.0000000000
64230  -32.762  -5.365  29.329 0.0000000000
147711  -31.949  0.982  22.646 0.0000000000
68435  -32.560  -0.632  19.818 0.0000000000
155401  -33.593  0.583  19.615 0.0000000000
68437  -34.188  0.407  19.027 0.0000000000
56517  -27.357  -11.785  33.566 0.0000000000
56496  -27.331  -11.366  35.522 0.0000000000
150986  -28.281  -12.169  34.799 0.0000000000
52004  -10.344  -15.195  43.576 0.0000000000
53043  -10.848  -14.954  42.806 0.0000000000
79652  -51.628  9.399  3.093 0.0000000000
44625  -3.950  -22.288  53.711 0.0000000000
62210  -40.227  -6.588  30.925 0.0000000000
63236  -38.922  -5.468  29.179 0.0000000000
132348  -32.722  -12.660  33.651 0.0000000000
55372  -34.221  -12.460  34.961 0.0000000000
55294  -15.791  -11.765  38.381 0.0000000000
55278  -14.777  -11.844  39.421 0.0000000000
56392  -14.149  -11.655  40.639 0.0000000000
54208  -13.912  -13.304  39.797 0.0000000000
53076  -13.981  -14.441  39.987 0.0000000000
53077  -14.989  -15.026  39.977 0.0000000000
53056  -18.792  -14.537  42.181 0.0000000000
132054  -17.985  -14.740  41.898 0.0000000000
57664  -35.586  -10.733  29.197 0.0000000000
57687  -35.543  -10.100  28.369 0.0000000000
146009  -34.747  -9.920  28.215 0.0000000000
141551  -20.731  -9.234  35.731 0.0000000000
57585  -20.791  -10.475  34.262 0.0000000000
59910  -21.223  -9.061  34.182 0.0000000000
61146  -23.395  -7.234  32.413 0.0000000000
59956  -24.923  -7.617  31.384 0.0000000000
157935  -24.945  -9.195  31.364 0.0000000000
59958  -26.114  -8.275  30.698 0.0000000000
57622  -30.257  -9.804  32.418 0.0000000000
58758  -29.064  -9.440  30.639 0.0000000000
56543  -28.167  -10.900  29.843 0.0000000000
56545  -29.554  -11.376  29.609 0.0000000000
55401  -29.961  -12.383  30.418 0.0000000000
56546  -30.417  -11.324  29.418 0.0000000000
57674  -33.089  -10.622  28.697 0.0000000000
56549  -32.855  -11.955  29.497 0.0000000000
135275  -34.355  -11.645  29.639 0.0000000000
56535  -35.362  -11.550  30.934 0.0000000000
65347  -39.239  -3.022  16.663 0.0000000000
66350  -41.154  -2.619  16.895 0.0000000000
67418  -39.999  -1.978  15.798 0.0000000000
138329  -40.880  1.511  14.188 0.0000000000
69561  -42.133  -0.165  15.086 0.0000000000
139862  -41.758  7.182  14.241 0.0000000000
76245  -40.491  6.365  13.633 0.0000000000
76264  -41.535  6.476  12.355 0.0000000000
74139  -44.771  4.989  10.521 0.0000000000
74125  -43.444  4.717  11.177 0.0000000000
74127  -45.682  3.874  11.273 0.0000000000
73065  -45.407  3.159  12.317 0.0000000000
78540  -49.293  8.227  5.369 0.0000000000
153875  -49.128  9.831  4.379 0.0000000000
79646  -50.162  9.420  3.975 0.0000000000
48851  -6.925  -18.875  47.727 0.0000000000
48838  -6.377  -19.201  48.906 0.0000000000
46709  -7.058  -20.325  48.189 0.0000000000
142291  -7.757  -21.514  51.171 0.0000000000
46645  -6.796  -21.429  53.460 0.0000000000
60002  -36.480  -8.858  27.814 0.0000000000
60003  -37.271  -8.608  28.239 0.0000000000
60026  -35.756  -7.922  26.873 0.0000000000
63263  -32.919  -6.107  25.942 0.0000000000
62244  -35.332  -6.811  25.951 0.0000000000
63265  -34.871  -5.936  25.660 0.0000000000
146500  -35.187  -4.917  25.864 0.0000000000
64244  -34.387  -5.038  25.439 0.0000000000
67311  -30.556  -0.992  26.589 0.0000000000
66268  -30.898  -2.503  22.464 0.0000000000
66240  -30.192  -2.636  24.103 0.0000000000
65238  -31.575  -3.894  23.321 0.0000000000
146615  -33.257  -4.079  24.107 0.0000000000
66241  -33.802  -3.745  23.828 0.0000000000
66260  -35.726  -2.967  24.157 0.0000000000
66271  -33.782  -3.530  22.392 0.0000000000
65284  -34.131  -3.698  19.914 0.0000000000
64274  -35.777  -4.538  20.812 0.0000000000
64287  -36.433  -4.841  20.158 0.0000000000
141346  -37.955  -4.968  20.832 0.0000000000
64303  -37.185  -4.899  19.464 0.0000000000
64320  -38.466  -4.541  18.480 0.0000000000
135888  -36.090  -3.886  17.982 0.0000000000
147799  -36.120  0.552  17.908 0.0000000000
67410  -36.028  -1.257  16.746 0.0000000000
68468  -36.387  0.544  16.981 0.0000000000
56492  -22.833  -11.949  34.309 0.0000000000
55342  -22.980  -12.970  36.110 0.0000000000
56481  -23.818  -11.789  36.122 0.0000000000
49935  -10.372  -18.025  44.314 0.0000000000
146344  -8.983  -17.820  45.083 0.0000000000
48874  -11.000  -18.848  45.929 0.0000000000
52012  -14.037  -16.526  42.727 0.0000000000
152605  -13.403  -16.851  42.932 0.0000000000
52005  -14.513  -16.413  43.966 0.0000000000
54199  -19.976  -14.448  41.598 0.0000000000
54201  -21.739  -14.168  41.310 0.0000000000
54202  -22.720  -13.915  41.196 0.0000000000
55279  -23.922  -13.051  40.094 0.0000000000
56519  -35.730  -11.659  32.997 0.0000000000
55373  -35.124  -12.065  34.465 0.0000000000
56449  -17.408  -11.020  37.839 0.0000000000
55311  -16.931  -12.118  37.479 0.0000000000
54228  -16.137  -13.598  38.071 0.0000000000
53089  -16.344  -14.750  39.157 0.0000000000
53090  -17.257  -14.782  38.810 0.0000000000
154972  -18.533  -14.771  40.427 0.0000000000
131851  -33.650  -9.789  29.226 0.0000000000
58797  -34.250  -9.787  28.512 0.0000000000
57646  -31.076  -9.890  30.543 0.0000000000
57662  -30.798  -10.384  29.598 0.0000000000
58780  -33.195  -9.856  30.036 0.0000000000
68486  -38.019  -0.597  15.128 0.0000000000
68488  -39.843  -0.804  14.926 0.0000000000
69570  -38.784  0.749  14.469 0.0000000000
134096  -39.483  2.212  14.087 0.0000000000
71938  -40.508  3.199  13.574 0.0000000000
76277  -42.474  6.360  11.297 0.0000000000
77363  -43.518  7.043  10.789 0.0000000000
75215  -44.739  6.227  9.928 0.0000000000
75204  -46.069  5.404  10.106 0.0000000000
75205  -46.996  5.437  10.195 0.0000000000
76300  -46.912  6.469  9.231 0.0000000000
76308  -47.342  6.868  8.688 0.0000000000
133259  -48.645  7.132  8.043 0.0000000000
77397  -47.722  7.940  6.836 0.0000000000
79634  -47.193  9.625  6.359 0.0000000000
47801  -9.258  -20.290  48.586 0.0000000000
46691  -8.728  -20.698  49.243 0.0000000000
47771  -9.809  -20.236  50.476 0.0000000000
62229  -34.350  -7.132  27.855 0.0000000000
61208  -34.829  -7.512  26.636 0.0000000000
62228  -33.664  -6.683  27.704 0.0000000000
64229  -32.145  -5.308  28.405 0.0000000000
63253  -31.777  -5.351  26.859 0.0000000000
68344  -31.255  0.258  25.499 0.0000000000
69407  -31.421  0.518  23.983 0.0000000000
68378  -30.997  -0.418  22.672 0.0000000000
66285  -31.357  -2.390  21.809 0.0000000000
66288  -33.126  -3.279  21.502 0.0000000000
66303  -32.277  -2.008  20.339 0.0000000000
66315  -33.193  -2.151  19.290 0.0000000000
66328  -34.205  -2.516  18.416 0.0000000000
66329  -34.909  -2.658  17.886 0.0000000000
67402  -34.265  -1.437  18.163 0.0000000000
57604  -25.296  -10.519  33.968 0.0000000000
57570  -24.814  -10.827  35.968 0.0000000000
57605  -26.075  -10.772  34.728 0.0000000000
50947  -9.814  -16.698  43.976 0.0000000000
49942  -11.037  -17.731  43.798 0.0000000000
45604  -5.373  -22.153  52.210 0.0000000000
47742  -4.407  -20.659  52.194 0.0000000000
45602  -4.057  -21.927  52.815 0.0000000000
45593  -3.573  -22.133  53.338 0.0000000000
45592  -2.837  -22.350  53.397 0.0000000000
65192  -37.710  -3.336  28.367 0.0000000000
55379  -29.666  -12.903  33.308 0.0000000000
55370  -30.174  -13.023  34.989 0.0000000000
55246  -13.628  -11.336  42.306 0.0000000000
55244  -12.362  -12.877  42.202 0.0000000000
53064  -12.161  -14.754  41.424 0.0000000000
53065  -12.629  -14.158  40.967 0.0000000000
52028  -13.731  -15.676  41.029 0.0000000000
52022  -15.090  -15.839  41.973 0.0000000000
133455  -16.629  -15.193  40.693 0.0000000000
53054  -16.634  -15.050  42.379 0.0000000000
53045  -16.217  -15.264  43.065 0.0000000000
80791  -52.044  10.651  2.012 0.0000000000
57650  -37.488  -10.103  31.155 0.0000000000
58762  -38.152  -9.494  31.167 0.0000000000
57676  -36.830  -10.068  29.675 0.0000000000
58817  -36.054  -9.453  28.048 0.0000000000
60001  -35.403  -8.744  27.733 0.0000000000
134296  -34.915  -8.359  28.911 0.0000000000
61186  -34.974  -7.592  28.894 0.0000000000
62223  -34.664  -6.956  28.910 0.0000000000
63235  -34.511  -6.263  29.906 0.0000000000
54252  -19.911  -13.200  35.455 0.0000000000
54247  -21.066  -13.936  36.103 0.0000000000
55366  -21.099  -12.266  34.266 0.0000000000
56504  -21.667  -11.687  33.827 0.0000000000
57617  -22.587  -10.421  32.947 0.0000000000
61117  -22.133  -7.681  33.952 0.0000000000
58738  -22.578  -8.797  32.363 0.0000000000
58727  -23.837  -9.659  32.266 0.0000000000
58740  -24.805  -9.749  32.141 0.0000000000
151562  -26.075  -10.635  32.122 0.0000000000
151264  -27.241  -11.828  31.680 0.0000000000
59943  -27.315  -7.826  31.649 0.0000000000
58756  -27.345  -9.141  30.095 0.0000000000
148725  -27.662  -11.407  30.403 0.0000000000
55399  -28.246  -12.446  31.514 0.0000000000
135369  -29.877  -12.679  31.360 0.0000000000
55391  -31.472  -12.743  32.004 0.0000000000
55392  -33.254  -12.506  31.949 0.0000000000
56548  -32.126  -11.682  29.214 0.0000000000
55420  -33.022  -12.325  30.349 0.0000000000
147680  -34.144  -12.282  31.991 0.0000000000
56527  -35.716  -11.526  31.975 0.0000000000
56528  -36.552  -11.024  31.960 0.0000000000
56479  -18.966  -11.708  35.896 0.0000000000
67432  -41.157  -1.240  15.455 0.0000000000
75167  -39.357  5.396  14.100 0.0000000000
74103  -39.839  4.807  13.323 0.0000000000
73061  -41.683  3.832  12.664 0.0000000000
75191  -42.363  5.494  11.452 0.0000000000
154413  -42.805  4.022  12.008 0.0000000000
73045  -43.107  3.161  12.987 0.0000000000
71942  -44.595  2.646  13.585 0.0000000000
78549  -51.321  8.144  4.425 0.0000000000
79651  -50.972  9.464  3.523 0.0000000000
81887  -50.707  11.250  2.864 0.0000000000
48823  -6.183  -19.239  49.637 0.0000000000
46675  -5.723  -21.028  50.235 0.0000000000
46676  -7.442  -21.265  49.415 0.0000000000
45618  -6.191  -21.524  50.212 0.0000000000
45611  -5.509  -21.964  51.360 0.0000000000
45596  -6.035  -21.929  52.781 0.0000000000
58783  -38.268  -9.030  30.409 0.0000000000
61187  -38.610  -7.741  29.149 0.0000000000
62231  -38.611  -7.064  28.709 0.0000000000
61210  -35.936  -7.354  26.440 0.0000000000
138653  -37.343  -6.648  27.285 0.0000000000
62230  -37.938  -6.165  27.898 0.0000000000
63246  -37.851  -5.239  28.077 0.0000000000
64238  -36.602  -4.143  27.167 0.0000000000
65198  -36.786  -3.376  27.252 0.0000000000
65197  -30.675  -3.413  27.716 0.0000000000
64242  -31.070  -4.785  26.224 0.0000000000
145283  -30.297  -1.541  25.166 0.0000000000
65213  -30.415  -4.021  25.191 0.0000000000
64250  -32.009  -5.073  24.878 0.0000000000
65214  -33.687  -4.253  24.620 0.0000000000
65216  -35.329  -3.587  25.531 0.0000000000
65250  -34.688  -3.754  21.892 0.0000000000
65252  -37.202  -3.797  22.803 0.0000000000
64321  -39.293  -4.449  18.604 0.0000000000
65341  -38.477  -3.472  17.033 0.0000000000
65346  -38.530  -2.824  16.452 0.0000000000
66336  -36.161  -2.463  16.917 0.0000000000
66346  -37.286  -2.111  16.207 0.0000000000
67428  -37.532  -1.253  15.682 0.0000000000
68485  -37.198  -0.105  15.498 0.0000000000
71902  -37.207  2.403  16.103 0.0000000000
54239  -22.383  -13.766  37.299 0.0000000000
157637  -23.621  -13.061  38.421 0.0000000000
57556  -24.874  -11.028  37.104 0.0000000000
48871  -7.684  -18.377  46.511 0.0000000000
50934  -8.677  -16.521  45.735 0.0000000000
48872  -8.348  -18.575  45.988 0.0000000000
47814  -8.749  -19.760  47.011 0.0000000000
47802  -10.182  -19.705  48.263 0.0000000000
50961  -11.927  -16.641  42.466 0.0000000000
50955  -11.717  -17.360  43.238 0.0000000000
50941  -12.834  -17.636  44.740 0.0000000000
43567  -3.138  -23.434  55.462 0.0000000000
137665  -2.770  -23.247  53.954 0.0000000000
45591  -2.108  -22.144  53.163 0.0000000000
58763  -38.642  -9.348  31.969 0.0000000000
53110  -19.993  -14.494  37.490 0.0000000000
53117  -20.523  -14.253  36.805 0.0000000000
54245  -19.287  -13.556  36.133 0.0000000000
54244  -18.531  -13.479  36.611 0.0000000000
53115  -18.987  -14.059  36.769 0.0000000000
53109  -19.180  -14.419  37.364 0.0000000000
73014  -38.566  4.200  16.891 0.0000000000
73024  -37.978  3.515  15.353 0.0000000000
74080  -38.688  4.717  16.246 0.0000000000
78507  -45.945  9.069  9.596 0.0000000000
78506  -45.491  8.479  9.170 0.0000000000
78512  -45.755  8.710  8.579 0.0000000000
79620  -45.952  9.232  8.185 0.0000000000
69485  -33.404  1.047  20.240 0.0000000000
56518  -28.122  -12.230  34.012 0.0000000000
140789  -11.643  -13.159  43.575 0.0000000000
53044  -11.179  -14.008  43.031 0.0000000000
80785  -51.658  10.117  2.585 0.0000000000
79653  -52.228  9.516  2.625 0.0000000000
63227  -39.874  -5.843  30.253 0.0000000000
63237  -39.441  -5.237  29.817 0.0000000000
55380  -33.575  -12.479  33.400 0.0000000000
55371  -33.446  -12.565  34.299 0.0000000000
138330  -34.301  -12.327  33.941 0.0000000000
55293  -15.131  -12.485  38.675 0.0000000000
56432  -15.447  -11.313  39.117 0.0000000000
55277  -14.176  -12.253  39.873 0.0000000000
54218  -14.501  -12.923  39.203 0.0000000000
53087  -14.588  -14.079  39.390 0.0000000000
57686  -34.652  -10.626  28.499 0.0000000000
59896  -21.171  -8.704  35.221 0.0000000000
61132  -25.101  -6.524  32.795 0.0000000000
147600  -25.477  -7.019  31.946 0.0000000000
61160  -25.809  -7.583  31.221 0.0000000000
61147  -26.431  -7.313  31.860 0.0000000000
57633  -29.883  -9.607  31.107 0.0000000000
57644  -29.440  -9.882  29.935 0.0000000000
57661  -29.885  -10.522  29.513 0.0000000000
55416  -29.937  -11.953  29.758 0.0000000000
150408  -33.614  -10.562  28.472 0.0000000000
56565  -33.432  -10.994  28.519 0.0000000000
56566  -34.122  -11.174  28.794 0.0000000000
56550  -34.942  -11.237  29.316 0.0000000000
145366  -38.966  -2.544  16.208 0.0000000000
66348  -39.690  -2.540  16.260 0.0000000000
71923  -41.564  1.927  14.050 0.0000000000
70747  -42.325  1.345  14.455 0.0000000000
71924  -42.541  2.069  14.117 0.0000000000
76247  -42.488  7.433  13.779 0.0000000000
76246  -41.633  6.963  13.302 0.0000000000
147418  -42.079  7.111  12.861 0.0000000000
74140  -45.666  4.658  10.623 0.0000000000
74126  -44.870  4.311  10.981 0.0000000000
73078  -46.403  3.484  11.689 0.0000000000
79645  -48.551  10.576  4.784 0.0000000000
47799  -7.186  -19.690  47.633 0.0000000000
47798  -6.621  -19.668  48.276 0.0000000000
46729  -7.569  -20.220  47.741 0.0000000000
60015  -35.612  -8.361  27.323 0.0000000000
60016  -36.149  -8.415  27.292 0.0000000000
63264  -33.972  -6.034  25.607 0.0000000000
64243  -33.394  -5.385  25.298 0.0000000000
146333  -31.378  -2.977  22.283 0.0000000000
66256  -31.051  -3.262  22.858 0.0000000000
66257  -32.028  -3.539  22.636 0.0000000000
65239  -32.687  -3.929  23.431 0.0000000000
66258  -33.214  -3.661  22.978 0.0000000000
66259  -34.264  -3.512  23.412 0.0000000000
65302  -34.855  -3.930  19.184 0.0000000000
64301  -35.625  -4.530  19.745 0.0000000000
64302  -36.290  -4.693  19.335 0.0000000000
64318  -36.611  -4.510  18.600 0.0000000000
57586  -23.591  -11.287  34.490 0.0000000000
56493  -23.411  -11.929  35.163 0.0000000000
48885  -10.663  -18.611  45.100 0.0000000000
49928  -11.614  -18.529  45.542 0.0000000000
149234  -14.944  -15.958  43.354 0.0000000000
47757  -5.367  -19.322  51.356 0.0000000000
135277  -4.889  -19.733  51.972 0.0000000000
61164  -39.844  -7.633  31.187 0.0000000000
53071  -20.342  -14.433  40.820 0.0000000000
54200  -20.833  -14.353  41.562 0.0000000000
54209  -21.083  -14.313  40.848 0.0000000000
54229  -21.893  -14.105  38.928 0.0000000000
155084  -22.174  -14.047  40.791 0.0000000000
54211  -22.579  -13.929  40.234 0.0000000000
54212  -23.381  -13.608  40.584 0.0000000000
54222  -23.293  -13.556  39.699 0.0000000000
146603  -35.794  -11.684  33.885 0.0000000000
56451  -18.846  -10.045  38.222 0.0000000000
56450  -18.089  -10.855  37.491 0.0000000000
143417  -17.407  -12.905  37.104 0.0000000000
54235  -16.796  -13.263  37.560 0.0000000000
55310  -16.210  -12.473  37.830 0.0000000000
53099  -16.968  -14.173  37.997 0.0000000000
133133  -16.484  -14.403  38.498 0.0000000000
142279  -17.825  -14.492  38.007 0.0000000000
53092  -19.708  -14.637  39.030 0.0000000000
132379  -18.975  -14.728  39.628 0.0000000000
53070  -19.388  -14.593  40.767 0.0000000000
156652  -34.238  -9.401  29.388 0.0000000000
57647  -31.911  -9.989  30.754 0.0000000000
58759  -33.660  -9.917  31.050 0.0000000000
58779  -32.961  -10.145  29.115 0.0000000000
148878  -37.721  0.167  14.982 0.0000000000
68495  -38.414  0.028  14.746 0.0000000000
69569  -37.917  0.845  14.733 0.0000000000
143995  -38.850  2.880  14.231 0.0000000000
153061  -38.721  2.180  14.315 0.0000000000
71937  -39.663  2.994  13.864 0.0000000000
71922  -40.478  2.285  13.934 0.0000000000
77340  -43.559  7.648  11.710 0.0000000000
77364  -44.257  7.441  10.452 0.0000000000
76298  -44.960  6.885  9.597 0.0000000000
76288  -44.220  6.705  10.154 0.0000000000
75203  -45.122  5.526  10.147 0.0000000000
75216  -45.535  6.218  9.642 0.0000000000
75217  -46.494  5.992  9.677 0.0000000000
142234  -46.155  6.523  9.247 0.0000000000
77381  -46.952  7.357  8.155 0.0000000000
77382  -47.799  7.180  8.069 0.0000000000
77390  -48.188  7.422  7.365 0.0000000000
79627  -46.641  9.999  7.154 0.0000000000
62222  -34.160  -6.479  28.904 0.0000000000
63245  -33.491  -6.021  29.097 0.0000000000
65191  -32.013  -4.589  29.406 0.0000000000
63254  -32.280  -5.843  27.097 0.0000000000
64237  -31.684  -5.067  27.630 0.0000000000
69447  -31.560  0.273  22.000 0.0000000000
69424  -31.416  0.410  23.049 0.0000000000
68394  -31.114  -0.820  21.868 0.0000000000
67358  -30.940  -1.742  22.059 0.0000000000
67366  -31.424  -1.548  21.223 0.0000000000
155170  -31.855  -1.778  20.740 0.0000000000
67377  -31.957  -1.116  20.410 0.0000000000
68436  -33.238  -0.249  19.316 0.0000000000
67389  -32.952  -1.266  19.334 0.0000000000
155857  -33.335  -1.590  18.987 0.0000000000
66316  -33.684  -2.616  18.971 0.0000000000
66327  -33.651  -1.912  18.684 0.0000000000
68438  -35.132  0.528  18.722 0.0000000000
152116  -28.076  -11.849  35.443 0.0000000000
50953  -10.290  -16.360  43.384 0.0000000000
49941  -10.267  -17.274  43.777 0.0000000000
49946  -10.801  -17.118  43.287 0.0000000000
45603  -4.672  -22.096  52.518 0.0000000000
143407  -2.939  -21.700  53.313 0.0000000000
64223  -38.872  -4.534  29.509 0.0000000000
65193  -38.245  -3.730  29.090 0.0000000000
64231  -37.744  -4.244  28.311 0.0000000000
148703  -30.297  -12.916  32.902 0.0000000000
132350  -30.516  -12.977  33.731 0.0000000000
132349  -31.667  -12.876  33.874 0.0000000000
55262  -13.594  -12.571  40.447 0.0000000000
55263  -13.571  -11.927  41.292 0.0000000000
55245  -12.949  -12.310  41.810 0.0000000000
54198  -12.608  -13.229  41.405 0.0000000000
158514  -12.856  -13.487  40.924 0.0000000000
52034  -14.241  -15.318  40.459 0.0000000000
52029  -14.627  -15.802  41.147 0.0000000000
53066  -15.459  -15.649  41.332 0.0000000000
133285  -16.971  -15.045  39.801 0.0000000000
53078  -16.017  -15.118  39.882 0.0000000000
53055  -17.463  -14.800  42.588 0.0000000000
53068  -17.076  -14.933  41.651 0.0000000000
57649  -36.741  -10.665  31.060 0.0000000000
57665  -37.036  -10.264  30.447 0.0000000000
58799  -36.457  -9.827  28.795 0.0000000000
58830  -35.827  -8.919  27.619 0.0000000000
59975  -34.630  -9.017  29.079 0.0000000000
59976  -35.181  -8.381  30.088 0.0000000000
62214  -35.060  -6.748  30.077 0.0000000000
55352  -19.667  -12.262  35.203 0.0000000000
55353  -20.473  -12.741  34.837 0.0000000000
56491  -20.245  -11.696  34.674 0.0000000000
58710  -21.063  -9.918  33.914 0.0000000000
57600  -20.948  -11.379  34.097 0.0000000000
57601  -21.404  -10.744  33.543 0.0000000000
56515  -22.128  -11.100  33.343 0.0000000000
57616  -21.955  -10.402  33.049 0.0000000000
59940  -23.125  -8.127  32.036 0.0000000000
61145  -22.691  -7.865  32.493 0.0000000000
58739  -23.371  -8.878  31.911 0.0000000000
58726  -22.973  -9.671  32.417 0.0000000000
58755  -25.558  -8.993  30.800 0.0000000000
57632  -25.592  -9.850  31.397 0.0000000000
57643  -26.414  -10.520  30.914 0.0000000000
56525  -26.707  -11.305  31.821 0.0000000000
58728  -28.949  -9.006  32.753 0.0000000000
59944  -28.200  -8.405  32.154 0.0000000000
59960  -27.839  -8.557  30.878 0.0000000000
59959  -26.976  -8.338  30.616 0.0000000000
58777  -27.715  -9.965  29.895 0.0000000000
142548  -27.665  -11.995  31.122 0.0000000000
138255  -28.989  -12.647  31.483 0.0000000000
158046  -29.309  -12.436  30.735 0.0000000000
55402  -30.807  -12.596  31.000 0.0000000000
55403  -31.822  -12.580  31.052 0.0000000000
144662  -32.394  -12.641  31.978 0.0000000000
133402  -31.603  -10.507  29.324 0.0000000000
150238  -31.124  -10.980  29.142 0.0000000000
56557  -31.795  -11.106  28.920 0.0000000000
55421  -33.763  -12.085  30.168 0.0000000000
55405  -33.546  -12.376  31.116 0.0000000000
55406  -34.219  -12.165  31.089 0.0000000000
56526  -34.858  -11.908  31.533 0.0000000000
155364  -36.244  -10.924  30.618 0.0000000000
56536  -36.090  -11.182  31.131 0.0000000000
57638  -37.287  -10.482  31.975 0.0000000000
57568  -19.724  -10.104  36.354 0.0000000000
56480  -19.565  -11.143  35.544 0.0000000000
65304  -40.927  -4.033  19.104 0.0000000000
66351  -41.953  -2.155  16.749 0.0000000000
66340  -41.838  -2.643  17.474 0.0000000000
142361  -40.625  -0.828  15.078 0.0000000000
75155  -40.138  6.250  15.604 0.0000000000
75154  -39.352  5.701  15.034 0.0000000000
75168  -40.016  6.263  14.477 0.0000000000
75183  -40.414  5.717  12.947 0.0000000000
150984  -40.112  5.263  13.038 0.0000000000
74113  -40.509  4.988  12.747 0.0000000000
73043  -40.676  4.082  13.007 0.0000000000
75202  -42.924  5.835  10.959 0.0000000000
75192  -42.944  5.207  11.130 0.0000000000
74116  -43.405  4.085  11.690 0.0000000000
141652  -43.310  3.572  12.296 0.0000000000
73062  -42.527  3.653  12.493 0.0000000000
73046  -44.066  3.109  12.812 0.0000000000
71941  -43.703  2.692  13.579 0.0000000000
73048  -45.869  2.893  12.981 0.0000000000
75206  -47.802  5.576  10.358 0.0000000000
156415  -49.334  7.788  5.866 0.0000000000
78541  -50.180  7.997  5.191 0.0000000000
80779  -49.643  10.621  3.785 0.0000000000
80783  -50.427  10.381  3.355 0.0000000000
47784  -6.235  -20.015  49.020 0.0000000000
47770  -5.856  -20.236  49.800 0.0000000000
46677  -8.187  -21.071  49.753 0.0000000000
46690  -7.870  -20.913  48.953 0.0000000000
46662  -8.423  -21.081  50.689 0.0000000000
46652  -7.794  -21.407  52.189 0.0000000000
45613  -6.891  -21.727  50.576 0.0000000000
45606  -6.950  -21.784  51.566 0.0000000000
45612  -6.203  -21.949  51.023 0.0000000000
45605  -6.147  -22.106  51.875 0.0000000000
46638  -6.568  -20.973  54.308 0.0000000000
58782  -37.569  -9.679  30.286 0.0000000000
58801  -37.821  -9.136  29.746 0.0000000000
61195  -37.615  -7.905  28.034 0.0000000000
60004  -37.963  -8.230  28.760 0.0000000000
151266  -38.200  -7.611  28.507 0.0000000000
62237  -34.305  -7.205  26.844 0.0000000000
61209  -35.287  -7.490  26.428 0.0000000000
62243  -34.684  -7.148  26.152 0.0000000000
157629  -36.092  -6.718  26.294 0.0000000000
63257  -37.306  -5.709  27.379 0.0000000000
151012  -34.945  -4.420  25.678 0.0000000000
64245  -35.947  -4.557  26.455 0.0000000000
65208  -36.207  -3.665  26.674 0.0000000000
66200  -30.699  -2.451  28.021 0.0000000000
65205  -30.739  -4.211  26.924 0.0000000000
65204  -30.288  -3.418  26.646 0.0000000000
68352  -30.503  -1.060  24.751 0.0000000000
67332  -30.635  -0.739  25.561 0.0000000000
67342  -30.266  -1.766  24.457 0.0000000000
65224  -30.210  -3.434  24.680 0.0000000000
64255  -30.743  -4.145  24.482 0.0000000000
64249  -31.027  -4.675  25.241 0.0000000000
64256  -31.571  -4.588  24.386 0.0000000000
64251  -33.039  -4.916  24.825 0.0000000000
64257  -32.657  -4.575  24.357 0.0000000000
65226  -34.284  -3.799  24.502 0.0000000000
66223  -35.112  -3.459  24.972 0.0000000000
66209  -36.105  -3.328  26.132 0.0000000000
66224  -35.826  -3.187  25.412 0.0000000000
157652  -36.128  -2.972  23.712 0.0000000000
65267  -33.836  -3.617  21.496 0.0000000000
141828  -34.294  -3.910  20.897 0.0000000000
156106  -36.213  -4.476  21.380 0.0000000000
131907  -35.727  -4.085  21.739 0.0000000000
65269  -36.735  -4.345  21.878 0.0000000000
64289  -38.022  -4.962  20.083 0.0000000000
141273  -38.687  -4.935  20.676 0.0000000000
64290  -39.678  -4.786  20.403 0.0000000000
64306  -40.377  -4.486  19.691 0.0000000000
64305  -39.530  -4.661  19.400 0.0000000000
65323  -37.970  -4.124  17.741 0.0000000000
65340  -37.776  -2.829  16.522 0.0000000000
151800  -35.474  -2.076  17.266 0.0000000000
65338  -35.688  -3.055  17.529 0.0000000000
68476  -36.407  -0.464  16.451 0.0000000000
66345  -36.596  -2.045  16.470 0.0000000000
67417  -36.772  -1.358  16.183 0.0000000000
70719  -37.057  1.782  16.839 0.0000000000
54254  -21.597  -13.522  35.467 0.0000000000
54248  -21.931  -13.754  36.301 0.0000000000
54255  -22.355  -13.343  35.663 0.0000000000
55330  -23.638  -12.447  36.763 0.0000000000
55329  -23.091  -13.171  37.045 0.0000000000
55313  -23.651  -12.804  37.701 0.0000000000
55295  -23.807  -13.007  39.178 0.0000000000
55314  -24.169  -12.407  38.459 0.0000000000
57571  -25.515  -10.847  36.755 0.0000000000
55358  -29.621  -12.794  35.646 0.0000000000
49918  -7.273  -18.136  47.265 0.0000000000
51995  -9.116  -16.216  45.264 0.0000000000
51987  -9.117  -15.731  45.958 0.0000000000
50940  -8.951  -16.974  45.021 0.0000000000
48883  -9.023  -18.568  45.488 0.0000000000
49933  -8.494  -18.053  45.548 0.0000000000
47825  -8.987  -19.264  46.179 0.0000000000
153000  -9.303  -19.929  47.726 0.0000000000
156344  -9.864  -19.563  46.972 0.0000000000
52019  -12.180  -15.793  41.748 0.0000000000
52011  -13.725  -16.881  43.596 0.0000000000
50956  -12.825  -17.139  43.169 0.0000000000
50948  -12.582  -17.584  43.856 0.0000000000
43570  -2.627  -23.692  54.270 0.0000000000
44623  -2.588  -22.865  53.404 0.0000000000
44622  -1.999  -22.799  53.122 0.0000000000
53082  -20.830  -14.395  40.144 0.0000000000
53093  -20.542  -14.483  39.292 0.0000000000
53103  -21.110  -14.349  38.646 0.0000000000
54238  -21.711  -14.131  38.000 0.0000000000
56529  -37.043  -10.890  32.893 0.0000000000
56478  -18.412  -11.888  36.371 0.0000000000
56464  -18.094  -11.585  36.826 0.0000000000
54237  -17.953  -13.433  36.976 0.0000000000
53100  -18.669  -14.606  38.014 0.0000000000
53101  -19.466  -14.621  38.151 0.0000000000
58760  -34.454  -9.592  31.225 0.0000000000
70743  -38.287  1.623  14.519 0.0000000000
73032  -38.488  3.543  14.653 0.0000000000
148251  -38.759  4.209  14.515 0.0000000000
78494  -44.864  7.857  10.239 0.0000000000
78505  -45.137  7.969  9.678 0.0000000000
77373  -45.257  7.620  9.171 0.0000000000
76306  -45.793  7.460  8.734 0.0000000000
77387  -46.193  8.095  8.001 0.0000000000
77388  -46.634  7.912  7.732 0.0000000000
78518  -46.968  8.268  7.131 0.0000000000
78517  -46.320  8.625  7.606 0.0000000000
79626  -46.302  9.419  7.549 0.0000000000
64220  -32.641  -4.588  30.230 0.0000000000
65190  -31.411  -3.730  29.203 0.0000000000
69466  -32.080  0.629  21.036 0.0000000000
68414  -32.195  -0.065  20.364 0.0000000000
69484  -32.646  0.702  20.445 0.0000000000
68415  -32.875  0.265  19.885 0.0000000000
56507  -26.758  -11.150  34.075 0.0000000000
56508  -27.539  -11.678  34.631 0.0000000000
153910  -10.775  -14.420  43.502 0.0000000000
78558  -52.360  8.606  3.353 0.0000000000
45586  -5.314  -21.749  53.980 0.0000000000
45585  -4.560  -22.050  53.979 0.0000000000
44618  -3.896  -22.309  54.415 0.0000000000
44617  -3.405  -22.699  54.633 0.0000000000
133616  -32.067  -12.723  32.881 0.0000000000
132710  -34.576  -12.474  35.780 0.0000000000
56433  -16.291  -10.798  38.944 0.0000000000
56415  -15.228  -11.065  39.904 0.0000000000
56393  -14.985  -10.855  40.743 0.0000000000
56414  -14.630  -11.500  40.102 0.0000000000
54207  -13.198  -13.670  40.382 0.0000000000
53069  -18.620  -14.674  41.281 0.0000000000
131624  -18.268  -14.628  42.800 0.0000000000
154209  -20.431  -10.892  34.600 0.0000000000
147643  -20.421  -10.070  35.100 0.0000000000
58698  -20.838  -9.572  34.730 0.0000000000
61119  -23.378  -6.692  33.474 0.0000000000
62189  -24.153  -6.517  32.958 0.0000000000
136898  -24.434  -7.001  32.045 0.0000000000
59941  -23.931  -7.984  31.614 0.0000000000
58754  -24.766  -8.462  31.176 0.0000000000
58775  -26.484  -9.181  30.299 0.0000000000
58742  -29.492  -9.354  31.978 0.0000000000
58757  -28.208  -9.276  30.203 0.0000000000
58778  -28.566  -10.007  29.775 0.0000000000
57660  -29.043  -10.699  29.600 0.0000000000
56544  -28.876  -11.450  29.813 0.0000000000
55417  -30.602  -12.181  29.904 0.0000000000
56558  -32.660  -11.228  28.785 0.0000000000
56559  -33.515  -11.562  29.138 0.0000000000
155140  -35.036  -11.549  30.113 0.0000000000
56551  -35.704  -11.168  30.184 0.0000000000
65343  -40.273  -3.541  17.595 0.0000000000
66339  -41.051  -3.145  17.674 0.0000000000
66338  -40.223  -3.015  16.917 0.0000000000
66349  -40.534  -2.407  16.325 0.0000000000
154519  -41.236  -2.178  16.357 0.0000000000
134327  -40.699  0.813  14.392 0.0000000000
69572  -41.397  0.257  14.701 0.0000000000
70746  -41.519  1.070  14.414 0.0000000000
76219  -41.770  7.158  15.309 0.0000000000
76231  -40.967  6.832  14.439 0.0000000000
156913  -41.131  6.819  13.711 0.0000000000
76263  -40.943  6.404  12.980 0.0000000000
75184  -40.974  5.618  12.409 0.0000000000
145656  -44.124  4.878  10.817 0.0000000000
73075  -44.128  4.156  11.330 0.0000000000
73076  -44.933  3.624  11.669 0.0000000000
73064  -44.693  3.248  12.322 0.0000000000
73077  -45.729  3.394  11.812 0.0000000000
73066  -46.203  3.129  12.315 0.0000000000
78539  -48.365  8.781  5.484 0.0000000000
79641  -48.939  9.021  4.921 0.0000000000
78547  -49.687  8.763  4.676 0.0000000000
80778  -49.008  11.097  4.398 0.0000000000
48839  -6.640  -18.630  48.522 0.0000000000
46708  -6.645  -20.432  48.727 0.0000000000
58818  -36.864  -9.238  28.498 0.0000000000
59990  -37.612  -8.900  29.026 0.0000000000
60017  -36.894  -8.243  27.540 0.0000000000
61201  -36.431  -7.784  27.008 0.0000000000
141276  -34.560  -6.575  25.815 0.0000000000
63266  -35.828  -5.821  26.121 0.0000000000
67310  -30.329  -1.849  26.717 0.0000000000
67348  -30.366  -1.830  23.603 0.0000000000
66255  -30.501  -2.630  23.210 0.0000000000
65237  -30.662  -3.520  23.738 0.0000000000
135685  -32.171  -4.276  23.854 0.0000000000
66242  -34.849  -3.363  24.274 0.0000000000
150231  -35.055  -3.218  23.673 0.0000000000
66272  -34.792  -3.425  22.915 0.0000000000
65285  -34.930  -4.199  20.281 0.0000000000
64275  -36.625  -4.752  21.049 0.0000000000
64288  -37.268  -4.956  20.505 0.0000000000
64304  -38.162  -4.845  19.227 0.0000000000
141147  -38.861  -4.742  19.095 0.0000000000
64319  -37.560  -4.596  18.509 0.0000000000
65322  -37.004  -4.086  17.795 0.0000000000
65339  -36.515  -3.329  17.281 0.0000000000
157041  -35.802  -0.264  17.266 0.0000000000
68467  -36.139  0.018  17.116 0.0000000000
68477  -36.613  0.214  16.220 0.0000000000
55355  -22.747  -12.686  35.101 0.0000000000
55356  -23.357  -12.419  35.812 0.0000000000
56467  -24.255  -11.665  37.001 0.0000000000
49934  -9.542  -17.434  44.389 0.0000000000
48884  -9.702  -18.349  44.905 0.0000000000
48864  -10.832  -19.111  46.731 0.0000000000
52020  -12.931  -16.656  42.328 0.0000000000
137605  -13.993  -16.721  44.604 0.0000000000
61188  -39.187  -7.035  29.512 0.0000000000
54190  -20.456  -14.362  42.470 0.0000000000
54191  -21.406  -14.244  42.252 0.0000000000
54192  -22.301  -14.022  42.086 0.0000000000
54210  -21.698  -14.213  40.366 0.0000000000
55382  -35.051  -12.007  33.473 0.0000000000
56434  -17.330  -10.353  38.835 0.0000000000
55327  -17.607  -11.840  37.150 0.0000000000
56448  -16.582  -11.280  38.108 0.0000000000
55309  -15.657  -12.755  38.163 0.0000000000
54227  -15.490  -13.391  38.408 0.0000000000
53098  -15.809  -14.164  38.664 0.0000000000
53080  -17.952  -14.889  39.684 0.0000000000
53091  -18.273  -14.781  38.788 0.0000000000
53057  -19.271  -14.518  41.631 0.0000000000
58796  -33.568  -10.218  28.617 0.0000000000
57634  -30.665  -9.875  31.516 0.0000000000
134544  -31.471  -9.979  29.862 0.0000000000
57663  -32.258  -10.008  29.736 0.0000000000
67429  -38.526  -1.416  15.414 0.0000000000
67430  -39.449  -1.435  15.324 0.0000000000
68487  -38.909  -0.759  14.932 0.0000000000
68496  -39.349  -0.067  14.617 0.0000000000
69571  -39.770  0.716  14.382 0.0000000000
70744  -39.181  1.485  14.264 0.0000000000
70745  -40.093  1.500  14.200 0.0000000000
144956  -41.160  2.661  13.691 0.0000000000
76265  -42.250  7.030  12.039 0.0000000000
76278  -42.873  7.091  11.421 0.0000000000
154092  -43.005  6.481  10.919 0.0000000000
76287  -43.497  6.193  10.576 0.0000000000
145662  -44.190  5.712  10.313 0.0000000000
74141  -46.698  4.777  10.628 0.0000000000
75218  -47.360  6.015  9.792 0.0000000000
76301  -47.773  6.476  9.296 0.0000000000
77398  -48.530  7.673  6.632 0.0000000000
78528  -48.040  8.272  6.161 0.0000000000
78527  -47.339  8.658  6.499 0.0000000000
78538  -47.686  8.960  5.949 0.0000000000
79639  -47.773  9.690  5.625 0.0000000000
47800  -8.389  -20.284  47.783 0.0000000000
46711  -8.369  -20.635  48.537 0.0000000000
61199  -34.660  -7.567  27.153 0.0000000000
63244  -32.892  -5.992  28.106 0.0000000000
63255  -33.059  -6.405  26.906 0.0000000000
63262  -32.071  -5.618  26.178 0.0000000000
68353  -30.934  -0.235  24.595 0.0000000000
68362  -30.922  -0.280  23.569 0.0000000000
68377  -30.630  -1.086  23.175 0.0000000000
67357  -30.596  -1.841  22.799 0.0000000000
66269  -31.917  -2.983  21.875 0.0000000000
135917  -32.444  -2.965  21.476 0.0000000000
66287  -32.654  -2.770  20.827 0.0000000000
149596  -32.466  -1.379  19.909 0.0000000000
66314  -32.726  -1.876  19.756 0.0000000000
65300  -33.515  -3.006  19.609 0.0000000000
65301  -34.094  -3.263  19.050 0.0000000000
65320  -34.611  -3.264  18.506 0.0000000000
65321  -35.261  -3.594  18.263 0.0000000000
158160  -34.537  -2.110  17.986 0.0000000000
153271  -34.864  -1.646  17.650 0.0000000000
68455  -34.381  -0.320  18.378 0.0000000000
68456  -34.947  -0.364  17.902 0.0000000000
68457  -35.658  0.181  17.829 0.0000000000
68439  -36.509  0.926  18.784 0.0000000000
57603  -24.670  -10.535  34.203 0.0000000000
57587  -24.334  -10.775  34.859 0.0000000000
141695  -25.171  -10.595  34.965 0.0000000000
57588  -25.747  -10.743  35.801 0.0000000000
57572  -26.303  -10.865  36.508 0.0000000000
149470  -26.874  -11.142  34.937 0.0000000000
56495  -26.572  -10.940  35.651 0.0000000000
51996  -9.563  -15.474  45.139 0.0000000000
53037  -10.163  -14.942  44.600 0.0000000000
52003  -9.854  -15.830  44.149 0.0000000000
53039  -15.971  -15.128  44.608 0.0000000000
45610  -4.801  -21.663  51.750 0.0000000000
46651  -4.369  -21.622  52.388 0.0000000000
46644  -3.911  -21.115  52.720 0.0000000000
45594  -4.350  -22.174  53.179 0.0000000000
46643  -3.420  -21.428  53.123 0.0000000000
75156  -41.130  6.647  16.124 0.0000000000
76232  -42.488  7.440  14.759 0.0000000000
76248  -43.378  7.802  13.570 0.0000000000
65199  -37.281  -3.008  27.776 0.0000000000
131660  -28.823  -12.701  33.514 0.0000000000
55369  -29.653  -12.908  34.215 0.0000000000
157676  -30.315  -13.032  34.352 0.0000000000
131676  -34.965  -12.238  35.249 0.0000000000
55229  -12.914  -12.048  42.770 0.0000000000
54197  -12.063  -13.827  41.687 0.0000000000
52027  -12.845  -15.269  41.149 0.0000000000
52033  -13.349  -14.811  40.539 0.0000000000
52021  -14.265  -16.117  41.797 0.0000000000
156047  -14.749  -16.024  42.537 0.0000000000
52013  -15.475  -15.703  42.818 0.0000000000
53088  -15.462  -14.565  39.278 0.0000000000
136264  -15.745  -15.440  40.621 0.0000000000
53067  -16.256  -15.332  41.482 0.0000000000
53053  -15.881  -15.480  42.187 0.0000000000
81896  -51.627  11.670  2.125 0.0000000000
135750  -37.970  -9.900  31.957 0.0000000000
57675  -36.186  -10.331  29.155 0.0000000000
135915  -35.243  -8.266  27.470 0.0000000000
58798  -34.947  -9.190  28.125 0.0000000000
138260  -34.983  -8.393  27.970 0.0000000000
61194  -34.765  -7.761  27.805 0.0000000000
63234  -33.990  -5.956  29.809 0.0000000000
64222  -34.123  -5.649  30.643 0.0000000000
54246  -20.184  -13.895  36.013 0.0000000000
54253  -20.747  -13.482  35.361 0.0000000000
55354  -21.325  -13.027  34.748 0.0000000000
55367  -22.020  -12.492  34.258 0.0000000000
56505  -22.317  -11.730  33.805 0.0000000000
56506  -22.966  -11.152  33.549 0.0000000000
59911  -21.659  -8.175  34.636 0.0000000000
59925  -21.701  -8.593  33.611 0.0000000000
61131  -22.682  -7.339  33.216 0.0000000000
61130  -22.160  -8.149  32.992 0.0000000000
147959  -21.919  -8.987  32.844 0.0000000000
58725  -22.229  -9.712  32.717 0.0000000000
57618  -23.449  -10.322  32.959 0.0000000000
57619  -24.490  -10.243  33.200 0.0000000000
57620  -25.210  -10.309  33.020 0.0000000000
141518  -25.496  -10.261  32.383 0.0000000000
56516  -26.656  -11.260  32.951 0.0000000000
55377  -27.237  -11.867  32.540 0.0000000000
149207  -27.018  -7.362  32.560 0.0000000000
59942  -26.570  -7.745  31.104 0.0000000000
158543  -26.594  -9.978  30.264 0.0000000000
57659  -27.202  -10.559  30.189 0.0000000000
56533  -27.078  -11.342  30.919 0.0000000000
55387  -27.764  -12.300  32.072 0.0000000000
55388  -28.603  -12.659  32.454 0.0000000000
157408  -29.131  -12.810  32.936 0.0000000000
55389  -29.590  -12.836  32.382 0.0000000000
55390  -30.543  -12.820  32.104 0.0000000000
133615  -32.959  -12.595  32.771 0.0000000000
135001  -33.660  -12.435  32.640 0.0000000000
56547  -31.326  -11.727  29.424 0.0000000000
55419  -32.159  -12.303  30.008 0.0000000000
55404  -32.715  -12.528  31.080 0.0000000000
55393  -34.982  -11.960  32.509 0.0000000000
139102  -19.165  -10.046  37.509 0.0000000000
56466  -19.239  -10.508  36.554 0.0000000000
55341  -19.250  -12.747  35.665 0.0000000000
143881  -41.816  -2.976  18.132 0.0000000000
67431  -40.323  -1.388  15.370 0.0000000000
67419  -40.823  -1.839  15.869 0.0000000000
67420  -41.637  -1.687  16.021 0.0000000000
68489  -41.324  -0.530  15.070 0.0000000000
74089  -38.935  5.184  15.580 0.0000000000
74096  -38.867  4.950  14.707 0.0000000000
74102  -39.145  4.506  13.972 0.0000000000
75174  -39.909  5.688  13.491 0.0000000000
73042  -39.786  3.867  13.611 0.0000000000
140362  -41.351  3.252  13.258 0.0000000000
76276  -41.971  6.181  11.711 0.0000000000
75190  -41.657  5.529  11.941 0.0000000000
74124  -42.706  4.642  11.582 0.0000000000
74123  -42.020  4.907  11.842 0.0000000000
74115  -42.156  4.275  12.113 0.0000000000
73044  -42.229  3.182  13.090 0.0000000000
71940  -42.817  2.675  13.621 0.0000000000
73047  -45.019  2.938  12.950 0.0000000000
78557  -51.548  8.693  3.770 0.0000000000
78556  -50.914  8.802  4.054 0.0000000000
80784  -51.094  10.224  2.920 0.0000000000
81879  -50.637  12.384  3.212 0.0000000000
134056  -5.815  -19.326  50.440 0.0000000000
47769  -5.408  -20.373  50.635 0.0000000000
46710  -7.649  -20.601  48.287 0.0000000000
46689  -6.990  -20.982  48.821 0.0000000000
45619  -6.837  -21.446  49.694 0.0000000000
46661  -7.591  -21.479  50.187 0.0000000000
45617  -5.713  -21.602  50.726 0.0000000000
46674  -5.301  -21.267  50.995 0.0000000000
45587  -5.958  -21.630  53.687 0.0000000000
59991  -38.338  -8.511  29.623 0.0000000000
62238  -36.654  -7.082  26.759 0.0000000000
144153  -37.946  -7.071  27.998 0.0000000000
150329  -38.433  -6.493  28.371 0.0000000000
141140  -38.873  -6.340  28.963 0.0000000000
63247  -38.478  -5.759  28.485 0.0000000000
63256  -36.590  -5.191  26.899 0.0000000000
140911  -37.206  -4.698  27.620 0.0000000000
136249  -37.164  -3.749  27.806 0.0000000000
67278  -30.992  -1.816  28.733 0.0000000000
66194  -30.912  -2.999  28.701 0.0000000000
65189  -31.107  -3.807  28.427 0.0000000000
140360  -31.154  -4.331  27.737 0.0000000000
64236  -31.308  -4.860  26.988 0.0000000000
63270  -31.657  -5.214  25.704 0.0000000000
67331  -30.247  -1.682  25.911 0.0000000000
66208  -30.121  -2.570  26.225 0.0000000000
66222  -30.067  -2.452  25.157 0.0000000000
65212  -30.126  -3.393  25.645 0.0000000000
64241  -30.465  -4.164  25.992 0.0000000000
64252  -33.954  -4.505  25.085 0.0000000000
65206  -34.815  -4.155  25.433 0.0000000000
65215  -34.591  -3.912  25.008 0.0000000000
66201  -36.634  -3.235  26.739 0.0000000000
153847  -37.092  -2.852  27.115 0.0000000000
66244  -36.365  -2.853  24.971 0.0000000000
139678  -35.399  -3.600  22.508 0.0000000000
65268  -35.063  -4.161  21.139 0.0000000000
65303  -40.115  -4.289  18.851 0.0000000000
65325  -39.799  -3.975  18.066 0.0000000000
65324  -38.920  -4.077  17.840 0.0000000000
65342  -39.505  -3.578  17.298 0.0000000000
66347  -38.218  -2.188  15.965 0.0000000000
66337  -36.930  -2.741  16.698 0.0000000000
69560  -37.337  0.814  15.271 0.0000000000
69559  -36.816  0.886  15.992 0.0000000000
70731  -37.072  1.497  15.759 0.0000000000
71903  -37.798  3.439  16.413 0.0000000000
140141  -21.415  -14.098  37.020 0.0000000000
54230  -22.518  -13.839  38.382 0.0000000000
153151  -22.581  -13.469  36.449 0.0000000000
55312  -23.122  -13.415  37.945 0.0000000000
54231  -23.199  -13.510  38.820 0.0000000000
56494  -24.013  -11.200  35.529 0.0000000000
56482  -24.389  -11.287  36.355 0.0000000000
146583  -24.691  -11.646  37.921 0.0000000000
57540  -25.806  -10.957  38.295 0.0000000000
56454  -25.261  -11.366  38.559 0.0000000000
154733  -24.794  -11.863  38.790 0.0000000000
55368  -28.843  -12.598  34.496 0.0000000000
55357  -28.840  -12.428  35.382 0.0000000000
49912  -7.092  -17.936  48.155 0.0000000000
48863  -7.390  -19.052  47.034 0.0000000000
50933  -8.227  -16.919  46.311 0.0000000000
50939  -8.490  -17.354  45.556 0.0000000000
49927  -8.082  -17.777  46.071 0.0000000000
47824  -8.074  -19.243  46.506 0.0000000000
132792  -10.855  -19.308  47.687 0.0000000000
53052  -11.475  -14.636  42.070 0.0000000000
52018  -11.262  -15.761  42.337 0.0000000000
50954  -11.049  -16.533  42.838 0.0000000000
49943  -11.985  -17.870  44.183 0.0000000000
49937  -12.218  -18.005  45.172 0.0000000000
137604  -15.245  -15.744  44.357 0.0000000000
51998  -14.702  -16.056  45.148 0.0000000000
50935  -13.014  -17.545  45.845 0.0000000000
44612  -3.486  -22.827  55.546 0.0000000000
43566  -2.793  -23.806  55.050 0.0000000000
44616  -2.988  -23.207  54.726 0.0000000000
146971  -3.024  -22.892  53.945 0.0000000000
142156  -2.310  -21.486  53.229 0.0000000000
43573  -1.850  -23.523  53.089 0.0000000000
44621  -1.611  -22.859  52.726 0.0000000000
54220  -22.043  -14.113  39.678 0.0000000000
55415  -29.315  -12.027  30.040 0.0000000000
57557  -25.488  -10.919  37.537 0.0000000000
57685  -33.929  -10.727  28.397 0.0000000000
58776  -27.015  -9.775  30.001 0.0000000000
59957  -25.387  -8.130  30.922 0.0000000000
63261  -31.589  -5.176  26.393 0.0000000000
66286  -31.920  -2.396  21.133 0.0000000000
66304  -32.926  -2.551  20.044 0.0000000000
73013  -38.169  4.098  16.008 0.0000000000
77380  -46.241  7.634  8.281 0.0000000000
139675  -29.414  -12.789  34.960 0.0000000000
146286  -30.806  -1.179  22.497 0.0000000000
148711  -30.896  -13.085  34.509 0.0000000000
149676  -25.198  -11.102  37.921 0.0000000000
