#!ascii label  , from subject freesurfer vox2ras=TkReg
1339
105831  -53.194  37.647  1.013 0.0000000000
116932  -44.888  53.679  -14.879 0.0000000000
112164  -45.591  46.064  -6.283 0.0000000000
108986  -53.228  41.135  -12.590 0.0000000000
113645  -49.676  49.118  -18.173 0.0000000000
111554  -48.772  45.266  -13.370 0.0000000000
107491  -49.049  39.515  -19.426 0.0000000000
149571  -46.082  41.614  -13.317 0.0000000000
102794  -47.077  33.106  6.531 0.0000000000
105058  -49.901  37.101  2.932 0.0000000000
120003  -38.476  58.860  -12.769 0.0000000000
120570  -46.046  59.112  -15.231 0.0000000000
138321  -49.421  55.782  -20.357 0.0000000000
145162  -50.559  44.391  -0.603 0.0000000000
115702  -46.510  51.958  -9.535 0.0000000000
112857  -51.534  47.702  -7.536 0.0000000000
152341  -53.500  41.048  -4.909 0.0000000000
108147  -48.951  40.541  -7.087 0.0000000000
106656  -42.767  38.863  -7.857 0.0000000000
105843  -51.245  37.508  -0.180 0.0000000000
112269  -51.224  47.129  -20.710 0.0000000000
150975  -49.915  44.417  -19.735 0.0000000000
158177  -48.781  42.208  -21.041 0.0000000000
108296  -44.577  39.782  -19.013 0.0000000000
103585  -48.882  34.512  4.770 0.0000000000
105072  -46.691  36.325  1.688 0.0000000000
120000  -34.837  58.211  -13.954 0.0000000000
119431  -48.242  57.523  -17.215 0.0000000000
110157  -47.736  43.680  -0.575 0.0000000000
111462  -48.654  45.434  -3.131 0.0000000000
116925  -41.708  53.498  -13.841 0.0000000000
115735  -45.244  51.569  -12.530 0.0000000000
110234  -51.779  43.579  -13.909 0.0000000000
112886  -51.587  47.240  -10.987 0.0000000000
136273  -52.635  45.034  -10.263 0.0000000000
110832  -52.528  44.529  -6.608 0.0000000000
135261  -53.534  41.288  -8.427 0.0000000000
141053  -52.345  40.509  -6.121 0.0000000000
132575  -51.729  41.006  -10.039 0.0000000000
108932  -44.508  41.294  -9.916 0.0000000000
115748  -47.012  51.857  -16.259 0.0000000000
113612  -45.956  48.634  -14.250 0.0000000000
139161  -47.650  45.944  -17.208 0.0000000000
110251  -50.333  42.684  -16.498 0.0000000000
107460  -51.551  39.759  -16.064 0.0000000000
109000  -49.264  41.075  -13.279 0.0000000000
157333  -47.205  40.453  -16.255 0.0000000000
108259  -43.079  40.202  -16.183 0.0000000000
102777  -51.068  32.800  6.994 0.0000000000
104303  -52.211  35.560  4.922 0.0000000000
105807  -52.431  38.273  2.837 0.0000000000
118710  -34.782  55.947  -12.336 0.0000000000
118717  -37.952  56.484  -12.619 0.0000000000
148714  -42.293  57.005  -13.280 0.0000000000
118727  -46.438  57.091  -13.518 0.0000000000
118117  -49.163  55.135  -15.097 0.0000000000
116370  -50.785  52.203  -18.115 0.0000000000
115160  -50.709  50.248  -21.170 0.0000000000
116964  -49.183  53.591  -21.566 0.0000000000
107328  -47.215  40.367  0.063 0.0000000000
108083  -50.296  41.331  1.188 0.0000000000
108858  -52.096  41.538  1.104 0.0000000000
114286  -45.631  50.001  -7.504 0.0000000000
113576  -48.206  48.967  -10.781 0.0000000000
115032  -49.993  50.884  -8.310 0.0000000000
112839  -49.328  48.054  -6.695 0.0000000000
112135  -51.169  46.383  -4.222 0.0000000000
110163  -52.416  43.431  -1.972 0.0000000000
107355  -52.785  39.946  -1.534 0.0000000000
107358  -51.241  39.557  -2.603 0.0000000000
107363  -48.786  39.250  -4.004 0.0000000000
106624  -46.479  38.431  -5.285 0.0000000000
136266  -47.196  41.483  -10.361 0.0000000000
108144  -45.738  40.411  -8.076 0.0000000000
105884  -44.027  37.125  -7.072 0.0000000000
105059  -53.416  36.981  2.279 0.0000000000
104346  -52.451  35.942  1.293 0.0000000000
105830  -52.129  37.258  0.369 0.0000000000
112293  -49.930  46.407  -22.365 0.0000000000
110929  -50.034  44.580  -22.081 0.0000000000
110920  -48.448  44.072  -21.193 0.0000000000
109659  -46.744  42.454  -19.890 0.0000000000
111496  -46.756  45.730  -5.262 0.0000000000
149730  -43.578  53.711  -14.501 0.0000000000
109623  -53.001  42.374  -13.704 0.0000000000
110860  -52.518  44.450  -11.895 0.0000000000
110219  -53.264  42.953  -11.995 0.0000000000
110203  -53.165  43.174  -9.434 0.0000000000
108953  -53.294  41.459  -10.584 0.0000000000
108183  -53.052  40.869  -9.287 0.0000000000
108209  -52.035  40.755  -11.476 0.0000000000
114366  -48.578  50.193  -17.333 0.0000000000
114365  -47.417  49.020  -16.860 0.0000000000
112932  -48.449  47.980  -17.848 0.0000000000
109655  -50.039  42.041  -19.863 0.0000000000
110902  -49.213  43.887  -18.407 0.0000000000
135420  -50.586  40.720  -18.490 0.0000000000
109029  -51.354  41.401  -16.880 0.0000000000
107471  -50.657  39.648  -17.453 0.0000000000
108279  -49.451  39.871  -16.393 0.0000000000
107468  -47.800  39.497  -18.323 0.0000000000
107452  -43.348  39.760  -17.548 0.0000000000
134597  -49.133  35.512  3.769 0.0000000000
103587  -50.430  34.875  5.181 0.0000000000
104313  -50.772  35.992  4.174 0.0000000000
105048  -52.293  37.013  4.023 0.0000000000
136303  -50.596  37.885  2.734 0.0000000000
136011  -36.783  58.456  -13.531 0.0000000000
119360  -36.766  57.495  -12.603 0.0000000000
119362  -38.350  58.015  -12.085 0.0000000000
118722  -40.542  56.987  -12.921 0.0000000000
119993  -40.045  58.775  -12.100 0.0000000000
120577  -44.145  59.538  -14.650 0.0000000000
120008  -44.502  58.778  -13.045 0.0000000000
120010  -46.269  58.416  -13.521 0.0000000000
118729  -47.848  56.642  -13.686 0.0000000000
120025  -47.944  58.013  -14.699 0.0000000000
118764  -48.897  56.428  -18.834 0.0000000000
118124  -49.571  55.322  -17.017 0.0000000000
117512  -50.356  53.658  -18.724 0.0000000000
115770  -51.028  51.670  -19.585 0.0000000000
116959  -50.426  53.359  -20.289 0.0000000000
115802  -50.096  51.863  -21.385 0.0000000000
137058  -49.761  54.834  -21.060 0.0000000000
109545  -43.257  43.196  -0.201 0.0000000000
108105  -43.407  40.836  -0.697 0.0000000000
152071  -44.777  41.319  -0.654 0.0000000000
107344  -46.405  39.592  -0.138 0.0000000000
108881  -46.021  41.737  -0.403 0.0000000000
110781  -49.342  44.233  -0.626 0.0000000000
141865  -49.374  42.153  0.478 0.0000000000
158021  -50.174  42.998  0.392 0.0000000000
108084  -51.100  41.267  1.541 0.0000000000
109553  -51.180  42.671  0.571 0.0000000000
150090  -44.064  51.548  -8.368 0.0000000000
114284  -44.113  50.418  -7.576 0.0000000000
115668  -46.162  51.338  -7.764 0.0000000000
147915  -46.787  46.597  -13.730 0.0000000000
113595  -46.388  48.575  -12.591 0.0000000000
112210  -47.745  46.722  -12.454 0.0000000000
112865  -52.008  47.841  -9.494 0.0000000000
114313  -50.452  49.450  -9.517 0.0000000000
114295  -51.047  49.382  -8.087 0.0000000000
113556  -49.285  49.802  -7.140 0.0000000000
147475  -50.320  48.737  -6.816 0.0000000000
154190  -50.189  47.003  -5.260 0.0000000000
112169  -51.445  46.796  -6.138 0.0000000000
110182  -53.324  42.867  -5.609 0.0000000000
110178  -52.673  43.855  -4.100 0.0000000000
109575  -53.312  41.864  -3.441 0.0000000000
108887  -53.050  41.631  -1.787 0.0000000000
108119  -53.049  40.648  -2.826 0.0000000000
107360  -52.520  39.884  -2.133 0.0000000000
154798  -52.594  40.501  -3.778 0.0000000000
131915  -50.533  40.475  -6.230 0.0000000000
138682  -50.562  40.194  -4.766 0.0000000000
107396  -48.708  39.870  -5.554 0.0000000000
106625  -47.281  38.906  -5.074 0.0000000000
107395  -47.784  39.635  -5.978 0.0000000000
108998  -47.546  41.426  -13.612 0.0000000000
108967  -48.841  41.428  -11.644 0.0000000000
132887  -47.076  41.603  -12.173 0.0000000000
108157  -43.125  40.298  -8.752 0.0000000000
108176  -44.707  40.866  -9.082 0.0000000000
134087  -43.896  39.664  -8.041 0.0000000000
106649  -44.445  38.657  -7.203 0.0000000000
131733  -43.128  38.096  -7.563 0.0000000000
105140  -42.735  36.793  -7.498 0.0000000000
103604  -53.870  34.465  3.799 0.0000000000
148398  -49.855  37.258  -0.741 0.0000000000
113661  -50.798  48.716  -18.937 0.0000000000
112258  -49.732  46.418  -19.184 0.0000000000
111594  -50.539  44.801  -20.500 0.0000000000
143489  -49.891  43.096  -21.113 0.0000000000
108311  -48.323  40.315  -20.591 0.0000000000
107489  -47.137  39.604  -19.609 0.0000000000
109047  -46.105  40.640  -19.849 0.0000000000
102817  -48.040  33.636  5.889 0.0000000000
103602  -47.364  34.339  4.014 0.0000000000
105073  -48.216  36.899  1.993 0.0000000000
120564  -36.602  58.915  -15.073 0.0000000000
120049  -47.279  58.574  -15.864 0.0000000000
119448  -48.146  57.548  -20.477 0.0000000000
118796  -48.832  57.144  -21.437 0.0000000000
110141  -46.232  43.434  -0.447 0.0000000000
111434  -47.800  44.648  -1.648 0.0000000000
133040  -49.426  45.079  -1.677 0.0000000000
115728  -46.334  51.636  -11.190 0.0000000000
110881  -50.357  44.008  -13.998 0.0000000000
112212  -49.866  46.121  -12.042 0.0000000000
111545  -51.781  45.143  -12.207 0.0000000000
112203  -52.346  46.091  -11.063 0.0000000000
139599  -52.342  46.163  -9.187 0.0000000000
111508  -51.949  46.274  -7.634 0.0000000000
110840  -52.555  44.506  -8.695 0.0000000000
110188  -53.418  42.770  -7.660 0.0000000000
108916  -53.577  41.369  -7.150 0.0000000000
108129  -52.940  40.589  -5.252 0.0000000000
149629  -53.202  40.773  -7.460 0.0000000000
132196  -51.934  40.563  -7.627 0.0000000000
108163  -50.500  41.026  -8.580 0.0000000000
135473  -45.003  41.630  -11.400 0.0000000000
112173  -43.785  47.028  -7.262 0.0000000000
116354  -46.170  52.664  -15.599 0.0000000000
115072  -45.745  50.919  -14.746 0.0000000000
114347  -46.221  49.345  -15.369 0.0000000000
112915  -46.403  47.596  -15.653 0.0000000000
111571  -47.473  45.483  -15.573 0.0000000000
111581  -48.283  45.390  -17.981 0.0000000000
110895  -48.448  44.293  -16.712 0.0000000000
110888  -49.009  43.988  -15.229 0.0000000000
110243  -50.666  42.972  -15.489 0.0000000000
109022  -52.458  41.180  -15.454 0.0000000000
108251  -52.490  40.427  -14.413 0.0000000000
108221  -51.879  40.421  -13.047 0.0000000000
108248  -50.134  40.347  -14.822 0.0000000000
133789  -48.354  40.637  -15.409 0.0000000000
109011  -46.578  41.196  -14.918 0.0000000000
139640  -46.132  39.697  -17.976 0.0000000000
108261  -45.231  40.637  -15.958 0.0000000000
103551  -49.356  33.760  6.185 0.0000000000
103553  -51.458  33.988  6.434 0.0000000000
103573  -53.480  33.987  5.405 0.0000000000
105042  -53.316  35.920  4.185 0.0000000000
105802  -53.380  37.037  3.166 0.0000000000
132873  -53.081  38.360  2.414 0.0000000000
143093  -35.715  55.004  -12.311 0.0000000000
118715  -36.324  56.519  -12.561 0.0000000000
117481  -38.308  54.535  -13.084 0.0000000000
118099  -39.821  55.301  -13.493 0.0000000000
137713  -41.517  55.534  -13.955 0.0000000000
118111  -44.313  55.432  -14.469 0.0000000000
120555  -40.600  59.319  -13.201 0.0000000000
119379  -42.726  58.446  -12.828 0.0000000000
118725  -44.345  57.389  -13.363 0.0000000000
118112  -45.537  55.702  -14.371 0.0000000000
149925  -47.662  54.882  -14.606 0.0000000000
116939  -48.657  53.998  -15.640 0.0000000000
115753  -49.912  51.973  -17.089 0.0000000000
118741  -48.893  56.711  -15.664 0.0000000000
117501  -49.879  54.036  -16.494 0.0000000000
115116  -50.616  50.701  -17.870 0.0000000000
114394  -51.347  49.712  -19.136 0.0000000000
136111  -51.195  48.313  -20.916 0.0000000000
157173  -49.728  49.588  -21.616 0.0000000000
115801  -49.300  51.495  -21.516 0.0000000000
117528  -49.208  55.540  -22.048 0.0000000000
105813  -47.544  37.641  1.039 0.0000000000
106565  -48.287  38.172  1.149 0.0000000000
108870  -47.725  42.223  -0.020 0.0000000000
108095  -48.880  40.872  0.670 0.0000000000
106567  -50.040  38.967  1.828 0.0000000000
106568  -50.692  39.746  1.943 0.0000000000
107319  -52.085  40.235  2.248 0.0000000000
107321  -53.065  40.322  1.309 0.0000000000
112854  -45.880  48.163  -7.568 0.0000000000
114326  -45.958  50.117  -13.200 0.0000000000
114318  -46.728  50.080  -11.829 0.0000000000
115041  -47.753  51.231  -10.634 0.0000000000
140750  -49.130  47.525  -11.112 0.0000000000
115043  -49.212  50.605  -9.607 0.0000000000
116312  -47.884  51.885  -8.892 0.0000000000
115021  -48.376  51.007  -7.476 0.0000000000
112855  -47.828  48.630  -7.318 0.0000000000
112165  -46.917  46.738  -6.696 0.0000000000
133509  -48.367  46.432  -5.645 0.0000000000
112132  -49.622  46.272  -4.094 0.0000000000
111450  -50.782  45.353  -2.115 0.0000000000
111499  -51.962  45.530  -5.030 0.0000000000
111467  -51.478  45.214  -2.853 0.0000000000
110800  -51.350  44.550  -1.339 0.0000000000
109560  -52.141  43.003  -0.532 0.0000000000
108098  -53.184  40.405  0.424 0.0000000000
106600  -53.135  38.520  0.036 0.0000000000
106599  -52.317  38.277  -0.405 0.0000000000
107352  -50.960  38.539  -1.255 0.0000000000
106607  -49.584  38.679  -2.312 0.0000000000
107382  -51.926  40.387  -4.573 0.0000000000
107364  -49.867  39.621  -3.705 0.0000000000
140122  -48.535  38.203  -2.566 0.0000000000
106611  -47.314  37.999  -3.589 0.0000000000
105858  -45.997  37.227  -4.401 0.0000000000
108969  -50.557  41.153  -11.400 0.0000000000
141406  -49.608  41.430  -10.234 0.0000000000
156890  -48.459  41.067  -8.616 0.0000000000
152832  -45.841  41.498  -10.395 0.0000000000
108160  -46.413  40.844  -8.544 0.0000000000
108146  -47.728  40.453  -7.457 0.0000000000
107393  -46.090  39.428  -6.896 0.0000000000
133921  -45.094  38.027  -6.476 0.0000000000
142335  -53.196  37.170  1.560 0.0000000000
105074  -53.057  36.421  1.659 0.0000000000
105094  -52.691  36.827  1.069 0.0000000000
112291  -48.983  45.786  -22.049 0.0000000000
111601  -48.836  44.867  -21.814 0.0000000000
111593  -47.979  45.046  -20.966 0.0000000000
141284  -46.269  45.373  -4.620 0.0000000000
112146  -46.379  46.090  -6.115 0.0000000000
145817  -44.234  54.194  -14.718 0.0000000000
116928  -44.089  53.078  -14.422 0.0000000000
116352  -44.808  52.770  -14.577 0.0000000000
109624  -53.275  41.763  -13.152 0.0000000000
110227  -53.127  42.755  -12.863 0.0000000000
109618  -53.361  41.970  -12.282 0.0000000000
109612  -53.403  42.102  -11.364 0.0000000000
108970  -53.235  41.326  -11.607 0.0000000000
108211  -52.984  41.104  -10.870 0.0000000000
108223  -52.908  40.852  -11.983 0.0000000000
146256  -49.167  49.655  -17.729 0.0000000000
150156  -48.271  49.307  -17.397 0.0000000000
113644  -48.789  48.815  -17.820 0.0000000000
109049  -49.684  40.724  -20.282 0.0000000000
109656  -50.204  41.346  -19.051 0.0000000000
108306  -50.092  40.430  -19.321 0.0000000000
108287  -50.691  39.976  -18.308 0.0000000000
108297  -49.916  39.692  -19.045 0.0000000000
107469  -48.779  39.474  -18.061 0.0000000000
107480  -48.427  39.388  -18.879 0.0000000000
102773  -47.774  32.861  6.960 0.0000000000
105046  -49.281  36.232  3.231 0.0000000000
104312  -49.862  35.754  3.897 0.0000000000
135705  -50.279  36.532  3.552 0.0000000000
149259  -50.697  37.255  3.319 0.0000000000
120002  -37.675  58.633  -13.167 0.0000000000
119377  -37.197  58.206  -12.796 0.0000000000
119992  -38.673  58.611  -12.256 0.0000000000
119363  -39.302  58.252  -12.126 0.0000000000
120004  -39.344  59.016  -12.413 0.0000000000
120046  -44.767  58.680  -16.018 0.0000000000
155561  -44.167  59.129  -15.466 0.0000000000
120034  -44.893  59.267  -15.224 0.0000000000
152911  -45.306  59.482  -13.974 0.0000000000
120569  -45.867  59.227  -14.517 0.0000000000
120011  -47.082  58.135  -13.749 0.0000000000
120036  -46.755  58.940  -15.015 0.0000000000
118133  -49.480  55.513  -19.325 0.0000000000
117517  -49.922  54.631  -19.466 0.0000000000
116954  -50.572  53.091  -19.454 0.0000000000
117518  -50.232  53.947  -19.891 0.0000000000
116958  -50.120  54.066  -20.721 0.0000000000
141149  -49.773  54.892  -20.419 0.0000000000
110138  -43.529  43.500  -0.225 0.0000000000
109546  -44.047  43.233  -0.261 0.0000000000
108879  -44.294  42.009  -0.528 0.0000000000
108880  -45.126  41.972  -0.536 0.0000000000
108107  -45.469  41.026  -0.570 0.0000000000
110782  -50.010  44.352  -0.540 0.0000000000
110144  -49.902  43.375  0.140 0.0000000000
110764  -50.233  43.885  -0.160 0.0000000000
110145  -50.570  43.210  0.292 0.0000000000
150449  -50.663  43.851  -0.164 0.0000000000
133345  -44.832  51.678  -9.944 0.0000000000
115701  -45.513  51.867  -9.139 0.0000000000
115667  -45.238  51.358  -7.816 0.0000000000
116310  -46.311  51.889  -8.714 0.0000000000
111553  -47.881  45.539  -13.696 0.0000000000
112223  -47.419  46.224  -13.295 0.0000000000
111541  -48.278  45.922  -12.930 0.0000000000
112862  -51.877  47.718  -8.586 0.0000000000
113565  -51.522  48.581  -8.776 0.0000000000
113558  -51.334  48.492  -7.863 0.0000000000
113557  -50.703  49.027  -7.297 0.0000000000
113541  -51.063  48.277  -7.074 0.0000000000
112841  -50.666  47.989  -6.559 0.0000000000
112842  -51.236  47.544  -6.678 0.0000000000
109578  -53.543  41.533  -4.927 0.0000000000
110179  -53.314  42.675  -4.783 0.0000000000
108899  -53.469  41.201  -4.327 0.0000000000
108897  -53.275  40.880  -3.700 0.0000000000
108121  -53.190  40.803  -3.928 0.0000000000
107368  -52.703  40.532  -3.468 0.0000000000
108123  -53.189  40.739  -4.635 0.0000000000
139205  -49.595  40.423  -6.434 0.0000000000
107397  -49.638  40.250  -5.810 0.0000000000
108135  -48.641  40.135  -6.309 0.0000000000
155653  -48.239  40.242  -6.865 0.0000000000
108997  -46.720  41.452  -13.952 0.0000000000
108982  -47.718  41.482  -12.771 0.0000000000
133534  -46.309  41.656  -12.460 0.0000000000
146594  -43.201  39.568  -8.130 0.0000000000
108158  -44.063  40.284  -8.558 0.0000000000
106648  -43.663  38.901  -7.614 0.0000000000
106647  -42.374  38.106  -7.724 0.0000000000
135627  -53.820  34.679  3.150 0.0000000000
105101  -50.472  36.193  0.017 0.0000000000
134884  -50.456  37.083  -0.242 0.0000000000
112959  -51.234  47.605  -20.054 0.0000000000
112957  -50.487  47.014  -19.518 0.0000000000
111595  -50.975  45.710  -20.742 0.0000000000
110276  -49.078  43.350  -21.449 0.0000000000
110922  -50.336  44.185  -21.490 0.0000000000
153214  -49.449  42.944  -21.252 0.0000000000
109664  -49.514  41.996  -21.007 0.0000000000
109052  -47.900  41.012  -20.656 0.0000000000
108310  -47.555  40.204  -20.362 0.0000000000
109048  -46.909  41.331  -20.164 0.0000000000
109654  -45.223  41.754  -19.207 0.0000000000
103601  -46.631  34.177  3.945 0.0000000000
105057  -48.350  36.224  2.663 0.0000000000
105056  -47.524  36.269  2.168 0.0000000000
120563  -35.711  59.089  -15.118 0.0000000000
143349  -47.631  57.665  -19.983 0.0000000000
119456  -47.779  57.786  -21.008 0.0000000000
136732  -47.303  57.911  -21.612 0.0000000000
111461  -47.562  45.261  -3.339 0.0000000000
111446  -47.075  44.653  -1.951 0.0000000000
111447  -48.008  45.021  -2.362 0.0000000000
111435  -48.643  44.864  -1.665 0.0000000000
111448  -49.124  45.261  -2.308 0.0000000000
137176  -40.850  53.919  -13.780 0.0000000000
115727  -45.559  51.573  -11.539 0.0000000000
110882  -51.127  43.769  -13.951 0.0000000000
110874  -50.893  44.276  -13.382 0.0000000000
110875  -51.584  44.088  -13.316 0.0000000000
110855  -52.726  44.649  -11.100 0.0000000000
111535  -52.383  45.259  -11.431 0.0000000000
111527  -52.530  45.624  -10.778 0.0000000000
112191  -52.423  46.423  -10.426 0.0000000000
111519  -52.510  45.925  -10.021 0.0000000000
143786  -52.473  45.288  -9.400 0.0000000000
110849  -52.720  44.315  -9.554 0.0000000000
151690  -53.517  42.190  -8.694 0.0000000000
110197  -53.342  42.887  -8.457 0.0000000000
140126  -53.638  42.096  -7.993 0.0000000000
109589  -53.640  41.988  -7.368 0.0000000000
108926  -53.599  41.273  -7.794 0.0000000000
108151  -53.492  41.068  -7.323 0.0000000000
108167  -53.504  41.020  -8.027 0.0000000000
108182  -52.552  40.842  -9.708 0.0000000000
134963  -52.662  40.704  -8.864 0.0000000000
108164  -51.781  40.710  -8.494 0.0000000000
132653  -50.975  40.711  -7.716 0.0000000000
108180  -51.146  41.058  -9.359 0.0000000000
115747  -46.386  51.999  -15.798 0.0000000000
145612  -46.253  51.079  -15.723 0.0000000000
115083  -46.520  50.097  -15.976 0.0000000000
112243  -47.198  46.751  -16.882 0.0000000000
113632  -46.744  48.344  -16.313 0.0000000000
112242  -46.749  46.795  -16.088 0.0000000000
111570  -46.955  46.242  -15.542 0.0000000000
148211  -47.617  45.460  -16.456 0.0000000000
111589  -49.774  45.336  -19.447 0.0000000000
111588  -48.900  45.848  -18.725 0.0000000000
110908  -49.065  44.747  -18.827 0.0000000000
110257  -49.558  43.163  -17.961 0.0000000000
110256  -48.999  43.745  -17.311 0.0000000000
110250  -49.605  43.123  -16.894 0.0000000000
110241  -49.103  43.634  -16.168 0.0000000000
152982  -49.872  43.127  -16.046 0.0000000000
110242  -49.800  43.475  -15.329 0.0000000000
108280  -51.844  40.134  -16.531 0.0000000000
109637  -51.876  41.802  -15.889 0.0000000000
108281  -52.259  40.448  -15.935 0.0000000000
109013  -52.734  40.837  -14.793 0.0000000000
107447  -51.978  39.803  -15.399 0.0000000000
107440  -51.790  39.894  -14.932 0.0000000000
107439  -51.392  39.832  -15.386 0.0000000000
108278  -48.558  40.005  -16.664 0.0000000000
108264  -48.886  40.287  -15.852 0.0000000000
108263  -48.029  40.422  -16.091 0.0000000000
108246  -47.469  40.842  -15.407 0.0000000000
141293  -45.759  39.578  -19.173 0.0000000000
135110  -45.849  39.513  -18.749 0.0000000000
107466  -45.110  39.659  -18.197 0.0000000000
108275  -43.688  39.973  -16.850 0.0000000000
108276  -44.725  40.195  -16.738 0.0000000000
103569  -48.394  34.001  5.300 0.0000000000
151963  -48.676  33.794  5.834 0.0000000000
143596  -49.152  34.180  5.457 0.0000000000
137287  -51.193  35.396  4.947 0.0000000000
147563  -51.074  34.640  5.770 0.0000000000
104295  -51.866  35.076  5.479 0.0000000000
103571  -52.114  34.559  6.012 0.0000000000
104296  -52.618  34.979  5.436 0.0000000000
104297  -53.279  34.699  5.158 0.0000000000
104304  -52.991  35.453  4.814 0.0000000000
105800  -51.654  37.696  3.377 0.0000000000
105049  -53.153  36.821  3.940 0.0000000000
105801  -52.779  37.545  3.449 0.0000000000
105808  -53.201  37.775  2.760 0.0000000000
118709  -33.927  55.810  -11.952 0.0000000000
118089  -33.343  55.433  -11.237 0.0000000000
117478  -35.436  54.387  -11.907 0.0000000000
119999  -33.790  58.237  -13.991 0.0000000000
119374  -34.311  57.622  -13.442 0.0000000000
118716  -37.289  56.977  -12.453 0.0000000000
119359  -35.835  57.261  -12.783 0.0000000000
118095  -37.144  56.001  -12.610 0.0000000000
118096  -37.881  55.404  -12.928 0.0000000000
118098  -38.618  55.204  -13.215 0.0000000000
152734  -39.158  55.488  -13.302 0.0000000000
118723  -41.535  57.031  -13.111 0.0000000000
118100  -41.091  56.161  -13.544 0.0000000000
118101  -41.903  56.285  -13.682 0.0000000000
118110  -43.170  55.548  -14.333 0.0000000000
118102  -42.744  56.399  -13.797 0.0000000000
150190  -41.017  59.084  -12.724 0.0000000000
150882  -42.783  58.947  -13.068 0.0000000000
119381  -44.926  58.059  -13.070 0.0000000000
119380  -43.873  58.215  -12.991 0.0000000000
118726  -45.437  57.278  -13.438 0.0000000000
118104  -44.911  56.527  -13.937 0.0000000000
118105  -46.017  56.469  -13.875 0.0000000000
117494  -47.023  55.045  -14.446 0.0000000000
117487  -47.353  55.683  -14.018 0.0000000000
117496  -48.758  55.119  -14.700 0.0000000000
117495  -48.238  55.046  -14.587 0.0000000000
116935  -48.722  54.593  -15.163 0.0000000000
116358  -49.042  53.399  -16.198 0.0000000000
116940  -49.274  54.046  -15.843 0.0000000000
119414  -47.785  58.061  -16.559 0.0000000000
119415  -48.420  57.555  -16.165 0.0000000000
118752  -48.806  56.848  -16.782 0.0000000000
117506  -50.308  53.699  -17.632 0.0000000000
117502  -50.202  53.675  -16.962 0.0000000000
116947  -50.439  53.132  -17.155 0.0000000000
139294  -50.441  52.241  -17.303 0.0000000000
153455  -50.666  51.950  -17.643 0.0000000000
115128  -51.056  50.203  -18.353 0.0000000000
115762  -51.005  51.398  -18.168 0.0000000000
115148  -50.992  50.824  -20.764 0.0000000000
157338  -51.278  49.599  -20.562 0.0000000000
114419  -51.069  49.539  -20.992 0.0000000000
113691  -50.393  47.729  -21.907 0.0000000000
114418  -50.550  49.334  -21.416 0.0000000000
147050  -50.129  49.875  -21.522 0.0000000000
116391  -49.965  52.905  -21.276 0.0000000000
157469  -49.535  52.502  -21.461 0.0000000000
118136  -49.285  56.083  -21.855 0.0000000000
150550  -45.670  38.053  0.015 0.0000000000
106579  -47.330  39.141  0.314 0.0000000000
105829  -47.012  37.998  0.484 0.0000000000
106580  -48.307  39.084  0.773 0.0000000000
110142  -47.287  43.336  -0.451 0.0000000000
109549  -46.999  42.865  -0.357 0.0000000000
150757  -47.998  42.890  -0.099 0.0000000000
133228  -49.539  41.480  0.769 0.0000000000
108871  -48.732  41.777  0.366 0.0000000000
108096  -49.717  40.685  1.136 0.0000000000
107316  -49.047  39.903  0.947 0.0000000000
142285  -49.875  39.806  1.467 0.0000000000
107317  -50.534  40.586  1.588 0.0000000000
108857  -51.677  41.453  1.427 0.0000000000
108085  -51.872  40.916  1.931 0.0000000000
134169  -52.501  40.531  1.937 0.0000000000
107320  -52.889  39.722  2.015 0.0000000000
114285  -45.065  50.535  -7.526 0.0000000000
112853  -44.933  47.907  -7.562 0.0000000000
147041  -45.803  50.102  -14.181 0.0000000000
115064  -45.655  50.944  -13.795 0.0000000000
114336  -45.912  49.282  -13.783 0.0000000000
113585  -47.423  48.449  -11.479 0.0000000000
113584  -46.763  48.988  -11.914 0.0000000000
114319  -47.318  49.520  -11.294 0.0000000000
114309  -47.237  50.701  -11.247 0.0000000000
114310  -47.929  50.203  -10.702 0.0000000000
112201  -50.481  46.683  -11.586 0.0000000000
112200  -49.482  46.837  -11.624 0.0000000000
112885  -50.144  47.354  -11.144 0.0000000000
114302  -50.602  49.970  -9.064 0.0000000000
114312  -49.663  49.678  -9.739 0.0000000000
115035  -49.531  51.032  -9.148 0.0000000000
115034  -48.787  51.372  -9.502 0.0000000000
115688  -49.038  51.528  -8.417 0.0000000000
115670  -47.932  51.382  -7.708 0.0000000000
115671  -48.716  51.355  -7.772 0.0000000000
112856  -48.784  48.989  -7.155 0.0000000000
144987  -48.514  50.081  -7.278 0.0000000000
112837  -47.419  47.597  -7.160 0.0000000000
112838  -48.406  47.837  -6.983 0.0000000000
112166  -47.915  46.928  -6.539 0.0000000000
112167  -48.918  47.140  -6.271 0.0000000000
112150  -50.763  46.786  -4.916 0.0000000000
112149  -50.237  46.691  -4.437 0.0000000000
112134  -50.758  46.460  -3.893 0.0000000000
111464  -50.613  46.065  -3.157 0.0000000000
112126  -51.017  46.080  -3.457 0.0000000000
111509  -52.184  45.443  -7.153 0.0000000000
111506  -52.128  45.457  -6.048 0.0000000000
110831  -52.450  44.642  -5.538 0.0000000000
110171  -52.435  43.907  -3.189 0.0000000000
110819  -52.018  44.726  -3.441 0.0000000000
142887  -51.875  44.600  -2.616 0.0000000000
110810  -51.377  44.910  -2.089 0.0000000000
110165  -51.855  44.318  -1.880 0.0000000000
153287  -51.877  43.786  -1.122 0.0000000000
109563  -52.574  42.741  -1.391 0.0000000000
157134  -53.034  40.201  -1.128 0.0000000000
134599  -53.115  40.934  -1.212 0.0000000000
107347  -53.171  39.831  -0.482 0.0000000000
107331  -53.385  39.789  0.445 0.0000000000
107346  -53.255  39.233  -0.126 0.0000000000
107345  -52.754  38.803  -0.709 0.0000000000
107354  -52.860  39.444  -1.053 0.0000000000
107359  -52.060  39.686  -2.321 0.0000000000
150601  -51.549  39.113  -1.774 0.0000000000
106603  -50.007  38.350  -1.539 0.0000000000
106608  -50.570  38.958  -2.042 0.0000000000
138490  -52.796  40.586  -5.882 0.0000000000
141693  -52.695  40.535  -4.857 0.0000000000
108128  -52.400  40.489  -5.282 0.0000000000
107370  -49.654  39.844  -4.449 0.0000000000
152300  -50.472  40.024  -4.176 0.0000000000
106613  -49.199  39.015  -3.130 0.0000000000
106612  -48.449  38.676  -3.370 0.0000000000
153154  -47.959  38.240  -3.263 0.0000000000
106617  -47.896  38.643  -3.879 0.0000000000
148782  -46.338  37.879  -4.657 0.0000000000
105865  -45.696  37.562  -5.202 0.0000000000
105857  -45.527  36.807  -4.789 0.0000000000
108219  -50.208  40.673  -13.510 0.0000000000
108220  -51.031  40.599  -12.904 0.0000000000
108984  -50.010  40.953  -12.712 0.0000000000
108949  -47.977  41.475  -10.969 0.0000000000
108950  -48.832  41.474  -10.602 0.0000000000
108935  -48.976  41.376  -9.694 0.0000000000
131914  -48.051  41.422  -9.993 0.0000000000
108946  -44.369  41.522  -10.796 0.0000000000
139848  -45.154  41.498  -10.532 0.0000000000
108159  -44.926  40.384  -8.365 0.0000000000
108177  -45.559  40.847  -8.812 0.0000000000
135140  -47.271  40.794  -8.267 0.0000000000
108145  -46.627  40.414  -7.781 0.0000000000
107409  -46.786  39.928  -7.074 0.0000000000
107408  -45.921  39.889  -7.428 0.0000000000
105871  -44.506  37.917  -6.934 0.0000000000
106634  -44.979  38.536  -6.805 0.0000000000
141714  -44.574  37.320  -6.600 0.0000000000
105131  -44.552  36.565  -6.242 0.0000000000
105060  -53.527  36.357  2.784 0.0000000000
105075  -53.333  35.944  2.222 0.0000000000
112295  -50.999  46.725  -21.359 0.0000000000
111602  -50.776  45.767  -21.528 0.0000000000
111611  -50.223  45.503  -22.264 0.0000000000
110921  -49.197  44.082  -21.760 0.0000000000
110275  -48.304  43.080  -20.932 0.0000000000
109660  -47.711  42.158  -20.596 0.0000000000
110269  -47.420  43.157  -20.290 0.0000000000
111477  -47.136  45.459  -4.310 0.0000000000
116930  -42.259  53.935  -14.228 0.0000000000
116927  -43.280  53.102  -14.053 0.0000000000
115738  -44.746  51.871  -13.279 0.0000000000
110235  -52.534  42.750  -14.186 0.0000000000
110225  -52.104  43.877  -13.302 0.0000000000
110226  -52.607  43.352  -13.317 0.0000000000
110218  -52.803  43.656  -12.422 0.0000000000
142719  -53.031  43.772  -10.966 0.0000000000
110856  -52.881  44.037  -10.338 0.0000000000
110208  -53.235  43.057  -10.360 0.0000000000
109608  -53.404  42.165  -10.430 0.0000000000
108937  -53.403  41.481  -9.441 0.0000000000
108184  -53.387  41.034  -8.855 0.0000000000
108200  -53.149  41.111  -9.825 0.0000000000
108199  -52.851  40.936  -10.223 0.0000000000
108198  -52.295  40.903  -10.598 0.0000000000
115751  -47.973  51.843  -16.660 0.0000000000
115097  -47.444  50.018  -16.763 0.0000000000
155256  -47.888  49.638  -17.129 0.0000000000
113643  -47.922  48.479  -17.380 0.0000000000
112249  -47.716  46.737  -17.503 0.0000000000
110270  -50.030  42.889  -20.368 0.0000000000
110909  -49.742  43.787  -19.514 0.0000000000
110264  -49.840  43.072  -19.117 0.0000000000
109649  -50.056  42.330  -18.587 0.0000000000
109642  -50.126  42.548  -17.482 0.0000000000
109643  -50.726  42.123  -17.003 0.0000000000
109036  -51.106  40.651  -17.693 0.0000000000
108288  -51.327  40.017  -17.354 0.0000000000
107472  -51.314  39.740  -16.807 0.0000000000
107445  -50.302  39.775  -16.127 0.0000000000
107458  -50.044  39.613  -16.926 0.0000000000
107457  -49.132  39.637  -17.223 0.0000000000
155231  -47.623  40.108  -16.887 0.0000000000
107465  -44.177  39.675  -18.211 0.0000000000
102776  -50.263  32.848  7.182 0.0000000000
104311  -48.656  34.917  4.043 0.0000000000
103586  -49.678  34.683  4.974 0.0000000000
104302  -49.409  35.092  4.324 0.0000000000
135401  -50.223  35.301  4.580 0.0000000000
105040  -51.760  36.202  4.404 0.0000000000
105047  -51.245  36.839  3.849 0.0000000000
118712  -33.296  56.548  -12.212 0.0000000000
120001  -35.834  58.344  -13.766 0.0000000000
119375  -35.368  57.732  -13.329 0.0000000000
119376  -36.324  57.941  -13.104 0.0000000000
119361  -37.582  57.812  -12.322 0.0000000000
149576  -37.983  57.327  -12.307 0.0000000000
118721  -39.570  56.330  -13.086 0.0000000000
118719  -39.705  57.374  -12.471 0.0000000000
119364  -40.301  58.102  -12.227 0.0000000000
119378  -41.210  57.927  -12.564 0.0000000000
120032  -42.342  59.089  -15.092 0.0000000000
148419  -43.310  59.287  -13.408 0.0000000000
120567  -43.851  59.623  -13.831 0.0000000000
120009  -45.413  58.632  -13.238 0.0000000000
119382  -45.893  57.890  -13.277 0.0000000000
118728  -47.294  56.826  -13.591 0.0000000000
146999  -47.524  57.317  -13.664 0.0000000000
119384  -48.102  56.938  -13.798 0.0000000000
118734  -48.781  56.599  -14.703 0.0000000000
148430  -48.553  56.966  -17.921 0.0000000000
118753  -49.140  56.154  -17.470 0.0000000000
118130  -49.557  55.419  -18.030 0.0000000000
117511  -49.972  54.554  -18.375 0.0000000000
134993  -50.661  52.824  -18.589 0.0000000000
116371  -51.041  51.712  -18.729 0.0000000000
116374  -50.848  52.315  -19.067 0.0000000000
116379  -50.688  52.478  -20.156 0.0000000000
115783  -50.874  51.548  -20.516 0.0000000000
115803  -50.574  51.235  -21.114 0.0000000000
116392  -50.475  52.198  -21.003 0.0000000000
116965  -49.730  54.099  -21.250 0.0000000000
110775  -42.290  44.095  -0.330 0.0000000000
147005  -42.868  43.368  -0.133 0.0000000000
109544  -42.645  42.947  -0.114 0.0000000000
108878  -43.410  41.838  -0.539 0.0000000000
106596  -45.506  38.880  -0.299 0.0000000000
107343  -45.563  39.998  -0.476 0.0000000000
108108  -46.315  40.694  -0.316 0.0000000000
110158  -48.763  43.750  -0.394 0.0000000000
155488  -48.523  43.086  -0.043 0.0000000000
110143  -49.076  43.292  -0.023 0.0000000000
109551  -49.698  42.746  0.380 0.0000000000
149206  -50.029  42.032  0.786 0.0000000000
108856  -50.629  41.855  1.097 0.0000000000
109533  -51.068  42.065  1.066 0.0000000000
109554  -51.833  42.201  0.628 0.0000000000
115017  -44.526  51.000  -7.639 0.0000000000
115018  -45.587  51.006  -7.564 0.0000000000
115019  -46.510  50.987  -7.503 0.0000000000
154572  -46.348  47.021  -14.054 0.0000000000
113605  -46.136  48.316  -13.172 0.0000000000
112222  -46.957  46.934  -13.037 0.0000000000
112893  -47.086  47.370  -12.460 0.0000000000
112884  -47.578  47.554  -11.859 0.0000000000
112876  -51.611  47.852  -10.394 0.0000000000
112875  -50.870  47.894  -10.666 0.0000000000
113572  -51.499  48.448  -9.617 0.0000000000
114303  -51.080  49.368  -8.895 0.0000000000
114294  -50.528  50.229  -8.353 0.0000000000
115023  -49.921  50.685  -7.751 0.0000000000
114291  -50.360  49.943  -7.576 0.0000000000
113540  -50.038  49.543  -7.049 0.0000000000
112840  -50.084  48.120  -6.461 0.0000000000
112168  -49.797  47.343  -6.017 0.0000000000
112824  -50.439  47.326  -5.919 0.0000000000
112825  -50.957  47.157  -5.907 0.0000000000
112151  -51.286  46.574  -5.157 0.0000000000
110184  -53.029  43.506  -6.160 0.0000000000
110181  -52.847  43.758  -5.096 0.0000000000
110172  -53.093  42.912  -3.758 0.0000000000
110166  -52.754  43.072  -2.858 0.0000000000
109569  -52.967  42.307  -2.361 0.0000000000
108894  -53.250  41.222  -2.764 0.0000000000
153182  -53.129  40.821  -2.167 0.0000000000
108115  -52.995  40.429  -1.772 0.0000000000
107361  -52.641  40.278  -2.550 0.0000000000
107367  -52.478  40.338  -3.105 0.0000000000
135880  -51.983  40.258  -3.653 0.0000000000
108136  -51.505  40.467  -6.106 0.0000000000
108127  -51.757  40.435  -5.558 0.0000000000
108126  -50.751  40.355  -5.477 0.0000000000
131729  -49.658  40.067  -5.139 0.0000000000
107380  -48.742  39.628  -4.845 0.0000000000
106616  -47.925  39.070  -4.599 0.0000000000
107379  -47.895  39.401  -5.293 0.0000000000
106637  -47.087  39.097  -5.678 0.0000000000
133072  -48.330  41.312  -13.400 0.0000000000
150888  -49.284  41.260  -12.439 0.0000000000
108983  -48.545  41.376  -12.572 0.0000000000
108966  -47.879  41.479  -11.900 0.0000000000
133461  -47.168  41.569  -11.298 0.0000000000
142663  -43.810  40.885  -9.332 0.0000000000
107419  -45.109  39.881  -7.745 0.0000000000
131671  -45.239  39.229  -7.140 0.0000000000
107407  -44.465  39.367  -7.620 0.0000000000
132961  -43.864  37.976  -7.301 0.0000000000
105883  -43.329  37.292  -7.391 0.0000000000
105882  -42.740  37.492  -7.560 0.0000000000
102832  -54.063  33.711  3.887 0.0000000000
113660  -50.144  48.491  -18.642 0.0000000000
112941  -49.740  47.519  -18.837 0.0000000000
112267  -50.515  45.971  -19.923 0.0000000000
154639  -50.752  44.996  -21.314 0.0000000000
110914  -50.215  43.747  -20.652 0.0000000000
110277  -49.908  42.253  -20.748 0.0000000000
109053  -49.423  41.116  -20.804 0.0000000000
139116  -48.678  39.791  -20.149 0.0000000000
107490  -48.079  39.493  -19.593 0.0000000000
108304  -47.765  39.809  -20.111 0.0000000000
108303  -46.921  39.881  -19.982 0.0000000000
107487  -45.350  39.799  -19.329 0.0000000000
147114  -46.031  41.649  -19.631 0.0000000000
156158  -45.451  40.957  -19.528 0.0000000000
102795  -47.826  33.302  6.433 0.0000000000
136591  -47.296  33.439  5.983 0.0000000000
103568  -47.606  33.775  5.322 0.0000000000
103603  -48.005  34.282  4.534 0.0000000000
104310  -47.081  34.742  3.364 0.0000000000
136712  -47.882  34.853  3.666 0.0000000000
104328  -48.482  35.531  3.361 0.0000000000
133640  -49.037  36.970  2.474 0.0000000000
120015  -34.320  58.755  -14.597 0.0000000000
120016  -35.313  58.723  -14.517 0.0000000000
153831  -36.271  58.735  -14.348 0.0000000000
120017  -37.238  58.712  -14.055 0.0000000000
120048  -46.423  58.788  -15.981 0.0000000000
119441  -47.689  57.497  -18.793 0.0000000000
119442  -48.236  57.171  -18.930 0.0000000000
118774  -48.475  57.132  -19.850 0.0000000000
118775  -49.004  56.491  -20.055 0.0000000000
118786  -49.157  56.572  -20.924 0.0000000000
118785  -48.659  57.169  -20.715 0.0000000000
154584  -47.957  57.897  -21.757 0.0000000000
110796  -47.077  44.344  -1.275 0.0000000000
110797  -48.067  44.410  -1.187 0.0000000000
110780  -48.401  44.102  -0.767 0.0000000000
110798  -49.160  44.649  -1.117 0.0000000000
144262  -50.006  45.045  -1.412 0.0000000000
115716  -44.908  51.599  -10.977 0.0000000000
133741  -45.833  51.822  -10.424 0.0000000000
110872  -49.266  44.699  -13.757 0.0000000000
111542  -49.272  45.663  -12.670 0.0000000000
111556  -50.614  44.857  -12.920 0.0000000000
111544  -51.159  45.339  -12.364 0.0000000000
112214  -51.647  45.891  -11.815 0.0000000000
111546  -52.164  44.869  -12.070 0.0000000000
111534  -52.101  45.641  -11.625 0.0000000000
112202  -52.020  46.533  -11.226 0.0000000000
112877  -52.239  46.846  -10.637 0.0000000000
112863  -52.233  47.292  -9.392 0.0000000000
112180  -52.242  46.920  -8.918 0.0000000000
112179  -51.914  47.018  -8.047 0.0000000000
149791  -52.120  46.402  -8.457 0.0000000000
111511  -52.228  45.527  -8.351 0.0000000000
110834  -52.494  44.525  -7.685 0.0000000000
110202  -52.905  43.690  -8.877 0.0000000000
110196  -52.944  43.639  -8.094 0.0000000000
110187  -52.975  43.576  -7.173 0.0000000000
110185  -53.430  42.667  -6.889 0.0000000000
109582  -53.603  41.873  -6.655 0.0000000000
108901  -53.522  41.180  -5.432 0.0000000000
108130  -53.110  40.676  -5.191 0.0000000000
108138  -53.354  40.890  -5.750 0.0000000000
149281  -53.323  40.889  -6.779 0.0000000000
134909  -53.003  40.647  -6.538 0.0000000000
108166  -53.182  40.799  -8.409 0.0000000000
108165  -52.663  40.557  -8.005 0.0000000000
108150  -52.460  40.560  -7.028 0.0000000000
108149  -51.419  40.545  -6.873 0.0000000000
108148  -50.218  40.598  -6.990 0.0000000000
132081  -49.739  40.873  -7.822 0.0000000000
108980  -45.624  41.686  -12.707 0.0000000000
133959  -44.835  41.687  -12.428 0.0000000000
108963  -44.213  41.631  -11.667 0.0000000000
133748  -43.738  41.565  -11.100 0.0000000000
108931  -43.601  41.356  -10.281 0.0000000000
108196  -42.931  40.982  -9.622 0.0000000000
107417  -42.286  39.652  -8.391 0.0000000000
145874  -45.335  53.300  -15.050 0.0000000000
116353  -45.394  52.487  -15.001 0.0000000000
115744  -45.814  51.778  -15.246 0.0000000000
146598  -45.982  50.122  -15.104 0.0000000000
113613  -46.048  48.784  -14.915 0.0000000000
114356  -46.708  49.221  -16.151 0.0000000000
113622  -46.316  48.556  -15.546 0.0000000000
112909  -46.058  48.081  -14.838 0.0000000000
112230  -46.659  46.532  -14.537 0.0000000000
111563  -47.100  45.977  -14.886 0.0000000000
111564  -47.660  45.379  -14.565 0.0000000000
150236  -48.921  47.566  -18.301 0.0000000000
111587  -48.215  46.324  -18.023 0.0000000000
110901  -48.561  44.501  -17.743 0.0000000000
110900  -47.975  45.022  -17.059 0.0000000000
110894  -47.960  44.821  -16.134 0.0000000000
110879  -48.225  44.692  -15.127 0.0000000000
110880  -49.024  44.372  -14.460 0.0000000000
110889  -49.717  43.890  -14.586 0.0000000000
110233  -50.518  43.526  -14.633 0.0000000000
131693  -51.319  43.238  -14.602 0.0000000000
109636  -51.149  42.303  -16.197 0.0000000000
110244  -51.581  42.613  -15.275 0.0000000000
147003  -51.998  43.013  -14.483 0.0000000000
109631  -52.847  41.710  -14.512 0.0000000000
108252  -53.042  40.919  -14.164 0.0000000000
150360  -52.854  40.653  -13.745 0.0000000000
108222  -52.440  40.532  -12.654 0.0000000000
108234  -52.366  40.352  -13.577 0.0000000000
108232  -50.891  40.446  -13.804 0.0000000000
144085  -50.416  40.451  -14.187 0.0000000000
108265  -49.762  40.147  -15.593 0.0000000000
108247  -49.124  40.602  -14.959 0.0000000000
108999  -48.785  40.996  -14.101 0.0000000000
157339  -48.084  41.261  -14.073 0.0000000000
137194  -47.450  41.248  -14.460 0.0000000000
109010  -45.664  41.382  -14.353 0.0000000000
107479  -47.444  39.413  -19.075 0.0000000000
107455  -47.180  39.758  -17.729 0.0000000000
147842  -46.511  40.163  -16.978 0.0000000000
107453  -44.358  39.805  -17.533 0.0000000000
107454  -45.400  39.959  -17.365 0.0000000000
108277  -45.642  40.351  -16.598 0.0000000000
102796  -48.516  33.491  6.334 0.0000000000
136885  -49.012  33.287  6.800 0.0000000000
102797  -49.876  33.353  6.808 0.0000000000
103570  -50.004  34.362  5.659 0.0000000000
103552  -50.432  33.939  6.335 0.0000000000
102798  -50.830  33.375  6.851 0.0000000000
102801  -53.029  33.661  5.981 0.0000000000
102826  -53.732  33.446  4.701 0.0000000000
103588  -53.755  34.228  4.611 0.0000000000
104305  -53.476  35.018  4.387 0.0000000000
104314  -53.616  35.295  3.649 0.0000000000
105041  -52.686  36.225  4.415 0.0000000000
105050  -53.490  36.205  3.463 0.0000000000
105815  -53.282  37.806  1.975 0.0000000000
118713  -34.313  56.481  -12.513 0.0000000000
118714  -35.286  56.531  -12.569 0.0000000000
118093  -35.541  55.764  -12.443 0.0000000000
118094  -36.367  55.454  -12.532 0.0000000000
144801  -37.061  55.124  -12.690 0.0000000000
117480  -37.498  54.457  -12.761 0.0000000000
150438  -38.737  53.936  -13.112 0.0000000000
117484  -40.007  54.319  -13.554 0.0000000000
139325  -40.351  55.972  -13.428 0.0000000000
117485  -40.732  55.104  -13.820 0.0000000000
117486  -41.671  54.588  -14.161 0.0000000000
117490  -42.600  54.667  -14.417 0.0000000000
117491  -43.453  54.567  -14.580 0.0000000000
120553  -38.989  59.073  -13.260 0.0000000000
120005  -40.284  59.119  -12.499 0.0000000000
143858  -41.754  58.440  -12.587 0.0000000000
142990  -42.113  57.768  -12.849 0.0000000000
120007  -43.564  58.866  -13.028 0.0000000000
118724  -43.126  57.444  -13.221 0.0000000000
118103  -43.756  56.510  -13.922 0.0000000000
117492  -45.176  54.739  -14.732 0.0000000000
117493  -45.945  54.254  -14.941 0.0000000000
153148  -46.955  54.297  -15.009 0.0000000000
116938  -46.983  53.502  -15.563 0.0000000000
117488  -47.809  55.392  -14.207 0.0000000000
116934  -47.922  54.318  -15.170 0.0000000000
148144  -47.989  53.362  -15.974 0.0000000000
116361  -48.600  52.643  -16.479 0.0000000000
115752  -49.043  51.907  -16.901 0.0000000000
115114  -49.522  50.376  -17.599 0.0000000000
120037  -47.481  58.538  -15.101 0.0000000000
119400  -48.480  57.450  -15.140 0.0000000000
118735  -49.161  55.852  -15.189 0.0000000000
118742  -49.308  55.835  -16.246 0.0000000000
140739  -49.425  55.190  -15.648 0.0000000000
117499  -49.495  54.505  -15.815 0.0000000000
116363  -50.148  52.608  -16.913 0.0000000000
115100  -50.257  51.388  -17.474 0.0000000000
114378  -50.091  50.008  -17.949 0.0000000000
152853  -50.701  49.963  -18.250 0.0000000000
113662  -51.237  48.884  -19.281 0.0000000000
113676  -51.324  48.335  -19.896 0.0000000000
115140  -51.364  50.342  -19.538 0.0000000000
114405  -51.395  49.014  -19.856 0.0000000000
112989  -51.124  47.548  -21.142 0.0000000000
112988  -50.710  47.252  -21.716 0.0000000000
112999  -50.212  47.125  -22.178 0.0000000000
115159  -50.127  50.820  -21.461 0.0000000000
115158  -49.421  50.217  -21.566 0.0000000000
118134  -49.473  55.756  -21.141 0.0000000000
117524  -49.461  55.210  -21.531 0.0000000000
117523  -49.147  54.766  -21.744 0.0000000000
155028  -46.252  36.557  1.241 0.0000000000
106578  -46.360  38.525  0.096 0.0000000000
105091  -46.706  37.067  0.992 0.0000000000
131632  -47.449  36.927  1.557 0.0000000000
136948  -48.063  37.456  1.492 0.0000000000
105814  -48.861  37.735  1.768 0.0000000000
108869  -46.520  42.399  -0.325 0.0000000000
108093  -46.997  41.458  -0.152 0.0000000000
108094  -47.974  41.159  0.229 0.0000000000
107329  -48.133  40.107  0.511 0.0000000000
106566  -49.158  38.841  1.348 0.0000000000
105806  -49.648  37.712  2.333 0.0000000000
106558  -50.110  38.325  2.214 0.0000000000
106559  -50.864  38.828  2.322 0.0000000000
137163  -51.459  38.364  2.797 0.0000000000
107318  -51.326  40.470  2.007 0.0000000000
107311  -51.497  39.650  2.281 0.0000000000
106560  -51.849  38.941  2.518 0.0000000000
106561  -52.644  38.933  2.324 0.0000000000
106569  -53.196  38.627  1.710 0.0000000000
140598  -44.204  47.660  -7.495 0.0000000000
112174  -44.615  47.027  -7.292 0.0000000000
142053  -45.985  46.583  -6.799 0.0000000000
115743  -45.449  51.621  -14.384 0.0000000000
115056  -45.827  51.174  -12.917 0.0000000000
113594  -46.057  49.032  -13.092 0.0000000000
115057  -46.269  50.684  -12.379 0.0000000000
115049  -45.989  51.434  -12.063 0.0000000000
115040  -47.089  51.598  -11.003 0.0000000000
115717  -46.833  51.875  -10.403 0.0000000000
112211  -48.825  46.356  -12.211 0.0000000000
112199  -48.464  47.110  -11.713 0.0000000000
112873  -48.880  48.215  -10.739 0.0000000000
113578  -50.233  48.771  -10.085 0.0000000000
113577  -49.246  48.910  -10.301 0.0000000000
114311  -48.757  49.879  -10.147 0.0000000000
115042  -48.442  50.885  -10.112 0.0000000000
115704  -48.117  51.794  -9.602 0.0000000000
116311  -47.069  51.924  -8.808 0.0000000000
115686  -47.518  51.732  -8.154 0.0000000000
115669  -47.077  51.348  -7.718 0.0000000000
114287  -46.695  50.335  -7.402 0.0000000000
114289  -48.848  50.536  -7.322 0.0000000000
114288  -47.722  50.291  -7.336 0.0000000000
113554  -47.257  49.475  -7.400 0.0000000000
145391  -46.867  48.401  -7.479 0.0000000000
112176  -46.435  47.383  -7.267 0.0000000000
112147  -47.347  46.242  -5.919 0.0000000000
111497  -47.756  45.881  -4.992 0.0000000000
111478  -48.162  45.622  -4.036 0.0000000000
135032  -49.441  46.678  -5.217 0.0000000000
111479  -49.027  45.816  -3.778 0.0000000000
111463  -49.771  45.813  -3.047 0.0000000000
150290  -50.412  45.318  -1.919 0.0000000000
111436  -50.586  45.081  -1.502 0.0000000000
111505  -51.858  46.218  -6.588 0.0000000000
111498  -51.738  46.163  -5.545 0.0000000000
147452  -51.570  46.099  -4.607 0.0000000000
110825  -52.161  44.850  -4.423 0.0000000000
152525  -51.712  45.635  -4.270 0.0000000000
111480  -51.363  45.944  -3.840 0.0000000000
111451  -51.084  45.367  -2.409 0.0000000000
111437  -51.024  44.965  -1.591 0.0000000000
143254  -50.959  44.591  -0.919 0.0000000000
110159  -51.202  43.727  -0.267 0.0000000000
110147  -51.566  43.043  0.060 0.0000000000
108872  -52.441  41.575  0.565 0.0000000000
109561  -52.720  42.017  -0.809 0.0000000000
108883  -52.802  41.389  -0.202 0.0000000000
108097  -52.742  41.012  0.996 0.0000000000
107330  -53.432  39.269  0.983 0.0000000000
106582  -53.346  38.341  0.785 0.0000000000
106581  -52.698  37.917  0.192 0.0000000000
105844  -51.951  37.819  -0.154 0.0000000000
106598  -51.447  38.137  -0.602 0.0000000000
107353  -52.386  39.259  -1.489 0.0000000000
106604  -51.912  38.685  -1.015 0.0000000000
106597  -50.456  37.848  -0.773 0.0000000000
105842  -49.529  37.685  -1.257 0.0000000000
107383  -52.809  40.564  -4.683 0.0000000000
107373  -52.584  40.495  -4.237 0.0000000000
107372  -51.948  40.276  -3.922 0.0000000000
107381  -51.531  40.367  -4.991 0.0000000000
107371  -51.315  40.251  -4.339 0.0000000000
107365  -51.004  39.959  -3.521 0.0000000000
107357  -50.218  39.334  -2.878 0.0000000000
105847  -48.655  37.416  -1.724 0.0000000000
105846  -48.018  37.434  -2.320 0.0000000000
105849  -47.451  37.004  -2.561 0.0000000000
106610  -47.097  38.391  -4.442 0.0000000000
105851  -46.604  37.644  -3.981 0.0000000000
147561  -51.871  40.571  -12.319 0.0000000000
108208  -51.257  40.795  -11.876 0.0000000000
108197  -51.442  41.017  -10.962 0.0000000000
108968  -49.810  41.248  -11.921 0.0000000000
108951  -49.695  41.400  -11.038 0.0000000000
108952  -50.605  41.263  -10.355 0.0000000000
108936  -50.011  41.319  -9.475 0.0000000000
108925  -49.204  41.157  -8.747 0.0000000000
108162  -48.534  40.870  -8.029 0.0000000000
108964  -45.666  41.671  -11.946 0.0000000000
108933  -45.467  41.276  -9.679 0.0000000000
108934  -46.383  41.415  -9.933 0.0000000000
108179  -47.193  41.225  -9.234 0.0000000000
156084  -47.845  40.786  -8.069 0.0000000000
107410  -47.649  39.954  -6.659 0.0000000000
107394  -46.770  39.379  -6.377 0.0000000000
106636  -46.365  38.757  -5.979 0.0000000000
106635  -45.747  38.784  -6.509 0.0000000000
106623  -45.723  38.180  -5.918 0.0000000000
101993  -54.047  33.101  3.791 0.0000000000
102775  -49.432  32.881  7.207 0.0000000000
102799  -51.693  33.327  6.652 0.0000000000
102818  -52.974  33.091  5.866 0.0000000000
102819  -53.354  33.419  5.462 0.0000000000
103572  -52.934  34.345  5.861 0.0000000000
106606  -47.667  37.686  -2.900 0.0000000000
107312  -52.217  39.527  2.369 0.0000000000
107366  -51.890  40.030  -3.133 0.0000000000
107374  -52.776  40.572  -4.183 0.0000000000
107418  -44.477  39.921  -8.048 0.0000000000
107441  -52.162  39.972  -14.876 0.0000000000
107446  -50.977  39.734  -15.901 0.0000000000
107456  -48.182  39.706  -17.491 0.0000000000
107459  -50.849  39.648  -16.549 0.0000000000
107467  -46.809  39.521  -18.561 0.0000000000
107470  -49.719  39.512  -17.773 0.0000000000
107478  -46.512  39.491  -19.184 0.0000000000
107481  -49.373  39.477  -18.602 0.0000000000
107482  -50.135  39.600  -18.268 0.0000000000
107488  -46.264  39.706  -19.535 0.0000000000
108086  -52.371  41.028  1.576 0.0000000000
108109  -53.066  40.549  -0.372 0.0000000000
108137  -53.197  40.770  -5.962 0.0000000000
108161  -47.910  40.987  -8.561 0.0000000000
108178  -46.191  41.160  -9.228 0.0000000000
108181  -52.055  40.802  -9.291 0.0000000000
108210  -52.637  40.878  -11.177 0.0000000000
108231  -49.653  40.671  -14.143 0.0000000000
108233  -51.573  40.313  -13.729 0.0000000000
108235  -52.896  40.710  -13.024 0.0000000000
108249  -51.137  40.166  -14.595 0.0000000000
108250  -51.977  40.081  -14.361 0.0000000000
108266  -50.637  39.992  -15.409 0.0000000000
108267  -52.066  39.993  -15.845 0.0000000000
108268  -52.351  40.292  -15.258 0.0000000000
108302  -46.096  39.975  -19.833 0.0000000000
108305  -49.523  39.953  -19.922 0.0000000000
108309  -46.908  40.396  -20.176 0.0000000000
108312  -49.126  40.423  -20.598 0.0000000000
108873  -52.883  40.971  0.345 0.0000000000
108882  -52.291  42.272  0.043 0.0000000000
108907  -53.529  41.271  -6.272 0.0000000000
108924  -48.275  41.227  -9.137 0.0000000000
108981  -46.918  41.561  -13.037 0.0000000000
108985  -50.527  40.941  -12.174 0.0000000000
109001  -53.194  41.001  -13.444 0.0000000000
109012  -48.222  40.965  -14.740 0.0000000000
109030  -52.011  40.927  -16.338 0.0000000000
109037  -51.583  40.589  -16.983 0.0000000000
109042  -50.009  41.166  -19.907 0.0000000000
109046  -45.345  40.225  -19.568 0.0000000000
109550  -48.743  42.638  0.157 0.0000000000
109552  -50.455  42.522  0.685 0.0000000000
109557  -42.949  42.692  -0.271 0.0000000000
109558  -43.740  42.727  -0.324 0.0000000000
109559  -44.584  42.733  -0.359 0.0000000000
109580  -53.572  41.901  -5.736 0.0000000000
109597  -53.623  41.591  -8.174 0.0000000000
109603  -53.430  42.216  -9.520 0.0000000000
109630  -52.274  42.236  -15.008 0.0000000000
109632  -53.174  41.515  -13.837 0.0000000000
109650  -50.589  41.564  -17.905 0.0000000000
110137  -42.326  43.402  -0.006 0.0000000000
110146  -51.001  43.486  0.052 0.0000000000
110156  -46.622  43.692  -0.571 0.0000000000
110160  -51.553  43.602  -0.472 0.0000000000
110212  -52.941  43.818  -11.629 0.0000000000
110281  -49.689  43.866  -21.626 0.0000000000
110760  -42.731  43.610  -0.142 0.0000000000
110763  -49.579  43.849  -0.233 0.0000000000
110765  -50.919  44.092  -0.415 0.0000000000
110783  -50.708  44.816  -1.101 0.0000000000
110784  -51.263  44.147  -0.708 0.0000000000
110799  -49.822  44.661  -0.882 0.0000000000
110865  -51.912  44.457  -12.699 0.0000000000
110866  -52.320  44.140  -12.621 0.0000000000
110873  -50.092  44.499  -13.519 0.0000000000
110923  -50.432  44.937  -21.825 0.0000000000
110928  -49.522  44.434  -22.053 0.0000000000
111426  -50.324  44.787  -0.970 0.0000000000
111449  -49.871  45.395  -2.152 0.0000000000
111465  -50.884  45.717  -2.780 0.0000000000
111466  -51.198  45.685  -3.133 0.0000000000
111481  -51.610  45.418  -3.631 0.0000000000
111543  -50.269  45.477  -12.491 0.0000000000
111552  -47.174  45.958  -14.080 0.0000000000
111555  -49.709  45.043  -13.104 0.0000000000
111557  -51.377  44.664  -12.784 0.0000000000
111565  -48.422  44.939  -14.142 0.0000000000
111575  -47.220  46.095  -16.308 0.0000000000
111610  -49.550  45.098  -22.259 0.0000000000
112133  -50.273  46.336  -3.654 0.0000000000
112148  -48.748  46.078  -4.641 0.0000000000
112175  -45.492  47.188  -7.309 0.0000000000
112177  -51.663  46.961  -7.093 0.0000000000
112185  -52.409  46.687  -9.709 0.0000000000
112213  -50.860  46.017  -11.973 0.0000000000
112237  -46.548  46.770  -15.287 0.0000000000
112250  -48.268  47.169  -17.935 0.0000000000
112257  -48.920  46.823  -18.539 0.0000000000
112268  -51.011  46.741  -20.223 0.0000000000
112281  -51.151  46.373  -20.931 0.0000000000
112294  -50.525  46.436  -21.985 0.0000000000
112866  -52.316  47.153  -10.029 0.0000000000
112874  -49.757  48.068  -10.625 0.0000000000
112901  -46.094  47.809  -13.856 0.0000000000
112923  -46.886  47.520  -16.572 0.0000000000
112924  -47.591  47.543  -17.333 0.0000000000
112940  -49.299  48.263  -18.279 0.0000000000
112942  -50.564  47.924  -19.211 0.0000000000
112958  -50.922  47.493  -19.696 0.0000000000
112974  -51.274  47.902  -20.508 0.0000000000
112987  -49.622  47.144  -22.206 0.0000000000
113539  -49.693  48.926  -6.882 0.0000000000
113555  -48.055  49.560  -7.309 0.0000000000
113571  -50.940  49.180  -9.372 0.0000000000
113579  -51.025  48.620  -9.962 0.0000000000
113604  -46.002  48.591  -13.597 0.0000000000
113675  -51.050  48.164  -19.498 0.0000000000
113684  -51.336  48.522  -20.351 0.0000000000
113692  -50.948  48.797  -21.251 0.0000000000
114290  -49.606  50.306  -7.307 0.0000000000
114301  -49.987  50.325  -9.290 0.0000000000
114327  -46.343  49.547  -12.482 0.0000000000
114346  -45.949  49.362  -14.584 0.0000000000
114392  -50.466  49.314  -18.435 0.0000000000
114393  -51.012  49.456  -18.673 0.0000000000
114413  -51.294  49.064  -20.596 0.0000000000
114416  -49.279  49.206  -21.666 0.0000000000
114417  -49.969  49.140  -21.683 0.0000000000
115020  -47.513  50.943  -7.431 0.0000000000
115022  -49.478  51.215  -7.979 0.0000000000
115031  -49.599  51.188  -8.640 0.0000000000
115036  -50.112  50.698  -8.827 0.0000000000
115050  -46.607  51.176  -11.663 0.0000000000
115084  -47.167  50.979  -16.501 0.0000000000
115098  -48.283  51.039  -17.016 0.0000000000
115099  -49.458  51.126  -17.314 0.0000000000
115101  -50.622  51.530  -17.671 0.0000000000
115115  -50.076  50.748  -17.614 0.0000000000
115117  -50.986  50.873  -18.037 0.0000000000
115129  -51.228  50.588  -18.642 0.0000000000
115149  -51.228  50.162  -20.502 0.0000000000
115684  -45.786  51.708  -8.207 0.0000000000
115685  -46.665  51.702  -8.139 0.0000000000
115687  -48.316  51.697  -8.243 0.0000000000
115703  -47.375  51.941  -9.630 0.0000000000
115705  -49.179  51.455  -8.971 0.0000000000
115718  -47.584  51.786  -10.299 0.0000000000
115719  -48.136  51.490  -10.041 0.0000000000
115754  -50.235  51.813  -17.283 0.0000000000
115771  -51.258  51.097  -19.060 0.0000000000
115784  -51.211  50.938  -20.023 0.0000000000
116350  -44.964  52.047  -14.122 0.0000000000
116356  -46.994  52.672  -15.982 0.0000000000
116357  -47.709  52.500  -16.319 0.0000000000
116359  -49.717  53.322  -16.452 0.0000000000
116362  -49.532  52.662  -16.659 0.0000000000
116364  -50.363  52.815  -16.967 0.0000000000
116367  -50.527  52.513  -17.414 0.0000000000
116917  -36.469  54.352  -12.393 0.0000000000
116931  -42.922  53.823  -14.376 0.0000000000
116933  -46.054  53.457  -15.332 0.0000000000
116943  -49.724  53.796  -16.266 0.0000000000
116944  -50.151  53.379  -16.710 0.0000000000
116950  -50.533  53.162  -17.967 0.0000000000
116966  -50.317  53.192  -20.887 0.0000000000
117483  -39.136  54.622  -13.362 0.0000000000
117497  -49.159  54.610  -15.361 0.0000000000
117505  -49.932  54.462  -17.202 0.0000000000
118091  -34.858  55.199  -12.039 0.0000000000
118106  -46.988  56.289  -13.751 0.0000000000
118107  -47.773  56.047  -13.829 0.0000000000
118109  -42.253  55.519  -14.156 0.0000000000
118113  -46.578  55.719  -14.154 0.0000000000
118114  -48.288  55.580  -14.201 0.0000000000
118116  -48.765  55.805  -14.419 0.0000000000
118119  -49.666  54.847  -16.331 0.0000000000
118718  -38.786  57.126  -12.447 0.0000000000
118720  -38.657  56.006  -13.004 0.0000000000
118731  -48.232  56.210  -13.922 0.0000000000
118797  -49.163  56.550  -21.536 0.0000000000
119383  -46.781  57.643  -13.500 0.0000000000
119391  -47.759  57.722  -14.003 0.0000000000
119392  -48.332  57.238  -14.304 0.0000000000
119399  -47.951  58.147  -15.588 0.0000000000
119457  -48.295  57.583  -21.252 0.0000000000
119991  -37.999  58.446  -12.467 0.0000000000
119994  -40.931  58.742  -12.318 0.0000000000
119998  -32.847  58.485  -13.797 0.0000000000
120006  -41.848  58.902  -12.798 0.0000000000
120022  -45.770  59.071  -13.723 0.0000000000
120023  -46.559  58.824  -14.078 0.0000000000
120024  -47.304  58.459  -14.381 0.0000000000
120033  -43.337  59.170  -15.276 0.0000000000
120035  -45.582  58.974  -15.585 0.0000000000
120554  -39.772  59.312  -13.106 0.0000000000
120557  -42.403  59.245  -13.400 0.0000000000
120558  -44.149  59.298  -13.361 0.0000000000
120559  -45.003  59.279  -13.413 0.0000000000
120568  -44.628  59.682  -13.882 0.0000000000
120578  -45.080  59.520  -14.551 0.0000000000
120579  -45.512  59.297  -15.035 0.0000000000
132696  -53.299  43.009  -11.164 0.0000000000
132935  -44.953  39.632  -18.835 0.0000000000
132945  -49.586  45.829  -22.332 0.0000000000
133098  -50.341  48.469  -21.745 0.0000000000
133447  -53.248  40.784  -4.473 0.0000000000
133468  -53.326  40.819  -5.003 0.0000000000
134634  -53.641  41.576  -7.704 0.0000000000
135126  -48.628  51.742  -8.961 0.0000000000
135149  -49.149  50.915  -7.495 0.0000000000
135195  -42.868  41.171  -0.615 0.0000000000
135557  -51.995  40.020  -2.876 0.0000000000
135678  -46.473  47.181  -13.499 0.0000000000
136444  -48.031  57.471  -19.686 0.0000000000
136905  -48.219  47.898  -11.193 0.0000000000
137257  -53.451  41.975  -4.253 0.0000000000
138273  -50.816  48.016  -21.473 0.0000000000
138576  -50.466  45.639  -2.495 0.0000000000
139027  -48.196  50.667  -7.382 0.0000000000
139280  -46.243  47.262  -14.713 0.0000000000
139648  -53.457  42.524  -6.233 0.0000000000
139889  -53.444  41.014  -6.571 0.0000000000
141154  -44.902  51.668  -8.312 0.0000000000
143789  -48.497  44.251  -15.868 0.0000000000
144308  -46.465  47.705  -12.912 0.0000000000
145551  -47.258  48.179  -16.900 0.0000000000
145876  -51.395  49.638  -20.027 0.0000000000
146013  -49.800  41.510  -20.573 0.0000000000
146293  -52.041  47.587  -10.195 0.0000000000
146328  -48.053  57.404  -18.131 0.0000000000
147703  -51.359  46.607  -11.489 0.0000000000
147885  -48.885  41.106  -20.942 0.0000000000
149113  -51.531  41.944  0.982 0.0000000000
149276  -47.711  38.391  0.714 0.0000000000
149440  -48.245  43.350  -0.271 0.0000000000
149951  -49.552  38.304  1.881 0.0000000000
150135  -51.986  47.215  -10.704 0.0000000000
150195  -50.074  53.175  -16.665 0.0000000000
150530  -46.871  48.067  -12.150 0.0000000000
150661  -50.683  48.543  -6.897 0.0000000000
151514  -44.479  51.378  -7.909 0.0000000000
151781  -52.435  40.664  -11.923 0.0000000000
151843  -52.266  43.946  -2.465 0.0000000000
152095  -48.339  33.174  6.750 0.0000000000
152139  -47.825  43.735  -20.606 0.0000000000
152858  -52.224  43.364  -13.849 0.0000000000
153207  -50.967  47.180  -11.218 0.0000000000
153532  -48.474  56.523  -14.127 0.0000000000
153838  -46.794  46.372  -15.064 0.0000000000
154026  -49.685  44.267  -14.047 0.0000000000
154670  -46.101  55.114  -14.603 0.0000000000
155202  -49.637  55.219  -19.935 0.0000000000
155895  -50.830  42.624  0.664 0.0000000000
155950  -49.427  54.237  -15.817 0.0000000000
156507  -43.565  39.950  -8.365 0.0000000000
157170  -45.910  50.651  -7.485 0.0000000000
157384  -51.993  40.491  -6.519 0.0000000000
157972  -53.536  41.659  -8.775 0.0000000000
