#!ascii label  , from subject freesurfer vox2ras=TkReg
520
74651  -19.380  4.593  -48.604 0.0000000000
70153  -18.260  0.820  -44.744 0.0000000000
69095  -23.564  0.093  -49.126 0.0000000000
63983  -21.875  -4.623  -45.167 0.0000000000
87453  -20.996  15.663  -50.860 0.0000000000
85570  -21.804  13.003  -52.105 0.0000000000
80113  -15.930  9.341  -45.480 0.0000000000
60776  -21.619  -8.262  -42.415 0.0000000000
67995  -19.968  -1.620  -45.517 0.0000000000
64918  -19.285  -4.041  -43.185 0.0000000000
86495  -21.221  14.287  -51.661 0.0000000000
142325  -18.265  13.019  -48.933 0.0000000000
75687  -17.563  4.597  -46.067 0.0000000000
77875  -14.860  7.307  -44.025 0.0000000000
76791  -17.980  6.960  -47.792 0.0000000000
79017  -19.196  9.565  -50.459 0.0000000000
76836  -21.064  7.205  -51.712 0.0000000000
74682  -23.071  4.892  -51.458 0.0000000000
73526  -17.010  3.218  -44.584 0.0000000000
72523  -18.679  3.235  -46.857 0.0000000000
72547  -21.842  2.407  -49.464 0.0000000000
70182  -20.704  0.488  -47.430 0.0000000000
141644  -22.891  -1.909  -47.571 0.0000000000
64957  -24.052  -4.295  -46.156 0.0000000000
82348  -14.260  11.556  -43.812 0.0000000000
139509  -18.515  11.856  -49.272 0.0000000000
83467  -22.313  11.157  -52.600 0.0000000000
62941  -18.777  -5.709  -41.750 0.0000000000
62953  -21.380  -6.436  -43.557 0.0000000000
66918  -18.334  -2.545  -43.125 0.0000000000
65888  -18.285  -3.182  -42.565 0.0000000000
85498  -18.489  13.097  -48.352 0.0000000000
84433  -16.056  13.428  -45.103 0.0000000000
74635  -18.258  4.784  -47.003 0.0000000000
134461  -17.876  6.094  -47.261 0.0000000000
75728  -18.568  5.836  -48.201 0.0000000000
76817  -19.399  7.254  -49.929 0.0000000000
75756  -20.405  6.260  -50.548 0.0000000000
75769  -22.157  5.983  -51.655 0.0000000000
74670  -21.418  4.798  -50.566 0.0000000000
71311  -18.232  1.753  -45.060 0.0000000000
72512  -18.144  3.395  -45.924 0.0000000000
71327  -18.918  1.728  -46.201 0.0000000000
71339  -19.763  1.702  -47.284 0.0000000000
70170  -19.666  0.432  -46.379 0.0000000000
65914  -20.909  -3.202  -45.501 0.0000000000
68004  -21.130  -1.762  -46.621 0.0000000000
65928  -22.259  -3.580  -46.251 0.0000000000
65937  -23.490  -2.972  -47.040 0.0000000000
152280  -23.098  -4.571  -45.903 0.0000000000
87437  -19.856  15.254  -49.446 0.0000000000
154790  -20.389  17.078  -48.831 0.0000000000
88461  -21.322  16.708  -50.681 0.0000000000
153094  -22.283  18.003  -51.587 0.0000000000
138557  -22.502  16.579  -52.331 0.0000000000
136578  -21.431  13.697  -52.008 0.0000000000
78970  -15.026  8.719  -44.439 0.0000000000
80098  -14.503  9.341  -44.036 0.0000000000
147495  -14.981  10.141  -44.507 0.0000000000
154497  -16.431  11.284  -45.893 0.0000000000
80142  -17.870  10.579  -48.178 0.0000000000
80196  -21.801  9.567  -52.546 0.0000000000
80188  -20.511  10.419  -52.024 0.0000000000
81316  -23.163  10.376  -52.649 0.0000000000
71362  -22.859  1.376  -49.458 0.0000000000
72559  -23.109  2.804  -50.473 0.0000000000
60765  -19.919  -8.090  -41.241 0.0000000000
61879  -20.043  -6.943  -42.264 0.0000000000
62951  -20.062  -5.786  -42.970 0.0000000000
61881  -21.511  -7.685  -42.749 0.0000000000
69036  -18.329  -0.064  -44.505 0.0000000000
69052  -19.313  -0.030  -45.700 0.0000000000
67982  -18.844  -1.345  -44.397 0.0000000000
65899  -19.455  -2.717  -44.295 0.0000000000
64930  -20.488  -4.162  -44.365 0.0000000000
86458  -19.369  14.284  -49.253 0.0000000000
87465  -21.514  15.337  -51.487 0.0000000000
86466  -19.211  13.661  -49.613 0.0000000000
85532  -19.477  13.143  -50.539 0.0000000000
84506  -19.838  13.024  -51.105 0.0000000000
155533  -15.609  5.223  -44.277 0.0000000000
142787  -16.192  5.971  -45.336 0.0000000000
77891  -16.390  7.384  -45.888 0.0000000000
77900  -17.714  8.385  -47.879 0.0000000000
156649  -18.040  9.650  -48.489 0.0000000000
77920  -18.400  8.436  -48.872 0.0000000000
77950  -19.883  8.895  -51.284 0.0000000000
77972  -22.363  8.677  -52.581 0.0000000000
76862  -23.310  7.951  -52.447 0.0000000000
137474  -22.612  -9.534  -41.803 0.0000000000
60777  -22.822  -8.464  -42.682 0.0000000000
73549  -17.869  3.836  -45.988 0.0000000000
73580  -18.067  4.291  -46.463 0.0000000000
73589  -19.404  3.789  -48.077 0.0000000000
73598  -20.388  3.753  -49.193 0.0000000000
72535  -19.917  2.761  -48.115 0.0000000000
71350  -20.811  1.699  -48.291 0.0000000000
69080  -22.495  0.099  -48.601 0.0000000000
152067  -20.606  -0.964  -46.608 0.0000000000
69065  -21.770  -0.618  -47.686 0.0000000000
68026  -23.289  -0.985  -48.396 0.0000000000
66976  -23.874  -1.723  -47.889 0.0000000000
152278  -24.543  -2.934  -46.881 0.0000000000
87467  -22.912  15.715  -52.567 0.0000000000
143864  -16.986  12.391  -46.304 0.0000000000
145238  -18.077  12.883  -48.925 0.0000000000
83457  -19.490  12.106  -51.041 0.0000000000
80162  -18.712  10.517  -49.981 0.0000000000
82451  -20.173  11.368  -51.782 0.0000000000
83475  -21.822  11.759  -52.447 0.0000000000
73619  -22.410  3.832  -50.688 0.0000000000
73621  -23.959  4.037  -50.975 0.0000000000
64906  -17.955  -3.992  -41.688 0.0000000000
63956  -19.068  -4.572  -42.622 0.0000000000
63958  -20.538  -5.378  -43.634 0.0000000000
63969  -21.845  -5.421  -44.521 0.0000000000
60788  -23.653  -7.761  -43.449 0.0000000000
62964  -22.758  -6.498  -44.115 0.0000000000
62977  -23.075  -5.813  -44.742 0.0000000000
85460  -15.068  13.811  -44.014 0.0000000000
74650  -18.716  5.015  -48.089 0.0000000000
75719  -18.310  5.401  -47.507 0.0000000000
75736  -19.038  5.685  -48.737 0.0000000000
75745  -19.253  6.481  -49.381 0.0000000000
74658  -19.658  5.412  -49.413 0.0000000000
74669  -20.678  5.226  -50.289 0.0000000000
74659  -20.265  4.952  -49.761 0.0000000000
70152  -17.898  1.023  -44.296 0.0000000000
70168  -18.589  1.317  -45.487 0.0000000000
70169  -19.138  0.888  -45.894 0.0000000000
65915  -21.676  -3.793  -45.669 0.0000000000
138882  -21.608  -3.084  -46.192 0.0000000000
64954  -22.277  -4.137  -45.791 0.0000000000
64955  -22.836  -4.055  -46.215 0.0000000000
64942  -22.626  -4.642  -45.623 0.0000000000
87442  -20.578  16.022  -50.154 0.0000000000
88473  -22.387  17.360  -51.934 0.0000000000
87454  -21.880  16.446  -51.460 0.0000000000
86520  -21.920  13.433  -52.267 0.0000000000
85554  -22.206  13.870  -52.449 0.0000000000
85565  -22.648  13.469  -52.500 0.0000000000
84517  -23.572  13.243  -52.707 0.0000000000
78971  -15.589  8.664  -45.072 0.0000000000
147074  -13.693  8.866  -43.514 0.0000000000
80099  -15.321  9.379  -44.752 0.0000000000
147641  -14.340  10.189  -43.967 0.0000000000
145897  -15.672  10.098  -45.187 0.0000000000
81218  -16.063  10.743  -45.606 0.0000000000
80114  -16.291  10.035  -45.922 0.0000000000
80197  -22.324  9.603  -52.603 0.0000000000
81315  -22.658  10.067  -52.611 0.0000000000
70206  -23.452  0.876  -49.463 0.0000000000
71363  -23.421  1.542  -49.687 0.0000000000
145409  -23.939  0.583  -49.421 0.0000000000
60767  -21.305  -8.634  -41.912 0.0000000000
60766  -20.538  -8.325  -41.579 0.0000000000
61870  -20.164  -7.578  -41.827 0.0000000000
60775  -20.949  -7.968  -42.225 0.0000000000
61880  -20.747  -7.220  -42.622 0.0000000000
69023  -17.986  -0.565  -43.709 0.0000000000
69024  -18.453  -0.771  -44.288 0.0000000000
67981  -18.314  -1.320  -43.808 0.0000000000
151621  -18.960  -2.828  -43.632 0.0000000000
65890  -19.395  -3.443  -43.746 0.0000000000
65900  -19.977  -3.515  -44.337 0.0000000000
64929  -19.899  -4.135  -43.792 0.0000000000
145678  -19.154  14.113  -48.927 0.0000000000
86467  -19.512  14.018  -49.875 0.0000000000
152258  -18.395  12.631  -48.917 0.0000000000
85517  -18.982  13.111  -49.756 0.0000000000
84473  -18.865  12.777  -49.482 0.0000000000
85531  -19.344  12.857  -50.500 0.0000000000
84487  -19.026  12.823  -49.979 0.0000000000
140912  -16.085  5.258  -44.931 0.0000000000
76778  -16.841  6.867  -46.191 0.0000000000
76790  -17.777  7.352  -47.686 0.0000000000
77892  -16.834  7.534  -46.371 0.0000000000
77901  -17.821  8.061  -47.998 0.0000000000
78996  -18.067  8.779  -48.430 0.0000000000
77910  -18.141  7.829  -48.312 0.0000000000
76828  -20.397  7.222  -51.128 0.0000000000
143203  -19.520  7.897  -50.360 0.0000000000
77951  -20.576  8.218  -51.635 0.0000000000
77962  -21.656  8.630  -52.472 0.0000000000
76847  -22.075  8.132  -52.543 0.0000000000
77973  -22.869  8.415  -52.529 0.0000000000
76848  -22.611  7.379  -52.362 0.0000000000
75770  -22.777  5.741  -51.672 0.0000000000
75783  -23.005  6.466  -52.052 0.0000000000
74684  -24.350  4.903  -51.470 0.0000000000
58428  -23.009  -10.189  -41.452 0.0000000000
58429  -23.632  -10.079  -41.565 0.0000000000
72475  -16.256  3.104  -43.984 0.0000000000
73548  -16.346  3.838  -44.560 0.0000000000
72513  -18.430  2.964  -46.128 0.0000000000
73570  -18.254  3.666  -46.340 0.0000000000
73581  -18.414  4.061  -46.863 0.0000000000
72534  -19.344  3.129  -47.617 0.0000000000
72544  -19.768  3.283  -48.271 0.0000000000
71340  -20.438  1.334  -47.638 0.0000000000
71349  -20.161  2.096  -47.887 0.0000000000
70193  -21.139  0.940  -48.001 0.0000000000
71351  -21.571  1.313  -48.605 0.0000000000
70183  -21.412  0.138  -47.807 0.0000000000
69038  -19.603  -0.865  -45.548 0.0000000000
69053  -19.908  -0.441  -46.194 0.0000000000
153175  -20.154  -1.112  -45.963 0.0000000000
66966  -22.268  -2.205  -47.147 0.0000000000
68016  -21.367  -1.186  -47.157 0.0000000000
68017  -22.220  -1.403  -47.536 0.0000000000
69066  -22.591  -0.688  -48.174 0.0000000000
157830  -22.927  -1.298  -47.930 0.0000000000
66968  -23.466  -2.209  -47.539 0.0000000000
65930  -23.763  -3.605  -46.650 0.0000000000
65938  -24.068  -2.987  -47.060 0.0000000000
65931  -24.307  -3.518  -46.604 0.0000000000
65932  -24.956  -3.322  -46.443 0.0000000000
86482  -20.600  14.520  -51.041 0.0000000000
138640  -22.186  15.089  -52.020 0.0000000000
76756  -14.686  6.567  -43.418 0.0000000000
82336  -12.813  11.647  -42.821 0.0000000000
83365  -13.857  12.176  -43.493 0.0000000000
83373  -15.180  12.509  -44.468 0.0000000000
82357  -15.624  11.867  -44.976 0.0000000000
82373  -18.155  11.736  -48.383 0.0000000000
82365  -18.087  11.776  -48.236 0.0000000000
82394  -18.379  11.862  -48.858 0.0000000000
83436  -19.013  11.965  -50.251 0.0000000000
82431  -19.286  11.806  -50.829 0.0000000000
79010  -18.614  9.853  -49.595 0.0000000000
80156  -18.241  10.464  -48.754 0.0000000000
146944  -18.981  10.135  -50.370 0.0000000000
82460  -21.593  10.665  -52.527 0.0000000000
81303  -19.984  11.065  -51.719 0.0000000000
82452  -20.819  11.011  -52.260 0.0000000000
82459  -21.229  11.278  -52.385 0.0000000000
138565  -23.531  11.650  -52.641 0.0000000000
73599  -20.953  3.415  -49.432 0.0000000000
73608  -21.462  3.591  -49.955 0.0000000000
73609  -22.057  3.371  -50.297 0.0000000000
72574  -23.721  3.171  -50.620 0.0000000000
63946  -18.821  -4.943  -42.087 0.0000000000
64907  -18.456  -4.316  -42.152 0.0000000000
63947  -19.363  -5.378  -42.481 0.0000000000
62952  -20.717  -6.130  -43.378 0.0000000000
62962  -21.254  -5.730  -43.905 0.0000000000
63968  -21.066  -4.888  -44.359 0.0000000000
62963  -21.962  -6.114  -44.032 0.0000000000
60778  -23.596  -8.487  -42.868 0.0000000000
62965  -23.470  -6.516  -44.331 0.0000000000
66928  -18.137  -1.846  -43.351 0.0000000000
66917  -17.679  -1.969  -42.824 0.0000000000
65889  -18.804  -3.336  -43.155 0.0000000000
85499  -18.643  13.133  -48.952 0.0000000000
84443  -17.712  13.815  -47.195 0.0000000000
84442  -17.325  13.722  -46.505 0.0000000000
83388  -17.325  13.056  -46.539 0.0000000000
74634  -17.936  4.767  -46.608 0.0000000000
75704  -17.804  5.028  -46.595 0.0000000000
75718  -18.007  5.327  -46.992 0.0000000000
145272  -18.045  6.006  -47.415 0.0000000000
76802  -18.280  7.101  -48.272 0.0000000000
141193  -18.422  7.613  -48.703 0.0000000000
76808  -18.653  6.771  -48.756 0.0000000000
75746  -19.739  6.363  -49.981 0.0000000000
75767  -20.868  6.514  -51.199 0.0000000000
76837  -21.881  7.064  -52.105 0.0000000000
75757  -21.153  5.734  -50.845 0.0000000000
74680  -21.821  5.355  -51.144 0.0000000000
73618  -22.128  4.495  -50.869 0.0000000000
71310  -17.973  1.566  -44.592 0.0000000000
72496  -18.124  2.319  -45.218 0.0000000000
158264  -18.107  3.087  -45.666 0.0000000000
72497  -18.233  2.667  -45.588 0.0000000000
71326  -18.510  2.186  -45.801 0.0000000000
71337  -18.786  2.482  -46.492 0.0000000000
72524  -19.132  2.673  -47.061 0.0000000000
71338  -19.285  2.083  -46.838 0.0000000000
70180  -19.467  1.310  -46.590 0.0000000000
70181  -20.059  0.900  -47.002 0.0000000000
66945  -20.389  -2.354  -45.532 0.0000000000
67996  -20.512  -1.735  -46.094 0.0000000000
66957  -21.001  -2.446  -46.135 0.0000000000
65927  -21.660  -2.379  -46.649 0.0000000000
66958  -22.272  -2.885  -46.689 0.0000000000
66967  -22.894  -2.635  -47.169 0.0000000000
65929  -22.857  -3.317  -46.676 0.0000000000
138385  -23.285  -3.640  -46.583 0.0000000000
88447  -19.526  16.077  -48.060 0.0000000000
88453  -21.008  16.912  -49.964 0.0000000000
88462  -21.948  17.401  -51.141 0.0000000000
86497  -22.822  14.888  -52.495 0.0000000000
86496  -22.125  14.353  -52.311 0.0000000000
78957  -12.473  8.932  -42.814 0.0000000000
80090  -12.661  9.965  -43.189 0.0000000000
81202  -13.911  10.776  -43.677 0.0000000000
81209  -14.655  10.875  -44.198 0.0000000000
154545  -15.957  11.367  -45.427 0.0000000000
81230  -17.999  11.348  -48.216 0.0000000000
81266  -18.202  11.204  -48.564 0.0000000000
79037  -19.903  9.559  -51.462 0.0000000000
80186  -19.655  10.115  -51.304 0.0000000000
81313  -21.299  10.161  -52.411 0.0000000000
81314  -21.896  10.173  -52.585 0.0000000000
82461  -23.015  10.898  -52.656 0.0000000000
71375  -22.497  2.076  -49.634 0.0000000000
72558  -22.435  2.711  -50.082 0.0000000000
71376  -23.108  2.131  -49.954 0.0000000000
71377  -23.666  1.954  -49.944 0.0000000000
61869  -19.509  -7.011  -41.723 0.0000000000
62942  -19.560  -6.305  -42.256 0.0000000000
62943  -20.335  -6.526  -42.784 0.0000000000
61891  -20.908  -6.691  -43.133 0.0000000000
61892  -21.438  -7.081  -43.194 0.0000000000
70136  -18.027  0.334  -44.217 0.0000000000
70154  -18.682  0.376  -45.253 0.0000000000
69037  -18.939  -0.580  -44.946 0.0000000000
67994  -19.406  -1.414  -44.966 0.0000000000
66929  -18.763  -2.072  -43.860 0.0000000000
66943  -19.267  -1.938  -44.481 0.0000000000
66944  -19.763  -2.172  -44.963 0.0000000000
65913  -20.206  -2.909  -44.879 0.0000000000
65901  -20.543  -3.577  -44.805 0.0000000000
64941  -21.124  -4.031  -44.956 0.0000000000
87433  -19.372  15.069  -48.259 0.0000000000
87436  -19.516  15.048  -48.644 0.0000000000
87452  -20.148  14.807  -50.346 0.0000000000
86481  -19.763  13.668  -50.605 0.0000000000
85505  -19.133  13.517  -49.185 0.0000000000
85518  -19.264  13.304  -50.084 0.0000000000
86494  -20.264  13.603  -51.201 0.0000000000
85542  -19.800  13.177  -50.951 0.0000000000
85543  -20.086  13.085  -51.285 0.0000000000
85553  -20.536  12.944  -51.648 0.0000000000
76757  -15.270  6.540  -44.276 0.0000000000
75703  -16.799  6.120  -45.897 0.0000000000
76777  -16.322  6.679  -45.653 0.0000000000
77876  -15.539  7.263  -44.777 0.0000000000
77886  -15.907  7.903  -45.395 0.0000000000
78984  -16.121  8.658  -45.679 0.0000000000
78988  -17.692  9.053  -47.968 0.0000000000
142096  -17.738  9.719  -48.097 0.0000000000
78995  -17.766  9.119  -48.126 0.0000000000
144005  -19.074  9.040  -50.087 0.0000000000
77929  -18.665  7.875  -49.254 0.0000000000
77941  -19.450  8.755  -50.561 0.0000000000
79038  -20.423  9.183  -51.780 0.0000000000
79060  -22.003  9.059  -52.600 0.0000000000
79050  -22.799  9.083  -52.575 0.0000000000
79051  -23.292  8.840  -52.556 0.0000000000
77963  -23.592  8.239  -52.503 0.0000000000
76849  -23.166  7.204  -52.323 0.0000000000
69096  -24.053  -0.169  -49.028 0.0000000000
59603  -21.713  -9.354  -41.583 0.0000000000
59613  -22.190  -8.795  -42.271 0.0000000000
74603  -17.588  4.292  -45.928 0.0000000000
155286  -17.978  3.932  -46.164 0.0000000000
73569  -17.768  4.415  -46.223 0.0000000000
74643  -18.546  4.554  -47.427 0.0000000000
74652  -20.019  4.383  -49.287 0.0000000000
73597  -19.874  3.769  -48.699 0.0000000000
72545  -20.367  3.180  -48.736 0.0000000000
72546  -21.094  2.776  -49.126 0.0000000000
72536  -20.568  2.455  -48.506 0.0000000000
71360  -21.327  2.091  -48.845 0.0000000000
71361  -22.053  1.676  -49.202 0.0000000000
70205  -22.323  0.907  -48.893 0.0000000000
69094  -22.990  0.452  -49.128 0.0000000000
69063  -20.306  0.002  -46.816 0.0000000000
69064  -20.982  -0.392  -47.287 0.0000000000
142655  -22.001  -0.136  -48.172 0.0000000000
69081  -23.133  -0.330  -48.754 0.0000000000
69082  -23.671  -0.611  -48.744 0.0000000000
69083  -24.112  -0.841  -48.596 0.0000000000
68028  -24.119  -1.345  -48.211 0.0000000000
66969  -23.960  -2.378  -47.495 0.0000000000
66970  -24.453  -2.442  -47.315 0.0000000000
87466  -22.224  15.856  -51.942 0.0000000000
140131  -15.385  13.280  -44.503 0.0000000000
83381  -16.609  12.877  -45.699 0.0000000000
83389  -18.230  12.286  -48.306 0.0000000000
82358  -16.386  12.011  -45.672 0.0000000000
82366  -18.100  11.912  -48.227 0.0000000000
83396  -18.350  12.683  -48.964 0.0000000000
83424  -18.709  12.539  -49.478 0.0000000000
83458  -19.724  12.484  -51.173 0.0000000000
84516  -20.487  12.361  -51.739 0.0000000000
80143  -17.919  10.259  -48.326 0.0000000000
81281  -18.569  11.288  -49.595 0.0000000000
80174  -19.363  10.711  -51.018 0.0000000000
81295  -19.085  11.066  -50.652 0.0000000000
144377  -19.031  11.661  -50.480 0.0000000000
150899  -19.855  11.983  -51.430 0.0000000000
83466  -21.009  11.942  -52.154 0.0000000000
151404  -21.874  12.473  -52.310 0.0000000000
84529  -22.681  12.824  -52.405 0.0000000000
73607  -20.841  4.219  -49.878 0.0000000000
133436  -21.709  3.978  -50.435 0.0000000000
73632  -22.751  4.317  -51.065 0.0000000000
72572  -22.704  3.280  -50.565 0.0000000000
136873  -23.020  3.783  -50.838 0.0000000000
73634  -23.973  4.327  -51.165 0.0000000000
64916  -18.209  -3.689  -42.185 0.0000000000
64917  -18.656  -3.869  -42.642 0.0000000000
63957  -19.783  -4.892  -43.259 0.0000000000
63967  -20.360  -4.712  -43.886 0.0000000000
61882  -22.206  -8.097  -42.750 0.0000000000
134515  -22.148  -7.509  -43.221 0.0000000000
61893  -22.831  -7.287  -43.604 0.0000000000
61903  -23.483  -7.083  -43.915 0.0000000000
63970  -22.414  -5.827  -44.510 0.0000000000
63984  -22.484  -5.248  -45.026 0.0000000000
63985  -23.058  -5.100  -45.425 0.0000000000
60787  -22.887  -7.953  -43.127 0.0000000000
62954  -22.078  -6.828  -43.638 0.0000000000
64956  -23.422  -4.192  -46.263 0.0000000000
64958  -24.618  -3.927  -46.149 0.0000000000
68005  -21.715  -1.805  -47.040 0.0000000000
68018  -23.437  -1.526  -47.933 0.0000000000
68027  -23.778  -1.195  -48.346 0.0000000000
70194  -21.809  0.527  -48.375 0.0000000000
70217  -23.798  1.331  -49.664 0.0000000000
71348  -19.569  2.417  -47.495 0.0000000000
72557  -21.657  3.055  -49.724 0.0000000000
72560  -23.533  2.476  -50.293 0.0000000000
72573  -23.234  3.362  -50.695 0.0000000000
73588  -18.860  3.814  -47.461 0.0000000000
73620  -23.597  3.819  -50.839 0.0000000000
73633  -23.378  4.277  -51.127 0.0000000000
74644  -19.000  4.331  -47.900 0.0000000000
74681  -22.457  5.069  -51.332 0.0000000000
74683  -23.718  4.859  -51.454 0.0000000000
75747  -20.160  5.638  -49.970 0.0000000000
75768  -21.493  6.293  -51.481 0.0000000000
75782  -22.496  6.529  -51.994 0.0000000000
75784  -23.529  6.385  -51.974 0.0000000000
76768  -15.835  6.590  -45.026 0.0000000000
76816  -19.002  7.326  -49.461 0.0000000000
76827  -19.831  7.162  -50.519 0.0000000000
76860  -22.598  8.158  -52.528 0.0000000000
76861  -22.934  7.891  -52.477 0.0000000000
77921  -18.707  8.946  -49.555 0.0000000000
77930  -19.137  8.183  -49.873 0.0000000000
77942  -19.902  8.034  -50.931 0.0000000000
77952  -21.373  8.019  -52.234 0.0000000000
77961  -21.081  8.819  -52.203 0.0000000000
77971  -21.954  8.761  -52.581 0.0000000000
79003  -18.378  9.541  -48.986 0.0000000000
79011  -18.854  9.682  -50.029 0.0000000000
79027  -19.536  9.535  -50.983 0.0000000000
79039  -21.081  9.823  -52.292 0.0000000000
79048  -21.543  9.186  -52.453 0.0000000000
79049  -22.310  9.097  -52.595 0.0000000000
79061  -23.148  8.571  -52.526 0.0000000000
80089  -12.429  9.470  -42.899 0.0000000000
80091  -13.542  9.827  -43.569 0.0000000000
80128  -16.555  9.217  -46.272 0.0000000000
80129  -16.932  10.077  -46.619 0.0000000000
80161  -18.473  10.535  -49.330 0.0000000000
80167  -19.011  10.678  -50.521 0.0000000000
80175  -19.831  10.635  -51.555 0.0000000000
80187  -20.301  9.898  -51.794 0.0000000000
80198  -23.080  9.472  -52.589 0.0000000000
81210  -15.408  10.959  -44.903 0.0000000000
81219  -16.664  10.752  -46.280 0.0000000000
81245  -18.014  11.061  -48.290 0.0000000000
81280  -18.407  11.295  -49.039 0.0000000000
81290  -18.808  11.248  -50.188 0.0000000000
81296  -19.424  11.309  -51.130 0.0000000000
81304  -20.638  10.734  -52.140 0.0000000000
81305  -21.265  10.499  -52.431 0.0000000000
82338  -13.500  11.449  -43.457 0.0000000000
82349  -14.952  11.677  -44.373 0.0000000000
82416  -18.554  12.447  -49.271 0.0000000000
82417  -18.719  11.874  -49.719 0.0000000000
82443  -19.654  11.674  -51.337 0.0000000000
83372  -14.541  12.344  -43.921 0.0000000000
83380  -15.857  12.686  -45.066 0.0000000000
83407  -18.009  12.900  -49.233 0.0000000000
83423  -18.200  13.084  -49.303 0.0000000000
83447  -19.401  12.051  -50.957 0.0000000000
83459  -20.436  11.717  -51.862 0.0000000000
83474  -21.557  12.251  -52.290 0.0000000000
83481  -22.173  12.319  -52.400 0.0000000000
84427  -14.889  12.979  -44.129 0.0000000000
84452  -18.412  12.773  -48.628 0.0000000000
84461  -18.684  13.044  -49.205 0.0000000000
84505  -19.446  12.572  -50.776 0.0000000000
84507  -20.060  12.732  -51.391 0.0000000000
84527  -21.424  12.857  -52.071 0.0000000000
84528  -21.064  12.588  -52.021 0.0000000000
84535  -22.107  12.731  -52.275 0.0000000000
85564  -21.260  13.135  -51.955 0.0000000000
85571  -22.268  13.115  -52.301 0.0000000000
87432  -18.662  15.895  -47.213 0.0000000000
88452  -20.430  16.578  -49.378 0.0000000000
89576  -22.473  18.257  -52.433 0.0000000000
132074  -20.655  13.440  -51.554 0.0000000000
132559  -18.195  11.908  -48.444 0.0000000000
135844  -19.191  12.579  -50.359 0.0000000000
138367  -23.715  8.661  -52.606 0.0000000000
139260  -19.288  10.152  -50.774 0.0000000000
142519  -22.384  10.461  -52.627 0.0000000000
142574  -22.706  8.799  -52.561 0.0000000000
144286  -12.809  8.996  -43.248 0.0000000000
144710  -18.298  6.338  -47.924 0.0000000000
144827  -19.098  12.581  -50.063 0.0000000000
146140  -15.245  8.015  -44.579 0.0000000000
147436  -17.650  13.404  -47.158 0.0000000000
148193  -16.535  8.197  -46.205 0.0000000000
150147  -21.636  12.649  -52.190 0.0000000000
151849  -15.995  7.170  -45.375 0.0000000000
151974  -12.982  11.342  -43.180 0.0000000000
154692  -23.643  7.787  -52.409 0.0000000000
154829  -20.896  9.438  -52.162 0.0000000000
155858  -19.207  13.194  -50.060 0.0000000000
155874  -24.576  5.067  -51.575 0.0000000000
156035  -20.078  12.291  -51.501 0.0000000000
156111  -21.831  9.916  -52.560 0.0000000000
158364  -20.901  13.296  -51.743 0.0000000000
