#!ascii label  , from subject freesurfer vox2ras=TkReg
1220
63956  -19.068  -4.572  -42.622 0.5555555820
64929  -19.899  -4.135  -43.792 0.6666666865
65900  -19.977  -3.515  -44.337 0.7777777910
65901  -20.543  -3.577  -44.805 0.7777777910
67995  -19.968  -1.620  -45.517 0.8888888955
66966  -22.268  -2.205  -47.147 0.8888888955
63946  -18.821  -4.943  -42.087 0.5555555820
64917  -18.656  -3.869  -42.642 0.5555555820
151621  -18.960  -2.828  -43.632 0.6666666865
65914  -20.909  -3.202  -45.501 0.8888888955
67996  -20.512  -1.735  -46.094 0.8888888955
69064  -20.982  -0.392  -47.287 1.0000000000
68017  -22.220  -1.403  -47.536 0.8888888955
142655  -22.001  -0.136  -48.172 1.0000000000
66917  -17.679  -1.969  -42.824 0.7777777910
69024  -18.453  -0.771  -44.288 1.0000000000
69036  -18.329  -0.064  -44.505 1.0000000000
69052  -19.313  -0.030  -45.700 1.0000000000
70170  -19.666  0.432  -46.379 1.0000000000
70154  -18.682  0.376  -45.253 1.0000000000
70181  -20.059  0.900  -47.002 1.0000000000
71327  -18.918  1.728  -46.201 1.0000000000
70180  -19.467  1.310  -46.590 1.0000000000
71340  -20.438  1.334  -47.638 1.0000000000
71351  -21.571  1.313  -48.605 1.0000000000
71339  -19.763  1.702  -47.284 1.0000000000
71349  -20.161  2.096  -47.887 1.0000000000
71361  -22.053  1.676  -49.202 1.0000000000
72546  -21.094  2.776  -49.126 1.0000000000
72547  -21.842  2.407  -49.464 0.7777777910
70152  -17.898  1.023  -44.296 0.8888888955
70153  -18.260  0.820  -44.744 1.0000000000
71338  -19.285  2.083  -46.838 1.0000000000
71311  -18.232  1.753  -45.060 1.0000000000
71337  -18.786  2.482  -46.492 1.0000000000
72534  -19.344  3.129  -47.617 1.0000000000
72535  -19.917  2.761  -48.115 1.0000000000
72545  -20.367  3.180  -48.736 1.0000000000
73599  -20.953  3.415  -49.432 1.0000000000
73609  -22.057  3.371  -50.297 0.8888888955
73608  -21.462  3.591  -49.955 1.0000000000
73619  -22.410  3.832  -50.688 0.7777777910
136873  -23.020  3.783  -50.838 0.7777777910
73526  -17.010  3.218  -44.584 0.5555555820
74603  -17.588  4.292  -45.928 0.7777777910
73549  -17.869  3.836  -45.988 0.8888888955
72523  -18.679  3.235  -46.857 1.0000000000
73580  -18.067  4.291  -46.463 0.8888888955
73581  -18.414  4.061  -46.863 1.0000000000
73589  -19.404  3.789  -48.077 1.0000000000
74652  -20.019  4.383  -49.287 1.0000000000
73607  -20.841  4.219  -49.878 0.8888888955
74659  -20.265  4.952  -49.761 1.0000000000
74670  -21.418  4.798  -50.566 0.8888888955
75770  -22.777  5.741  -51.672 0.7777777910
74684  -24.350  4.903  -51.470 0.6666666865
74696  -23.918  5.576  -51.710 0.6666666865
75660  -15.340  4.789  -43.621 0.4444444478
151685  -15.674  5.871  -44.622 0.6666666865
75704  -17.804  5.028  -46.595 0.7777777910
74634  -17.936  4.767  -46.608 0.8888888955
74635  -18.258  4.784  -47.003 0.8888888955
74651  -19.380  4.593  -48.604 1.0000000000
75719  -18.310  5.401  -47.507 1.0000000000
75736  -19.038  5.685  -48.737 1.0000000000
74658  -19.658  5.412  -49.413 1.0000000000
75756  -20.405  6.260  -50.548 0.8888888955
75757  -21.153  5.734  -50.845 0.7777777910
75769  -22.157  5.983  -51.655 0.7777777910
75771  -24.341  5.668  -51.748 0.5555555820
76849  -23.166  7.204  -52.323 0.7777777910
76850  -23.664  7.149  -52.267 0.6666666865
76757  -15.270  6.540  -44.276 0.6666666865
75703  -16.799  6.120  -45.897 0.7777777910
76777  -16.322  6.679  -45.653 0.7777777910
134461  -17.876  6.094  -47.261 0.8888888955
145272  -18.045  6.006  -47.415 0.8888888955
76791  -17.980  6.960  -47.792 1.0000000000
76802  -18.280  7.101  -48.272 1.0000000000
76808  -18.653  6.771  -48.756 1.0000000000
75745  -19.253  6.481  -49.381 0.8888888955
76828  -20.397  7.222  -51.128 0.8888888955
76836  -21.064  7.205  -51.712 0.8888888955
76837  -21.881  7.064  -52.105 0.7777777910
143203  -19.520  7.897  -50.360 0.8888888955
77951  -20.576  8.218  -51.635 0.7777777910
76847  -22.075  8.132  -52.543 0.7777777910
76862  -23.310  7.951  -52.447 0.7777777910
77953  -24.052  8.076  -52.524 0.6666666865
77875  -14.860  7.307  -44.025 0.6666666865
76756  -14.686  6.567  -43.418 0.5555555820
77876  -15.539  7.263  -44.777 0.7777777910
77891  -16.390  7.384  -45.888 0.8888888955
76790  -17.777  7.352  -47.686 0.8888888955
77901  -17.821  8.061  -47.998 1.0000000000
77929  -18.665  7.875  -49.254 1.0000000000
76817  -19.399  7.254  -49.929 0.8888888955
77962  -21.656  8.630  -52.472 0.7777777910
79060  -22.003  9.059  -52.600 0.7777777910
79051  -23.292  8.840  -52.556 0.6666666865
145829  -24.505  9.369  -52.707 0.5555555820
79040  -24.362  8.587  -52.588 0.5555555820
146140  -15.245  8.015  -44.579 0.7777777910
78959  -14.432  8.227  -43.787 0.6666666865
77886  -15.907  7.903  -45.395 0.8888888955
77900  -17.714  8.385  -47.879 1.0000000000
78996  -18.067  8.779  -48.430 1.0000000000
144005  -19.074  9.040  -50.087 0.8888888955
77941  -19.450  8.755  -50.561 0.8888888955
79017  -19.196  9.565  -50.459 0.8888888955
77950  -19.883  8.895  -51.284 0.8888888955
80196  -21.801  9.567  -52.546 0.7777777910
81315  -22.658  10.067  -52.611 0.7777777910
80197  -22.324  9.603  -52.603 0.7777777910
79052  -23.851  9.210  -52.696 0.5555555820
80188  -20.511  10.419  -52.024 0.7777777910
155938  -23.076  9.937  -52.616 0.5555555820
151953  -24.720  10.366  -52.887 0.5555555820
81316  -23.163  10.376  -52.649 0.6666666865
80078  -12.000  9.556  -41.413 0.4444444478
136240  -12.668  8.359  -43.039 0.5555555820
80099  -15.321  9.379  -44.752 0.7777777910
78988  -17.692  9.053  -47.968 1.0000000000
78971  -15.589  8.664  -45.072 0.8888888955
142096  -17.738  9.719  -48.097 1.0000000000
156649  -18.040  9.650  -48.489 0.8888888955
80156  -18.241  10.464  -48.754 0.8888888955
79010  -18.614  9.853  -49.595 0.8888888955
146944  -18.981  10.135  -50.370 0.8888888955
80186  -19.655  10.115  -51.304 0.8888888955
81314  -21.896  10.173  -52.585 0.6666666865
81317  -24.151  10.656  -52.765 0.5555555820
82348  -14.260  11.556  -43.812 0.6666666865
81202  -13.911  10.776  -43.677 0.6666666865
81218  -16.063  10.743  -45.606 0.7777777910
80142  -17.870  10.579  -48.178 0.8888888955
81230  -17.999  11.348  -48.216 0.7777777910
81266  -18.202  11.204  -48.564 0.7777777910
139509  -18.515  11.856  -49.272 0.7777777910
80162  -18.712  10.517  -49.981 0.8888888955
144377  -19.031  11.661  -50.480 0.7777777910
81295  -19.085  11.066  -50.652 0.7777777910
81303  -19.984  11.065  -51.719 0.6666666865
83457  -19.490  12.106  -51.041 0.6666666865
82459  -21.229  11.278  -52.385 0.6666666865
82452  -20.819  11.011  -52.260 0.6666666865
82460  -21.593  10.665  -52.527 0.5555555820
151404  -21.874  12.473  -52.310 0.6666666865
83475  -21.822  11.759  -52.447 0.5555555820
138565  -23.531  11.650  -52.641 0.5555555820
82462  -23.893  11.234  -52.686 0.4444444478
83476  -22.945  12.144  -52.549 0.5555555820
141461  -14.268  13.813  -43.247 0.3333333433
84420  -14.046  13.270  -43.213 0.3333333433
83373  -15.180  12.509  -44.468 0.5555555820
82357  -15.624  11.867  -44.976 0.6666666865
83381  -16.609  12.877  -45.699 0.5555555820
82358  -16.386  12.011  -45.672 0.7777777910
82365  -18.087  11.776  -48.236 0.7777777910
83396  -18.350  12.683  -48.964 0.6666666865
82394  -18.379  11.862  -48.858 0.6666666865
145238  -18.077  12.883  -48.925 0.6666666865
83436  -19.013  11.965  -50.251 0.6666666865
83458  -19.724  12.484  -51.173 0.6666666865
85553  -20.536  12.944  -51.648 0.6666666865
85570  -21.804  13.003  -52.105 0.6666666865
84529  -22.681  12.824  -52.405 0.5555555820
84517  -23.572  13.243  -52.707 0.5555555820
85461  -15.572  13.792  -44.528 0.4444444478
85447  -14.587  14.014  -43.514 0.4444444478
85460  -15.068  13.811  -44.014 0.4444444478
85472  -16.926  14.147  -45.799 0.5555555820
84433  -16.056  13.428  -45.103 0.5555555820
83388  -17.325  13.056  -46.539 0.6666666865
83389  -18.230  12.286  -48.306 0.6666666865
142325  -18.265  13.019  -48.933 0.6666666865
83424  -18.709  12.539  -49.478 0.6666666865
84506  -19.838  13.024  -51.105 0.6666666865
85543  -20.086  13.085  -51.285 0.6666666865
85554  -22.206  13.870  -52.449 0.6666666865
85544  -23.081  14.152  -52.684 0.5555555820
85555  -24.260  14.167  -53.300 0.6666666865
85471  -16.569  14.587  -45.096 0.4444444478
85498  -18.489  13.097  -48.352 0.6666666865
152258  -18.395  12.631  -48.917 0.6666666865
85517  -18.982  13.111  -49.756 0.6666666865
84487  -19.026  12.823  -49.979 0.6666666865
84473  -18.865  12.777  -49.482 0.6666666865
136578  -21.431  13.697  -52.008 0.6666666865
66944  -19.763  -2.172  -44.963 0.8888888955
66929  -18.763  -2.072  -43.860 1.0000000000
69037  -18.939  -0.580  -44.946 1.0000000000
69053  -19.908  -0.441  -46.194 1.0000000000
70183  -21.412  0.138  -47.807 1.0000000000
75673  -15.134  5.690  -43.681 0.5555555820
75746  -19.739  6.363  -49.981 0.8888888955
77862  -14.087  7.336  -43.266 0.5555555820
80083  -11.894  9.625  -41.990 0.5555555820
78970  -15.026  8.719  -44.439 0.7777777910
78995  -17.766  9.119  -48.126 1.0000000000
79037  -19.903  9.559  -51.462 0.8888888955
147080  -11.740  9.776  -40.529 0.2222222239
82461  -23.015  10.898  -52.656 0.6666666865
82373  -18.155  11.736  -48.383 0.7777777910
84442  -17.325  13.722  -46.505 0.6666666865
85499  -18.643  13.133  -48.952 0.6666666865
84530  -24.897  13.811  -53.739 0.5555555820
86408  -14.959  14.345  -43.501 0.2222222239
86429  -15.916  14.429  -44.486 0.3333333433
62942  -19.560  -6.305  -42.256 0.5555555820
62951  -20.062  -5.786  -42.970 0.5555555820
63957  -19.783  -4.892  -43.259 0.6666666865
63967  -20.360  -4.712  -43.886 0.5555555820
63968  -21.066  -4.888  -44.359 0.5555555820
65928  -22.259  -3.580  -46.251 0.7777777910
66958  -22.272  -2.885  -46.689 0.8888888955
62941  -18.777  -5.709  -41.750 0.5555555820
64941  -21.124  -4.031  -44.956 0.6666666865
65915  -21.676  -3.793  -45.669 0.6666666865
138882  -21.608  -3.084  -46.192 0.8888888955
141644  -22.891  -1.909  -47.571 0.7777777910
157830  -22.927  -1.298  -47.930 0.7777777910
69081  -23.133  -0.330  -48.754 0.8888888955
63935  -18.079  -5.474  -41.162 0.4444444478
65878  -17.832  -3.107  -42.030 0.5555555820
69080  -22.495  0.099  -48.601 1.0000000000
66916  -17.377  -1.806  -42.533 0.2222222239
67970  -17.811  -1.327  -43.221 0.6666666865
71362  -22.859  1.376  -49.458 0.8888888955
71376  -23.108  2.131  -49.954 0.6666666865
72572  -22.704  3.280  -50.565 0.7777777910
72574  -23.721  3.171  -50.620 0.6666666865
69022  -17.470  -0.178  -43.307 0.5555555820
73621  -23.959  4.037  -50.975 0.6666666865
72448  -16.977  2.106  -43.448 0.4444444478
74671  -24.716  4.723  -51.361 0.5555555820
76830  -24.988  5.973  -51.391 0.5555555820
73508  -15.389  3.678  -42.875 0.2222222239
76829  -24.507  6.388  -51.866 0.5555555820
151628  -14.927  5.156  -42.934 0.4444444478
79028  -24.879  8.129  -52.064 0.5555555820
76723  -14.020  7.474  -42.267 0.3333333433
80176  -25.021  8.966  -52.202 0.5555555820
78954  -12.671  8.400  -42.728 0.4444444478
81297  -25.754  10.301  -52.013 0.4444444478
77842  -12.206  8.742  -39.141 0.3333333433
151602  -25.428  11.357  -52.980 0.5555555820
82463  -24.790  11.658  -52.977 0.4444444478
84407  -13.961  13.358  -43.065 0.3333333433
84406  -13.361  12.604  -42.480 0.3333333433
83363  -13.192  12.082  -42.939 0.4444444478
83469  -24.526  12.170  -52.947 0.4444444478
85567  -25.087  14.717  -54.379 0.2222222239
153923  -15.784  14.661  -44.133 0.3333333433
150330  -17.473  14.246  -46.473 0.6666666865
85505  -19.133  13.517  -49.185 0.6666666865
85532  -19.477  13.143  -50.539 0.6666666865
86494  -20.264  13.603  -51.201 0.6666666865
86495  -21.221  14.287  -51.661 0.6666666865
86497  -22.822  14.888  -52.495 0.6666666865
86496  -22.125  14.353  -52.311 0.6666666865
86508  -23.651  15.002  -52.913 0.6666666865
86509  -24.354  15.185  -53.691 0.4444444478
85566  -24.880  14.660  -54.098 0.3333333433
146069  -19.162  14.069  -48.940 0.5555555820
64907  -18.456  -4.316  -42.152 0.5555555820
64918  -19.285  -4.041  -43.185 0.6666666865
63947  -19.363  -5.378  -42.481 0.5555555820
63958  -20.538  -5.378  -43.634 0.6666666865
64930  -20.488  -4.162  -44.365 0.7777777910
65890  -19.395  -3.443  -43.746 0.7777777910
65899  -19.455  -2.717  -44.295 0.8888888955
65913  -20.206  -2.909  -44.879 0.8888888955
153175  -20.154  -1.112  -45.963 1.0000000000
69038  -19.603  -0.865  -45.548 1.0000000000
66945  -20.389  -2.354  -45.532 0.8888888955
67994  -19.406  -1.414  -44.966 1.0000000000
68016  -21.367  -1.186  -47.157 1.0000000000
68004  -21.130  -1.762  -46.621 0.8888888955
65927  -21.660  -2.379  -46.649 0.8888888955
63945  -18.290  -4.838  -41.644 0.4444444478
64906  -17.955  -3.992  -41.688 0.5555555820
64916  -18.209  -3.689  -42.185 0.5555555820
65888  -18.285  -3.182  -42.565 0.6666666865
65889  -18.804  -3.336  -43.155 0.6666666865
66918  -18.334  -2.545  -43.125 0.8888888955
66943  -19.267  -1.938  -44.481 0.8888888955
66957  -21.001  -2.446  -46.135 0.8888888955
152067  -20.606  -0.964  -46.608 1.0000000000
69065  -21.770  -0.618  -47.686 1.0000000000
69063  -20.306  0.002  -46.816 1.0000000000
69066  -22.591  -0.688  -48.174 1.0000000000
66905  -17.522  -2.323  -42.303 0.5555555820
66928  -18.137  -1.846  -43.351 0.8888888955
136846  -17.903  -2.572  -42.495 0.6666666865
67982  -18.844  -1.345  -44.397 1.0000000000
69023  -17.986  -0.565  -43.709 0.8888888955
67981  -18.314  -1.320  -43.808 1.0000000000
70136  -18.027  0.334  -44.217 0.8888888955
70169  -19.138  0.888  -45.894 1.0000000000
70182  -20.704  0.488  -47.430 1.0000000000
70168  -18.589  1.317  -45.487 1.0000000000
70193  -21.139  0.940  -48.001 1.0000000000
70205  -22.323  0.907  -48.893 0.8888888955
71350  -20.811  1.699  -48.291 1.0000000000
72524  -19.132  2.673  -47.061 1.0000000000
72536  -20.568  2.455  -48.506 1.0000000000
71360  -21.327  2.091  -48.845 1.0000000000
71375  -22.497  2.076  -49.634 0.8888888955
72558  -22.435  2.711  -50.082 0.7777777910
71310  -17.973  1.566  -44.592 0.5555555820
70135  -17.545  0.486  -43.656 0.6666666865
71291  -17.683  0.926  -43.939 0.5555555820
71326  -18.510  2.186  -45.801 1.0000000000
72497  -18.233  2.667  -45.588 0.8888888955
72513  -18.430  2.964  -46.128 1.0000000000
72544  -19.768  3.283  -48.271 1.0000000000
73597  -19.874  3.769  -48.699 1.0000000000
73598  -20.388  3.753  -49.193 1.0000000000
133436  -21.709  3.978  -50.435 0.8888888955
73632  -22.751  4.317  -51.065 0.7777777910
73634  -23.973  4.327  -51.165 0.6666666865
72475  -16.256  3.104  -43.984 0.5555555820
139609  -17.061  2.531  -43.995 0.5555555820
72496  -18.124  2.319  -45.218 0.7777777910
158264  -18.107  3.087  -45.666 0.7777777910
140912  -16.085  5.258  -44.931 0.6666666865
75687  -17.563  4.597  -46.067 0.8888888955
155286  -17.978  3.932  -46.164 0.8888888955
73569  -17.768  4.415  -46.223 0.8888888955
72512  -18.144  3.395  -45.924 0.8888888955
73570  -18.254  3.666  -46.340 1.0000000000
74643  -18.546  4.554  -47.427 1.0000000000
74669  -20.678  5.226  -50.289 0.8888888955
74680  -21.821  5.355  -51.144 0.8888888955
73618  -22.128  4.495  -50.869 0.7777777910
74682  -23.071  4.892  -51.458 0.7777777910
75783  -23.005  6.466  -52.052 0.6666666865
75758  -24.698  5.231  -51.624 0.5555555820
76839  -24.103  6.718  -52.125 0.6666666865
155533  -15.609  5.223  -44.277 0.5555555820
74575  -15.154  4.358  -42.915 0.3333333433
74602  -15.870  4.576  -44.407 0.4444444478
73548  -16.346  3.838  -44.560 0.6666666865
142787  -16.192  5.971  -45.336 0.6666666865
75718  -18.007  5.327  -46.992 0.8888888955
74650  -18.716  5.015  -48.089 1.0000000000
75728  -18.568  5.836  -48.201 1.0000000000
75767  -20.868  6.514  -51.199 0.7777777910
76848  -22.611  7.379  -52.362 0.7777777910
77954  -24.270  7.326  -52.298 0.5555555820
76778  -16.841  6.867  -46.191 0.8888888955
141193  -18.422  7.613  -48.703 1.0000000000
77972  -22.363  8.677  -52.581 0.7777777910
77973  -22.869  8.415  -52.529 0.7777777910
77963  -23.592  8.239  -52.503 0.6666666865
76744  -14.027  6.765  -42.862 0.4444444478
77892  -16.834  7.534  -46.371 0.8888888955
77910  -18.141  7.829  -48.312 1.0000000000
77920  -18.400  8.436  -48.872 0.8888888955
79038  -20.423  9.183  -51.780 0.7777777910
79050  -22.799  9.083  -52.575 0.6666666865
158315  -24.602  9.862  -52.841 0.5555555820
80189  -25.158  9.810  -52.590 0.5555555820
154031  -12.804  7.898  -42.944 0.5555555820
147074  -13.693  8.866  -43.514 0.6666666865
78984  -16.121  8.658  -45.679 0.8888888955
81313  -21.299  10.161  -52.411 0.8888888955
80199  -23.471  9.767  -52.650 0.6666666865
80174  -19.363  10.711  -51.018 0.8888888955
78957  -12.473  8.932  -42.814 0.5555555820
80098  -14.503  9.341  -44.036 0.5555555820
80113  -15.930  9.341  -45.480 1.0000000000
145897  -15.672  10.098  -45.187 0.7777777910
147641  -14.340  10.189  -43.967 0.7777777910
80143  -17.919  10.259  -48.326 0.8888888955
80114  -16.291  10.035  -45.922 0.7777777910
82464  -25.228  11.866  -53.175 0.5555555820
82336  -12.813  11.647  -42.821 0.5555555820
81201  -13.108  10.713  -43.382 0.5555555820
83365  -13.857  12.176  -43.493 0.4444444478
81209  -14.655  10.875  -44.198 0.6666666865
154545  -15.957  11.367  -45.427 0.6666666865
147495  -14.981  10.141  -44.507 0.7777777910
80090  -12.661  9.965  -43.189 0.7777777910
152556  -12.200  10.094  -42.685 0.6666666865
154497  -16.431  11.284  -45.893 0.7777777910
81281  -18.569  11.288  -49.595 0.7777777910
82431  -19.286  11.806  -50.829 0.6666666865
82451  -20.173  11.368  -51.782 0.6666666865
150899  -19.855  11.983  -51.430 0.6666666865
84516  -20.487  12.361  -51.739 0.6666666865
83466  -21.009  11.942  -52.154 0.6666666865
83467  -22.313  11.157  -52.600 0.5555555820
83468  -24.146  12.605  -52.846 0.4444444478
84518  -24.494  13.389  -53.227 0.5555555820
83371  -14.191  12.912  -43.499 0.4444444478
140131  -15.385  13.280  -44.503 0.5555555820
143864  -16.986  12.391  -46.304 0.6666666865
82366  -18.100  11.912  -48.227 0.7777777910
86520  -21.920  13.433  -52.267 0.6666666865
85565  -22.648  13.469  -52.500 0.6666666865
84434  -16.768  13.572  -45.779 0.5555555820
84443  -17.712  13.815  -47.195 0.6666666865
85531  -19.344  12.857  -50.500 0.6666666865
85542  -19.800  13.177  -50.951 0.6666666865
77861  -13.287  7.407  -42.897 0.4444444478
81172  -11.734  10.489  -40.706 0.3333333433
75659  -14.559  5.953  -42.913 0.4444444478
76727  -13.588  7.288  -42.619 0.4444444478
84531  -25.058  14.136  -54.085 0.3333333433
86521  -24.709  15.618  -54.382 0.3333333433
65929  -22.857  -3.317  -46.676 0.6666666865
62931  -19.019  -6.516  -41.593 0.5555555820
69094  -22.990  0.452  -49.128 0.7777777910
63934  -17.635  -5.283  -40.779 0.3333333433
149177  -17.660  -3.440  -41.599 0.4444444478
72559  -23.109  2.804  -50.473 0.6666666865
74586  -15.616  3.883  -43.665 0.3333333433
137051  -15.748  3.065  -43.225 0.3333333433
73491  -15.645  3.183  -42.513 0.1111111119
76728  -14.345  6.568  -42.659 0.4444444478
76722  -13.367  8.103  -42.186 0.3333333433
77850  -12.821  8.563  -42.217 0.3333333433
83350  -12.345  11.787  -42.074 0.3333333433
154958  -23.963  -7.396  -43.771 0.4444444478
61896  -26.029  -7.675  -43.391 0.2222222239
61880  -20.747  -7.220  -42.622 0.4444444478
61881  -21.511  -7.685  -42.749 0.4444444478
62952  -20.717  -6.130  -43.378 0.4444444478
62953  -21.380  -6.436  -43.557 0.4444444478
62964  -22.758  -6.498  -44.115 0.4444444478
62978  -23.814  -6.118  -44.649 0.4444444478
63972  -25.232  -6.019  -44.388 0.2222222239
63969  -21.845  -5.421  -44.521 0.4444444478
63984  -22.484  -5.248  -45.026 0.4444444478
62977  -23.075  -5.813  -44.742 0.4444444478
64931  -25.527  -5.158  -44.634 0.1111111119
64932  -26.445  -4.947  -44.243 0.1111111119
63985  -23.058  -5.100  -45.425 0.4444444478
64944  -24.079  -5.034  -45.433 0.3333333433
63983  -21.875  -4.623  -45.167 0.4444444478
64943  -23.529  -4.763  -45.748 0.3333333433
64957  -24.052  -4.295  -46.156 0.3333333433
151641  -25.400  -4.475  -45.149 0.2222222239
152280  -23.098  -4.571  -45.903 0.4444444478
64942  -22.626  -4.642  -45.623 0.4444444478
152278  -24.543  -2.934  -46.881 0.2222222239
66959  -25.128  -2.505  -46.858 0.1111111119
66960  -25.962  -2.028  -46.425 0.1111111119
65938  -24.068  -2.987  -47.060 0.3333333433
66970  -24.453  -2.442  -47.315 0.3333333433
66968  -23.466  -2.209  -47.539 0.4444444478
66976  -23.874  -1.723  -47.889 0.5555555820
69083  -24.112  -0.841  -48.596 0.6666666865
69067  -25.076  -0.785  -48.155 0.4444444478
69082  -23.671  -0.611  -48.744 0.6666666865
131749  -25.617  1.109  -48.600 0.3333333433
69095  -23.564  0.093  -49.126 0.6666666865
71364  -24.249  1.234  -49.595 0.5555555820
70206  -23.452  0.876  -49.463 0.6666666865
71378  -24.008  1.796  -49.890 0.5555555820
71365  -24.700  1.581  -49.615 0.5555555820
149478  -25.125  1.236  -49.253 0.4444444478
145467  -25.142  2.908  -50.121 0.3333333433
71363  -23.421  1.542  -49.687 0.5555555820
72576  -24.826  3.581  -50.692 0.4444444478
74672  -24.983  4.313  -51.087 0.5555555820
153475  -25.110  3.111  -50.324 0.4444444478
153101  -24.876  4.760  -51.448 0.4444444478
85518  -19.264  13.304  -50.084 0.5555555820
86466  -19.211  13.661  -49.613 0.5555555820
86481  -19.763  13.668  -50.605 0.5555555820
86482  -20.600  14.520  -51.041 0.5555555820
138640  -22.186  15.089  -52.020 0.5555555820
87467  -22.912  15.715  -52.567 0.5555555820
60788  -23.653  -7.761  -43.449 0.4444444478
61906  -25.533  -7.233  -43.745 0.2222222239
156546  -25.049  -4.924  -45.071 0.2222222239
65932  -24.956  -3.322  -46.443 0.2222222239
65917  -25.803  -2.973  -45.900 0.1111111119
68019  -24.347  -1.769  -47.777 0.4444444478
68006  -25.399  -1.737  -47.186 0.3333333433
69096  -24.053  -0.169  -49.028 0.6666666865
69084  -24.597  -0.341  -48.685 0.4444444478
73600  -25.299  3.637  -50.432 0.3333333433
74660  -25.487  4.537  -50.550 0.4444444478
77944  -25.231  7.561  -51.503 0.4444444478
87452  -20.148  14.807  -50.346 0.5555555820
87453  -20.996  15.663  -50.860 0.5555555820
69068  -25.679  -0.319  -47.809 0.2222222239
59613  -22.190  -8.795  -42.271 0.4444444478
60777  -22.822  -8.464  -42.682 0.4444444478
60779  -24.350  -8.762  -42.796 0.4444444478
61883  -25.688  -8.250  -43.116 0.2222222239
61884  -26.245  -7.927  -42.956 0.2222222239
61871  -26.525  -7.740  -42.300 0.1111111119
61870  -20.164  -7.578  -41.827 0.4444444478
60776  -21.619  -8.262  -42.415 0.4444444478
62967  -25.766  -6.556  -43.968 0.1111111119
63974  -26.948  -5.533  -43.820 0.1111111119
61885  -26.815  -7.236  -42.998 0.1111111119
148146  -27.330  -4.698  -43.839 0.1111111119
64946  -25.956  -3.780  -45.107 0.1111111119
66946  -26.600  -2.160  -45.484 0.1111111119
67997  -26.624  -1.375  -46.004 0.1111111119
152003  -26.594  -0.774  -46.404 0.1111111119
70171  -26.377  0.323  -47.299 0.2222222239
71352  -25.572  1.813  -49.028 0.1111111119
70184  -25.689  0.392  -48.185 0.2222222239
73601  -25.666  3.223  -49.609 0.2222222239
74653  -25.922  4.214  -49.657 0.2222222239
75748  -25.455  5.890  -50.736 0.4444444478
76818  -25.419  6.830  -50.909 0.3333333433
77931  -25.731  7.798  -50.790 0.3333333433
156645  -25.960  8.497  -50.672 0.3333333433
81193  -11.964  10.759  -42.332 0.4444444478
81307  -25.380  10.689  -52.791 0.4444444478
84520  -25.292  13.258  -53.738 0.3333333433
86449  -17.763  14.841  -46.374 0.4444444478
87478  -23.787  15.889  -53.329 0.5555555820
145678  -19.154  14.113  -48.927 0.5555555820
86458  -19.369  14.284  -49.253 0.5555555820
87465  -21.514  15.337  -51.487 0.5555555820
87466  -22.224  15.856  -51.942 0.5555555820
87437  -19.856  15.254  -49.446 0.5555555820
61879  -20.043  -6.943  -42.264 0.4444444478
62943  -20.335  -6.526  -42.784 0.4444444478
61891  -20.908  -6.691  -43.133 0.4444444478
64954  -22.277  -4.137  -45.791 0.5555555820
64955  -22.836  -4.055  -46.215 0.5555555820
66967  -22.894  -2.635  -47.169 0.6666666865
68026  -23.289  -0.985  -48.396 0.6666666865
71377  -23.666  1.954  -49.944 0.5555555820
72561  -24.053  2.482  -50.306 0.5555555820
72575  -24.336  3.381  -50.638 0.4444444478
79029  -25.555  8.495  -51.447 0.4444444478
84519  -25.075  13.537  -53.811 0.3333333433
62962  -21.254  -5.730  -43.905 0.4444444478
65937  -23.490  -2.972  -47.040 0.3333333433
138385  -23.285  -3.640  -46.583 0.3333333433
61903  -23.483  -7.083  -43.915 0.4444444478
61905  -24.883  -7.329  -43.812 0.4444444478
61894  -24.455  -7.725  -43.566 0.3333333433
61904  -24.196  -6.940  -44.126 0.4444444478
61895  -25.266  -7.829  -43.500 0.3333333433
62955  -26.291  -6.998  -43.612 0.1111111119
60775  -20.949  -7.968  -42.225 0.4444444478
61892  -21.438  -7.081  -43.194 0.4444444478
61882  -22.206  -8.097  -42.750 0.4444444478
134515  -22.148  -7.509  -43.221 0.4444444478
62963  -21.962  -6.114  -44.032 0.4444444478
61893  -22.831  -7.287  -43.604 0.4444444478
63970  -22.414  -5.827  -44.510 0.4444444478
62965  -23.470  -6.516  -44.331 0.4444444478
62966  -25.004  -6.768  -44.126 0.4444444478
63971  -24.495  -6.192  -44.532 0.4444444478
63986  -23.588  -5.410  -45.157 0.4444444478
151219  -24.105  -5.646  -44.925 0.4444444478
63973  -26.068  -5.782  -44.138 0.1111111119
63987  -24.697  -5.391  -44.923 0.2222222239
150321  -26.017  -4.470  -44.692 0.1111111119
65931  -24.307  -3.518  -46.604 0.3333333433
65930  -23.763  -3.605  -46.650 0.3333333433
65916  -25.232  -3.856  -45.746 0.2222222239
141808  -24.836  -2.004  -47.445 0.2222222239
68007  -26.062  -1.260  -46.791 0.1111111119
66969  -23.960  -2.378  -47.495 0.3333333433
68028  -24.119  -1.345  -48.211 0.4444444478
70195  -25.027  0.472  -48.882 0.3333333433
68029  -24.506  -1.112  -48.241 0.4444444478
149360  -25.546  -1.036  -47.506 0.3333333433
145409  -23.939  0.583  -49.421 0.5555555820
70207  -24.409  0.413  -49.221 0.5555555820
71379  -24.388  2.050  -49.916 0.5555555820
72549  -25.395  2.416  -49.547 0.3333333433
151350  -25.587  5.257  -50.508 0.4444444478
86467  -19.512  14.018  -49.875 0.5555555820
60778  -23.596  -8.487  -42.868 0.4444444478
60789  -24.227  -8.270  -43.191 0.4444444478
65902  -26.631  -3.015  -44.888 0.1111111119
87442  -20.578  16.022  -50.154 0.5555555820
140986  -26.196  -0.537  -47.067 0.2222222239
59614  -23.111  -9.012  -42.357 0.4444444478
139898  -24.836  -8.881  -42.673 0.4444444478
60780  -25.345  -8.680  -42.668 0.2222222239
60790  -24.920  -8.426  -43.143 0.4444444478
60766  -20.538  -8.325  -41.579 0.4444444478
60765  -19.919  -8.090  -41.241 0.4444444478
62968  -26.560  -6.295  -43.753 0.1111111119
157174  -26.895  -6.623  -43.420 0.1111111119
144263  -26.790  -3.984  -44.357 0.1111111119
54918  -23.300  -13.715  -35.816 0.1111111119
56112  -20.835  -13.039  -38.441 0.3333333433
54935  -22.360  -13.645  -37.141 0.2222222239
54917  -22.817  -13.680  -36.405 0.2222222239
54936  -23.567  -13.248  -36.299 0.1111111119
54937  -24.321  -12.820  -36.173 0.1111111119
57201  -19.164  -10.687  -38.765 0.3333333433
57187  -18.714  -11.133  -38.127 0.3333333433
56093  -19.486  -12.526  -37.893 0.3333333433
56126  -21.440  -12.532  -39.048 0.3333333433
56127  -22.139  -12.636  -39.031 0.3333333433
54948  -22.647  -13.203  -37.674 0.2222222239
56114  -23.173  -12.343  -38.544 0.2222222239
56095  -23.298  -12.640  -37.745 0.2222222239
56076  -23.805  -12.687  -36.879 0.1111111119
59578  -18.281  -8.825  -38.889 0.2222222239
59566  -18.451  -9.447  -38.754 0.2222222239
157587  -19.746  -10.962  -39.166 0.3333333433
56125  -20.591  -12.205  -38.892 0.3333333433
57173  -23.738  -11.929  -38.183 0.1111111119
60754  -18.340  -7.717  -39.880 0.2222222239
59579  -18.727  -9.114  -39.329 0.3333333433
157665  -18.841  -8.161  -40.120 0.3333333433
59580  -19.313  -9.478  -39.674 0.3333333433
138932  -19.425  -8.277  -40.618 0.3333333433
138372  -20.393  -9.460  -40.630 0.3333333433
58414  -19.942  -9.861  -40.006 0.3333333433
58415  -20.681  -10.250  -40.268 0.3333333433
138277  -22.163  -10.908  -40.557 0.3333333433
58416  -21.493  -10.602  -40.462 0.3333333433
151901  -23.196  -11.105  -40.507 0.3333333433
58418  -23.438  -10.571  -41.031 0.3333333433
57220  -23.795  -10.792  -40.346 0.3333333433
57206  -23.925  -11.163  -39.405 0.1111111119
58404  -24.423  -10.512  -39.716 0.2222222239
61856  -18.114  -7.158  -40.072 0.2222222239
61857  -18.398  -7.076  -40.538 0.3333333433
59593  -21.216  -9.804  -40.886 0.3333333433
59603  -21.713  -9.354  -41.583 0.3333333433
58428  -23.009  -10.189  -41.452 0.3333333433
137474  -22.612  -9.534  -41.803 0.3333333433
141001  -24.365  -10.287  -40.506 0.1111111119
62918  -17.674  -6.392  -40.084 0.3333333433
62919  -18.044  -6.562  -40.450 0.3333333433
61869  -19.509  -7.011  -41.723 0.3333333433
60767  -21.305  -8.634  -41.912 0.3333333433
59604  -23.407  -9.615  -41.948 0.3333333433
59615  -23.866  -9.175  -42.441 0.3333333433
59616  -24.476  -9.242  -42.365 0.3333333433
75737  -25.905  5.073  -49.884 0.2222222239
76819  -25.750  6.504  -50.216 0.2222222239
75749  -25.844  5.842  -49.996 0.2222222239
80177  -25.636  9.432  -51.737 0.2222222239
56113  -21.718  -13.098  -38.560 0.3333333433
54949  -23.091  -13.206  -37.040 0.2222222239
56096  -24.114  -12.108  -37.413 0.1111111119
60742  -18.542  -8.436  -39.539 0.3333333433
58401  -19.526  -10.244  -39.403 0.3333333433
58403  -20.972  -10.992  -39.834 0.3333333433
57218  -21.760  -11.352  -40.062 0.3333333433
56128  -22.775  -12.207  -39.198 0.3333333433
57205  -23.214  -11.527  -39.808 0.3333333433
59592  -19.672  -9.110  -40.336 0.3333333433
60764  -19.460  -7.602  -41.191 0.3333333433
59606  -24.577  -9.555  -41.752 0.3333333433
53863  -22.646  -14.247  -35.703 0.1111111119
53864  -23.483  -14.108  -35.244 0.1111111119
56092  -18.845  -12.648  -37.284 0.3333333433
154652  -19.438  -13.108  -37.438 0.3333333433
54945  -19.810  -13.765  -37.232 0.3333333433
54946  -20.668  -13.715  -37.733 0.3333333433
54934  -21.635  -14.012  -37.203 0.3333333433
53865  -24.238  -14.056  -34.833 0.1111111119
54919  -24.110  -13.472  -35.543 0.1111111119
57150  -24.782  -11.757  -37.124 0.1111111119
150087  -18.080  -8.173  -39.110 0.2222222239
57174  -24.544  -11.407  -37.878 0.1111111119
58405  -25.057  -10.068  -39.203 0.1111111119
59581  -24.843  -9.900  -40.073 0.1111111119
59594  -24.686  -9.769  -40.951 0.1111111119
59617  -25.019  -9.141  -42.220 0.1111111119
63919  -17.521  -5.751  -40.307 0.1111111119
77932  -25.912  7.275  -50.110 0.2222222239
81298  -26.199  10.792  -51.314 0.2222222239
64896  -17.796  -4.692  -41.218 0.2222222239
69015  -17.543  -0.833  -43.123 0.5555555820
143977  -17.653  -4.014  -41.292 0.3333333433
62930  -18.393  -6.371  -41.066 0.3333333433
61868  -18.930  -7.047  -41.129 0.4444444478
62929  -17.943  -6.166  -40.611 0.2222222239
79018  -26.278  8.895  -50.158 0.2222222239
56094  -20.048  -13.158  -37.893 0.3333333433
56111  -20.099  -12.571  -38.381 0.3333333433
54961  -21.314  -13.516  -38.126 0.3333333433
54962  -21.956  -13.534  -37.893 0.3333333433
58400  -18.925  -9.853  -39.047 0.3333333433
57188  -19.614  -11.700  -38.557 0.3333333433
58388  -18.419  -10.169  -38.335 0.2222222239
57171  -18.319  -11.446  -37.550 0.2222222239
57172  -18.867  -11.917  -37.756 0.3333333433
147390  -22.525  -12.839  -38.405 0.3333333433
57203  -21.206  -11.801  -39.487 0.3333333433
57204  -22.098  -12.054  -39.600 0.3333333433
57189  -23.468  -11.779  -38.982 0.2222222239
57202  -20.369  -11.406  -39.289 0.3333333433
57190  -24.065  -11.422  -38.645 0.1111111119
59591  -19.100  -8.730  -39.916 0.3333333433
61842  -17.777  -7.548  -39.318 0.2222222239
60755  -18.890  -7.643  -40.588 0.3333333433
59601  -20.125  -8.695  -40.941 0.3333333433
58402  -20.194  -10.630  -39.664 0.3333333433
58417  -22.774  -10.769  -40.831 0.3333333433
58427  -22.141  -10.209  -41.132 0.3333333433
58429  -23.632  -10.079  -41.565 0.3333333433
58389  -24.634  -10.765  -38.726 0.1111111119
59602  -20.865  -9.049  -41.274 0.3333333433
58419  -24.104  -10.172  -41.227 0.3333333433
59607  -25.136  -9.278  -41.455 0.1111111119
52792  -22.253  -14.919  -35.161 0.1111111119
53879  -22.073  -14.172  -36.509 0.2222222239
53890  -20.383  -14.166  -37.198 0.3333333433
53891  -20.970  -14.258  -37.282 0.3333333433
58371  -18.068  -10.758  -37.647 0.2222222239
76809  -26.271  6.642  -49.505 0.1111111119
135581  -27.393  7.675  -48.223 0.1111111119
77911  -26.834  7.206  -48.800 0.1111111119
79012  -26.583  8.560  -49.474 0.1111111119
80164  -27.060  9.142  -48.828 0.1111111119
80168  -25.933  9.171  -50.872 0.1111111119
81283  -27.016  9.989  -49.205 0.1111111119
80169  -26.320  9.649  -50.303 0.1111111119
81282  -26.609  10.058  -49.794 0.1111111119
82454  -25.635  11.882  -52.900 0.2222222239
81291  -26.426  10.425  -50.421 0.1111111119
152986  -25.744  13.127  -53.306 0.1111111119
83470  -25.082  12.644  -53.390 0.2222222239
85556  -25.250  14.075  -54.099 0.1111111119
84508  -26.264  13.517  -52.784 0.1111111119
84521  -25.817  13.764  -53.576 0.1111111119
87433  -19.372  15.069  -48.259 0.4444444478
86510  -25.420  14.909  -54.407 0.1111111119
87479  -24.311  15.958  -54.042 0.3333333433
86522  -24.971  15.411  -54.632 0.1111111119
150831  -25.144  16.041  -55.062 0.1111111119
88461  -21.322  16.708  -50.681 0.4444444478
88473  -22.387  17.360  -51.934 0.4444444478
87454  -21.880  16.446  -51.460 0.4444444478
138557  -22.502  16.579  -52.331 0.4444444478
88474  -23.031  16.650  -53.222 0.4444444478
87488  -23.844  16.713  -54.113 0.4444444478
87494  -24.001  17.028  -55.136 0.2222222239
87489  -24.415  16.396  -54.691 0.2222222239
87495  -24.374  16.856  -55.421 0.2222222239
87496  -24.639  16.786  -55.510 0.2222222239
156688  -22.573  19.448  -58.269 0.1111111119
88526  -23.417  18.489  -57.378 0.1111111119
87502  -24.495  17.258  -56.144 0.1111111119
88448  -19.929  16.386  -48.552 0.4444444478
154790  -20.389  17.078  -48.831 0.4444444478
88452  -20.430  16.578  -49.378 0.4444444478
88453  -21.008  16.912  -49.964 0.3333333433
157251  -22.682  18.135  -53.312 0.4444444478
88486  -22.569  17.400  -52.931 0.4444444478
88487  -23.212  17.571  -53.844 0.4444444478
89577  -22.625  18.909  -53.202 0.3333333433
88500  -23.309  18.069  -54.786 0.3333333433
88509  -23.578  17.648  -55.550 0.1111111119
88510  -23.926  17.354  -55.981 0.1111111119
88518  -23.864  17.795  -56.712 0.1111111119
88444  -19.784  17.131  -47.712 0.2222222239
88454  -21.550  17.536  -50.325 0.3333333433
153094  -22.283  18.003  -51.587 0.3333333433
89576  -22.473  18.257  -52.433 0.3333333433
89599  -23.054  18.913  -54.862 0.2222222239
137136  -23.066  18.534  -53.961 0.2222222239
147852  -23.160  18.459  -55.870 0.1111111119
90747  -22.923  19.856  -55.029 0.1111111119
89610  -22.922  19.209  -55.685 0.1111111119
151620  -23.081  18.623  -56.962 0.1111111119
89619  -22.901  19.157  -56.567 0.1111111119
89567  -21.819  18.264  -49.976 0.3333333433
90725  -22.243  18.893  -50.696 0.3333333433
90728  -22.365  18.717  -51.584 0.3333333433
90737  -22.978  19.496  -53.956 0.2222222239
155918  -22.625  20.292  -56.535 0.1111111119
90771  -22.700  19.767  -57.046 0.1111111119
92799  -22.389  21.020  -58.338 0.1111111119
90722  -22.560  19.338  -49.321 0.1111111119
90729  -22.673  19.527  -51.494 0.2222222239
90732  -22.550  19.202  -52.388 0.3333333433
91821  -22.816  19.970  -52.539 0.2222222239
91824  -22.909  20.263  -53.439 0.1111111119
92772  -23.255  21.025  -53.984 0.1111111119
91827  -22.715  20.781  -54.783 0.1111111119
91833  -22.609  20.523  -55.690 0.1111111119
92792  -22.506  21.064  -56.447 0.1111111119
90784  -22.343  19.755  -58.609 0.1111111119
89631  -22.565  19.376  -58.779 0.1111111119
91814  -23.502  20.209  -50.285 0.1111111119
91813  -23.086  19.986  -50.914 0.1111111119
91818  -23.604  20.585  -51.294 0.1111111119
92769  -23.903  21.656  -52.614 0.1111111119
92764  -23.702  20.880  -52.085 0.1111111119
92768  -23.398  20.797  -52.882 0.2222222239
92773  -23.552  21.733  -53.452 0.1111111119
93702  -23.504  22.705  -53.908 0.1111111119
92775  -22.775  21.618  -54.676 0.1111111119
93705  -23.045  22.581  -54.785 0.1111111119
92782  -22.535  21.350  -55.400 0.1111111119
92759  -24.043  20.874  -50.884 0.1111111119
92765  -24.067  21.241  -51.737 0.1111111119
93697  -24.219  22.563  -52.796 0.1111111119
94656  -23.899  22.983  -53.345 0.1111111119
93693  -24.941  22.354  -51.663 0.1111111119
93687  -25.106  21.856  -50.982 0.1111111119
93698  -24.711  22.911  -52.308 0.1111111119
77922  -26.473  7.661  -49.463 0.1111111119
79004  -26.963  8.141  -48.822 0.1111111119
79005  -27.490  8.572  -48.193 0.1111111119
82445  -26.360  11.650  -51.444 0.1111111119
82432  -26.578  11.265  -50.532 0.1111111119
85557  -25.951  14.550  -53.827 0.1111111119
87436  -19.516  15.048  -48.644 0.4444444478
86526  -24.730  16.192  -54.956 0.2222222239
86527  -24.952  16.084  -55.063 0.1111111119
86524  -25.519  15.732  -54.618 0.1111111119
87501  -24.241  17.266  -56.117 0.2222222239
88517  -23.492  17.980  -56.474 0.1111111119
88528  -24.076  18.159  -57.234 0.1111111119
90785  -22.810  19.235  -57.551 0.1111111119
91817  -23.259  20.261  -51.878 0.2222222239
139778  -23.827  22.319  -53.219 0.1111111119
94657  -24.302  23.557  -52.992 0.1111111119
78998  -27.907  8.091  -47.619 0.1111111119
82444  -25.886  11.207  -52.342 0.2222222239
83460  -25.413  12.535  -53.352 0.2222222239
86455  -19.005  14.081  -48.692 0.4444444478
88462  -21.948  17.401  -51.141 0.4444444478
92754  -24.037  20.514  -49.973 0.1111111119
92760  -24.575  21.178  -50.538 0.1111111119
93692  -24.375  22.061  -52.084 0.1111111119
77902  -27.783  7.240  -47.603 0.1111111119
75738  -26.306  5.692  -49.337 0.1111111119
76803  -26.764  6.270  -48.756 0.1111111119
77912  -27.286  6.784  -48.185 0.1111111119
78999  -28.566  8.423  -47.131 0.1111111119
77903  -28.370  7.633  -47.101 0.1111111119
80148  -28.351  9.759  -47.641 0.1111111119
81268  -27.429  9.883  -48.626 0.1111111119
82399  -27.497  10.701  -48.776 0.1111111119
82418  -26.884  10.811  -49.646 0.1111111119
83438  -27.064  12.928  -50.639 0.1111111119
83437  -26.752  12.117  -50.656 0.1111111119
82433  -27.035  11.734  -49.883 0.1111111119
83448  -26.561  12.579  -51.565 0.1111111119
84497  -26.839  14.028  -52.027 0.1111111119
86498  -26.610  15.130  -53.193 0.1111111119
86511  -26.083  15.408  -53.992 0.1111111119
88511  -25.332  17.243  -55.561 0.1111111119
88501  -26.427  17.306  -54.311 0.1111111119
88447  -19.526  16.077  -48.060 0.4444444478
89611  -25.565  18.058  -55.749 0.1111111119
88529  -24.529  18.192  -56.973 0.1111111119
89563  -20.393  17.521  -48.136 0.2222222239
88535  -23.773  18.802  -57.998 0.1111111119
90720  -21.663  18.611  -48.071 0.1111111119
135960  -22.127  18.907  -49.735 0.2222222239
89646  -23.021  19.094  -58.851 0.1111111119
89660  -22.641  19.396  -59.309 0.1111111119
90716  -22.456  19.224  -47.650 0.1111111119
91811  -23.550  20.047  -49.384 0.1111111119
91852  -22.241  20.065  -58.987 0.1111111119
91812  -23.870  20.147  -48.855 0.1111111119
92755  -24.652  20.775  -49.654 0.1111111119
94665  -23.020  23.518  -55.298 0.1111111119
93720  -22.549  23.042  -56.285 0.1111111119
145546  -22.423  22.021  -57.760 0.1111111119
95576  -23.278  24.742  -54.791 0.1111111119
86523  -25.110  15.422  -54.738 0.1111111119
136208  -26.190  8.115  -50.111 0.1111111119
80163  -26.616  9.386  -49.596 0.1111111119
80157  -27.657  9.427  -48.127 0.1111111119
83461  -26.063  12.674  -52.648 0.1111111119
85545  -26.453  14.297  -52.988 0.1111111119
87480  -26.211  16.333  -54.146 0.1111111119
87490  -25.575  16.681  -54.916 0.1111111119
150644  -23.637  17.396  -54.691 0.2222222239
87497  -24.947  16.737  -55.551 0.1111111119
89632  -22.997  19.026  -57.969 0.1111111119
150116  -22.496  19.788  -57.922 0.1111111119
88527  -23.812  18.286  -57.380 0.1111111119
155579  -23.048  18.818  -57.559 0.1111111119
89633  -23.436  18.876  -58.147 0.1111111119
89620  -25.194  18.375  -56.495 0.1111111119
88520  -24.880  17.516  -56.241 0.1111111119
157614  -24.363  17.678  -56.664 0.2222222239
88519  -24.142  17.692  -56.713 0.2222222239
89570  -22.056  18.176  -50.879 0.3333333433
90759  -22.769  19.794  -56.096 0.1111111119
88449  -21.000  17.613  -49.244 0.3333333433
89565  -21.610  18.425  -49.015 0.1111111119
140561  -22.638  19.634  -53.093 0.2222222239
155377  -22.996  20.282  -54.226 0.1111111119
91840  -22.546  20.340  -57.334 0.1111111119
92791  -22.486  21.046  -57.524 0.1111111119
91845  -22.367  20.256  -58.266 0.1111111119
139052  -22.261  19.035  -48.222 0.1111111119
90721  -22.060  18.850  -48.866 0.1111111119
156196  -22.739  19.431  -48.552 0.1111111119
90726  -22.590  19.434  -50.398 0.1111111119
145920  -22.488  22.022  -56.836 0.1111111119
144302  -22.537  22.038  -55.911 0.1111111119
149659  -23.001  19.733  -50.072 0.1111111119
91810  -23.126  19.729  -49.340 0.1111111119
93701  -23.258  21.907  -54.156 0.1111111119
94666  -23.321  23.665  -54.706 0.1111111119
140588  -22.610  22.067  -55.204 0.1111111119
93712  -22.742  22.829  -55.546 0.1111111119
92766  -24.515  21.573  -51.351 0.1111111119
75730  -27.211  5.903  -48.129 0.1111111119
80147  -28.100  8.932  -47.596 0.1111111119
82455  -26.125  11.971  -52.231 0.1111111119
89634  -24.093  18.693  -57.747 0.1111111119
149229  -26.550  13.251  -52.062 0.1111111119
85546  -27.046  14.860  -52.354 0.1111111119
89635  -24.658  18.990  -57.427 0.1111111119
89648  -23.832  19.223  -58.735 0.1111111119
90714  -21.062  18.498  -47.365 0.1111111119
89647  -23.392  19.060  -58.830 0.1111111119
94673  -22.640  23.962  -55.861 0.1111111119
94661  -23.607  23.863  -53.828 0.1111111119
95571  -23.489  25.033  -54.142 0.1111111119
53876  -19.944  -14.358  -36.848 0.2222222239
70123  -17.294  0.110  -43.201 0.2222222239
136795  -16.671  1.989  -43.006 0.2222222239
65868  -17.405  -2.707  -41.783 0.3333333433
71272  -17.399  0.467  -43.423 0.3333333433
86452  -18.085  14.868  -46.881 0.3333333433
141975  -17.525  15.447  -45.736 0.2222222239
88438  -19.594  17.888  -46.707 0.1111111119
88443  -19.493  16.795  -47.533 0.2222222239
83335  -12.668  12.108  -41.715 0.2222222239
82297  -11.949  11.111  -40.654 0.1111111119
69014  -17.248  -0.754  -42.803 0.2222222239
82298  -12.364  11.156  -40.470 0.1111111119
85433  -13.811  13.740  -42.862 0.1111111119
86393  -14.654  14.371  -42.885 0.1111111119
87391  -16.907  16.036  -44.664 0.1111111119
88435  -18.305  17.165  -46.062 0.1111111119
88439  -19.586  17.723  -46.951 0.1111111119
89558  -19.718  17.748  -47.162 0.1111111119
86442  -17.244  14.720  -45.731 0.2222222239
87389  -15.294  14.704  -43.467 0.1111111119
67961  -17.196  -1.334  -42.471 0.2222222239
67969  -17.414  -1.372  -42.800 0.3333333433
87412  -16.001  14.896  -44.142 0.1111111119
74554  -15.023  4.860  -42.495 0.1111111119
75639  -14.834  5.656  -42.585 0.3333333433
154388  -18.052  15.640  -46.424 0.3333333433
87428  -18.427  16.189  -46.792 0.3333333433
88442  -18.749  16.609  -46.959 0.1111111119
145101  -17.179  -0.301  -42.897 0.2222222239
87413  -16.556  15.470  -44.534 0.1111111119
87424  -17.156  15.907  -45.159 0.1111111119
156902  -18.211  16.537  -46.368 0.1111111119
86387  -15.078  14.884  -42.018 0.1111111119
87425  -17.806  16.383  -45.756 0.1111111119
141344  -15.579  15.413  -43.349 0.1111111119
89498  -16.084  15.703  -43.771 0.1111111119
158517  -17.484  16.462  -45.137 0.1111111119
88406  -15.165  15.188  -43.053 0.1111111119
52803  -19.859  -14.883  -36.412 0.1111111119
53877  -20.492  -14.598  -36.783 0.1111111119
52805  -21.142  -15.138  -35.965 0.1111111119
156596  -18.039  -14.056  -35.723 0.1111111119
54916  -18.418  -13.777  -36.247 0.1111111119
54933  -18.131  -12.860  -36.566 0.1111111119
56091  -18.208  -12.059  -37.162 0.1111111119
57170  -17.740  -11.375  -37.118 0.1111111119
153607  -17.479  -3.254  -41.132 0.1111111119
71258  -16.532  1.959  -42.434 0.1111111119
70122  -17.189  0.136  -42.952 0.1111111119
138214  -13.196  8.982  -41.310 0.2222222239
78947  -12.559  9.208  -41.417 0.2222222239
77844  -13.327  8.360  -39.616 0.2222222239
148670  -13.164  7.478  -38.106 0.2222222239
72429  -16.105  2.500  -42.792 0.1111111119
72447  -16.429  2.495  -43.443 0.1111111119
53859  -17.561  -14.010  -35.259 0.1111111119
53861  -19.180  -15.065  -35.886 0.1111111119
52790  -19.856  -15.543  -35.871 0.1111111119
53878  -21.234  -14.612  -36.586 0.1111111119
56054  -17.335  -12.639  -35.951 0.1111111119
56075  -17.530  -12.038  -36.587 0.1111111119
57149  -17.159  -11.322  -36.552 0.1111111119
58370  -17.418  -10.564  -37.156 0.1111111119
58387  -17.822  -10.064  -37.774 0.1111111119
59565  -17.958  -9.340  -38.264 0.1111111119
157000  -17.971  -8.670  -38.612 0.1111111119
65858  -17.523  -4.002  -41.076 0.1111111119
151019  -17.512  -1.910  -40.846 0.1111111119
69002  -17.053  -0.691  -42.438 0.1111111119
71238  -16.834  1.245  -41.993 0.1111111119
77847  -13.745  8.757  -41.100 0.2222222239
148546  -13.592  8.661  -37.769 0.2222222239
81157  -13.163  9.481  -38.418 0.1111111119
53862  -21.789  -14.734  -35.889 0.1111111119
134971  -19.161  -15.834  -35.367 0.1111111119
80052  -12.159  8.723  -38.168 0.2222222239
81155  -11.978  9.609  -38.994 0.1111111119
66904  -17.266  -1.967  -42.223 0.1111111119
59564  -17.585  -8.861  -38.133 0.1111111119
60741  -17.664  -8.106  -38.730 0.1111111119
62902  -17.589  -7.128  -39.462 0.1111111119
64895  -17.586  -4.686  -40.899 0.1111111119
139121  -18.991  -13.397  -36.857 0.1111111119
53875  -19.249  -14.265  -36.483 0.1111111119
52804  -20.545  -15.138  -36.248 0.1111111119
70106  -17.149  -0.203  -42.825 0.1111111119
66883  -17.144  -3.117  -41.735 0.1111111119
53860  -18.547  -14.493  -35.833 0.1111111119
52789  -18.396  -15.219  -35.255 0.1111111119
54915  -17.733  -13.437  -35.840 0.1111111119
66862  -17.871  -3.167  -40.270 0.1111111119
131144  -14.134  7.852  -39.031 0.1111111119
56074  -16.924  -11.917  -36.016 0.1111111119
65838  -17.854  -4.029  -39.975 0.1111111119
65839  -17.875  -3.557  -39.801 0.1111111119
66896  -17.214  -2.116  -41.912 0.1111111119
139725  -14.243  9.419  -38.621 0.1111111119
82289  -13.608  10.252  -39.529 0.1111111119
84387  -12.970  12.311  -41.606 0.1111111119
155714  -14.406  7.306  -42.286 0.1111111119
83323  -12.851  11.877  -41.047 0.1111111119
84396  -13.851  13.030  -42.053 0.1111111119
85424  -13.922  13.179  -42.528 0.1111111119
52788  -18.015  -14.517  -35.398 0.1111111119
54914  -17.083  -13.206  -35.184 0.1111111119
54947  -21.326  -13.845  -37.680 0.3333333433
57219  -22.578  -11.448  -40.216 0.3333333433
59605  -24.050  -9.684  -41.952 0.3333333433
60787  -22.887  -7.953  -43.127 0.4444444478
62954  -22.078  -6.828  -43.638 0.4444444478
64945  -24.691  -4.573  -45.537 0.2222222239
64956  -23.422  -4.192  -46.263 0.3333333433
64958  -24.618  -3.927  -46.149 0.3333333433
68005  -21.715  -1.805  -47.040 0.8888888955
68018  -23.437  -1.526  -47.933 0.7777777910
68020  -24.932  -1.440  -47.782 0.3333333433
68027  -23.778  -1.195  -48.346 0.6666666865
69085  -25.211  -0.159  -48.417 0.3333333433
70194  -21.809  0.527  -48.375 1.0000000000
70217  -23.798  1.331  -49.664 0.5555555820
71348  -19.569  2.417  -47.495 1.0000000000
71366  -25.124  1.823  -49.532 0.3333333433
72548  -24.875  2.265  -49.888 0.3333333433
72557  -21.657  3.055  -49.724 1.0000000000
72560  -23.533  2.476  -50.293 0.6666666865
72562  -24.669  2.842  -50.326 0.4444444478
72573  -23.234  3.362  -50.695 0.7777777910
73588  -18.860  3.814  -47.461 1.0000000000
73620  -23.597  3.819  -50.839 0.7777777910
73622  -24.586  4.110  -50.975 0.5555555820
73633  -23.378  4.277  -51.127 0.6666666865
73635  -24.397  4.400  -51.184 0.5555555820
74644  -19.000  4.331  -47.900 1.0000000000
74681  -22.457  5.069  -51.332 0.7777777910
74683  -23.718  4.859  -51.454 0.7777777910
74695  -23.369  5.625  -51.683 0.6666666865
75747  -20.160  5.638  -49.970 1.0000000000
75768  -21.493  6.293  -51.481 0.7777777910
75782  -22.496  6.529  -51.994 0.7777777910
75784  -23.529  6.385  -51.974 0.6666666865
75785  -23.930  6.285  -51.948 0.6666666865
76743  -12.975  7.836  -42.657 0.4444444478
76768  -15.835  6.590  -45.026 0.7777777910
76816  -19.002  7.326  -49.461 0.8888888955
76827  -19.831  7.162  -50.519 0.8888888955
76838  -23.902  7.590  -52.381 0.6666666865
76860  -22.598  8.158  -52.528 0.7777777910
76861  -22.934  7.891  -52.477 0.7777777910
77921  -18.707  8.946  -49.555 0.8888888955
77930  -19.137  8.183  -49.873 1.0000000000
77942  -19.902  8.034  -50.931 0.8888888955
77943  -24.667  7.345  -51.998 0.5555555820
77952  -21.373  8.019  -52.234 0.7777777910
77961  -21.081  8.819  -52.203 0.7777777910
77971  -21.954  8.761  -52.581 0.7777777910
78938  -12.044  8.826  -38.613 0.2222222239
78943  -12.689  8.923  -40.125 0.3333333433
78953  -12.402  9.135  -42.228 0.4444444478
78958  -13.231  8.039  -43.231 0.5555555820
79003  -18.378  9.541  -48.986 0.8888888955
79011  -18.854  9.682  -50.029 0.8888888955
79027  -19.536  9.535  -50.983 0.8888888955
79039  -21.081  9.823  -52.292 0.7777777910
79048  -21.543  9.186  -52.453 0.7777777910
79049  -22.310  9.097  -52.595 0.7777777910
79061  -23.148  8.571  -52.526 0.7777777910
80064  -11.932  9.235  -38.796 0.2222222239
80088  -12.166  9.527  -42.471 0.5555555820
80089  -12.429  9.470  -42.899 0.5555555820
80091  -13.542  9.827  -43.569 0.7777777910
80128  -16.555  9.217  -46.272 1.0000000000
80129  -16.932  10.077  -46.619 0.7777777910
80161  -18.473  10.535  -49.330 0.8888888955
80167  -19.011  10.678  -50.521 0.8888888955
80175  -19.831  10.635  -51.555 0.8888888955
80178  -25.975  9.982  -51.060 0.2222222239
80187  -20.301  9.898  -51.794 0.8888888955
80198  -23.080  9.472  -52.589 0.6666666865
81144  -12.096  9.060  -38.207 0.2222222239
81156  -12.311  9.589  -38.705 0.1111111119
81184  -11.689  10.682  -41.650 0.3333333433
81200  -12.513  10.854  -42.908 0.4444444478
81210  -15.408  10.959  -44.903 0.7777777910
81219  -16.664  10.752  -46.280 0.7777777910
81245  -18.014  11.061  -48.290 0.8888888955
81280  -18.407  11.295  -49.039 0.7777777910
81290  -18.808  11.248  -50.188 0.7777777910
81296  -19.424  11.309  -51.130 0.7777777910
81304  -20.638  10.734  -52.140 0.6666666865
81305  -21.265  10.499  -52.431 0.7777777910
81306  -24.141  9.882  -52.791 0.5555555820
82313  -11.878  11.263  -41.290 0.1111111119
82326  -11.951  11.351  -41.920 0.3333333433
82327  -12.338  11.427  -42.409 0.3333333433
82337  -13.283  11.937  -43.174 0.4444444478
82338  -13.500  11.449  -43.457 0.5555555820
82349  -14.952  11.677  -44.373 0.6666666865
82416  -18.554  12.447  -49.271 0.6666666865
82417  -18.719  11.874  -49.719 0.6666666865
82443  -19.654  11.674  -51.337 0.6666666865
82453  -25.013  11.176  -52.943 0.5555555820
83322  -12.386  11.703  -41.206 0.2222222239
83334  -12.291  11.761  -41.705 0.3333333433
83351  -12.754  12.000  -42.402 0.4444444478
83364  -13.685  12.592  -43.184 0.4444444478
83372  -14.541  12.344  -43.921 0.4444444478
83380  -15.857  12.686  -45.066 0.5555555820
83407  -18.009  12.900  -49.233 0.6666666865
83423  -18.200  13.084  -49.303 0.6666666865
83447  -19.401  12.051  -50.957 0.6666666865
83459  -20.436  11.717  -51.862 0.6666666865
83474  -21.557  12.251  -52.290 0.6666666865
83481  -22.173  12.319  -52.400 0.6666666865
84394  -12.680  12.184  -42.036 0.2222222239
84395  -13.091  12.555  -42.067 0.1111111119
84419  -13.722  12.808  -42.970 0.3333333433
84421  -14.600  13.597  -43.739 0.3333333433
84427  -14.889  12.979  -44.129 0.5555555820
84428  -16.265  14.032  -45.130 0.5555555820
84452  -18.412  12.773  -48.628 0.6666666865
84461  -18.684  13.044  -49.205 0.6666666865
84498  -26.958  13.455  -51.326 0.1111111119
84505  -19.446  12.572  -50.776 0.6666666865
84507  -20.060  12.732  -51.391 0.6666666865
84527  -21.424  12.857  -52.071 0.6666666865
84528  -21.064  12.588  -52.021 0.6666666865
84535  -22.107  12.731  -52.275 0.6666666865
85446  -14.169  13.848  -43.143 0.4444444478
85490  -17.863  14.316  -47.073 0.6666666865
85491  -19.054  13.617  -48.432 0.5555555820
85564  -21.260  13.135  -51.955 0.6666666865
85571  -22.268  13.115  -52.301 0.6666666865
86378  -14.981  15.435  -42.097 0.1111111119
86386  -14.958  14.898  -42.203 0.1111111119
86407  -14.664  14.315  -43.225 0.2222222239
86428  -15.281  14.230  -43.983 0.3333333433
86430  -16.278  14.905  -44.456 0.3333333433
86441  -16.874  15.206  -45.103 0.1111111119
86454  -18.354  15.295  -47.039 0.3333333433
87366  -14.882  15.286  -42.341 0.1111111119
87374  -14.925  14.999  -42.757 0.1111111119
87388  -14.932  14.717  -43.051 0.1111111119
87390  -16.341  15.565  -44.149 0.1111111119
87411  -15.345  14.541  -43.729 0.3333333433
87432  -18.662  15.895  -47.213 0.4444444478
88390  -14.930  15.087  -42.904 0.1111111119
88391  -15.230  15.534  -43.045 0.1111111119
88392  -15.884  15.758  -43.162 0.1111111119
88393  -16.134  15.758  -43.198 0.1111111119
88407  -16.157  15.601  -43.983 0.1111111119
88408  -16.846  16.162  -44.249 0.1111111119
131250  -15.332  9.437  -38.918 0.1111111119
132074  -20.655  13.440  -51.554 0.6666666865
132559  -18.195  11.908  -48.444 0.6666666865
133416  -24.962  -12.977  -35.626 0.1111111119
133858  -15.695  15.218  -43.573 0.1111111119
135445  -25.111  5.058  -51.178 0.4444444478
135844  -19.191  12.579  -50.359 0.6666666865
137387  -24.838  13.069  -53.408 0.4444444478
137673  -14.487  13.935  -42.532 0.1111111119
138367  -23.715  8.661  -52.606 0.6666666865
139260  -19.288  10.152  -50.774 0.8888888955
140551  -24.446  7.874  -52.413 0.5555555820
141543  -24.678  0.948  -49.371 0.5555555820
142519  -22.384  10.461  -52.627 0.6666666865
142574  -22.706  8.799  -52.561 0.7777777910
144022  -11.778  10.075  -42.134 0.5555555820
144286  -12.809  8.996  -43.248 0.5555555820
144710  -18.298  6.338  -47.924 0.8888888955
144740  -11.905  9.327  -39.484 0.2222222239
144827  -19.098  12.581  -50.063 0.6666666865
145279  -12.135  9.354  -40.381 0.4444444478
145838  -11.656  10.017  -41.444 0.3333333433
147165  -11.814  9.819  -39.674 0.1111111119
147436  -17.650  13.404  -47.158 0.6666666865
148193  -16.535  8.197  -46.205 1.0000000000
148523  -12.963  8.040  -37.390 0.2222222239
148529  -12.690  8.759  -37.749 0.2222222239
148686  -14.115  7.991  -37.645 0.2222222239
148688  -12.443  8.120  -38.004 0.2222222239
149019  -24.939  6.804  -51.571 0.5555555820
149697  -23.419  9.137  -52.598 0.5555555820
150128  -12.707  8.110  -38.772 0.2222222239
150147  -21.636  12.649  -52.190 0.6666666865
151849  -15.995  7.170  -45.375 0.8888888955
151974  -12.982  11.342  -43.180 0.5555555820
154692  -23.643  7.787  -52.409 0.7777777910
154829  -20.896  9.438  -52.162 0.7777777910
154968  -22.675  -11.840  -39.716 0.3333333433
155858  -19.207  13.194  -50.060 0.6666666865
155874  -24.576  5.067  -51.575 0.6666666865
156035  -20.078  12.291  -51.501 0.6666666865
156111  -21.831  9.916  -52.560 0.7777777910
156909  -12.378  8.458  -37.725 0.2222222239
158364  -20.901  13.296  -51.743 0.6666666865
