#!ascii label  , from subject freesurfer vox2ras=TkReg
522
13629  -24.488  -58.707  -31.807 0.6999999881
14430  -25.370  -57.130  -33.104 0.6000000238
14431  -25.657  -57.631  -33.411 0.6000000238
136600  -26.458  -57.694  -34.060 0.4000000060
15802  -26.229  -55.280  -25.878 0.6999999881
16551  -27.200  -54.467  -26.720 0.6999999881
15801  -25.613  -55.709  -26.271 0.6999999881
16550  -26.355  -55.105  -26.773 0.6000000238
16549  -25.722  -55.553  -27.112 0.6999999881
151039  -26.138  -55.199  -27.908 0.6000000238
15812  -25.374  -55.746  -27.711 0.6000000238
15823  -24.842  -56.181  -28.336 0.6000000238
15824  -25.536  -55.528  -28.774 0.6000000238
16601  -25.795  -54.974  -29.653 0.5000000000
15832  -24.828  -55.978  -29.962 0.5000000000
151069  -25.054  -55.557  -30.454 0.5000000000
15845  -24.761  -55.369  -31.691 0.6000000238
133322  -24.369  -57.095  -31.378 0.6000000238
15844  -24.837  -55.786  -32.109 0.6000000238
15089  -25.010  -56.276  -32.387 0.6000000238
14433  -25.353  -56.376  -33.337 0.6000000238
16536  -27.585  -54.220  -25.881 0.6000000238
17318  -27.910  -53.722  -26.739 0.6000000238
16565  -27.467  -54.117  -27.366 0.6000000238
16582  -26.753  -54.547  -28.507 0.6000000238
17345  -27.201  -53.861  -28.948 0.6000000238
16581  -26.195  -54.971  -28.897 0.6000000238
16616  -25.770  -54.335  -30.431 0.6000000238
16615  -25.084  -54.339  -31.118 0.6000000238
16614  -24.907  -55.106  -31.110 0.6000000238
16619  -24.489  -54.280  -31.782 0.6000000238
16618  -24.535  -54.727  -32.253 0.6000000238
14434  -25.581  -56.748  -33.679 0.5000000000
144240  -26.121  -56.437  -34.354 0.5000000000
17297  -27.827  -53.940  -24.850 0.6000000238
17333  -28.297  -52.980  -27.301 0.6000000238
17346  -27.676  -53.386  -28.442 0.6000000238
17360  -27.507  -53.193  -29.137 0.6000000238
17359  -26.983  -53.386  -29.756 0.6000000238
16602  -26.492  -54.293  -29.563 0.6000000238
17369  -26.216  -53.566  -30.445 0.6000000238
17368  -25.364  -53.616  -31.074 0.6999999881
145299  -24.507  -54.485  -33.084 0.6000000238
15855  -24.982  -54.890  -33.452 0.6000000238
15858  -26.632  -56.131  -34.544 0.4000000060
17298  -28.448  -53.067  -24.973 0.6000000238
17305  -28.196  -53.498  -25.750 0.6000000238
17319  -28.460  -52.942  -26.400 0.6000000238
18151  -27.985  -52.615  -28.781 0.6000000238
19013  -27.925  -51.857  -29.404 0.5000000000
18157  -27.438  -52.585  -29.665 0.6000000238
150649  -25.692  -52.933  -30.982 0.6999999881
17375  -24.083  -53.244  -32.056 0.6000000238
17376  -24.591  -53.558  -31.616 0.6000000238
134552  -24.149  -53.597  -32.440 0.6000000238
145865  -24.162  -53.599  -32.981 0.6000000238
149977  -25.343  -53.904  -34.135 0.6000000238
15856  -25.416  -55.092  -33.802 0.6000000238
143736  -26.442  -55.154  -34.506 0.4000000060
15857  -26.041  -55.659  -34.341 0.5000000000
18111  -28.516  -52.207  -24.593 0.5000000000
137189  -28.848  -51.939  -25.247 0.6000000238
18123  -28.879  -52.233  -25.968 0.6000000238
18134  -28.729  -52.272  -26.947 0.6000000238
18144  -28.495  -52.251  -27.946 0.5000000000
134774  -28.675  -51.341  -28.272 0.5000000000
19005  -28.322  -51.856  -28.706 0.5000000000
19899  -27.145  -50.851  -30.526 0.6000000238
135721  -26.222  -50.477  -31.090 0.6000000238
19021  -26.419  -51.476  -30.912 0.6999999881
18162  -25.553  -52.086  -31.269 0.6999999881
136679  -24.015  -50.916  -32.387 0.6000000238
18172  -24.745  -52.778  -31.559 0.6999999881
18171  -23.963  -52.481  -32.152 0.6000000238
18170  -23.713  -51.896  -32.716 0.6000000238
17379  -23.969  -52.851  -32.802 0.6000000238
17388  -24.163  -52.950  -33.202 0.6000000238
17398  -24.418  -53.026  -33.546 0.6000000238
16633  -25.819  -54.652  -34.276 0.5000000000
16634  -26.870  -54.498  -34.584 0.4000000060
18973  -28.821  -51.381  -24.811 0.6000000238
18985  -29.149  -51.346  -25.663 0.6000000238
18992  -29.113  -51.571  -26.578 0.5000000000
19871  -29.026  -50.653  -27.728 0.6000000238
19879  -28.635  -50.501  -28.611 0.5000000000
19889  -28.211  -50.356  -29.461 0.6000000238
19888  -27.861  -51.068  -29.862 0.6000000238
156934  -27.663  -50.347  -30.123 0.5000000000
19887  -26.992  -49.941  -30.622 0.5000000000
19897  -24.892  -49.338  -31.578 0.5000000000
19898  -25.156  -50.105  -31.455 0.5000000000
19020  -25.352  -51.057  -31.411 0.6000000238
20834  -24.428  -49.347  -31.962 0.4000000060
19032  -24.402  -51.644  -31.837 0.6999999881
20842  -24.288  -49.467  -32.410 0.4000000060
140476  -24.460  -50.189  -33.165 0.5000000000
19041  -23.945  -51.350  -32.829 0.6000000238
149643  -24.805  -50.679  -33.558 0.5000000000
19050  -24.246  -51.604  -33.315 0.6000000238
145520  -26.107  -50.360  -34.136 0.5000000000
19058  -24.691  -51.983  -33.842 0.6000000238
143302  -27.013  -52.923  -34.696 0.5000000000
135931  -25.576  -50.925  -34.079 0.6000000238
18201  -25.213  -52.445  -34.290 0.6000000238
158038  -26.410  -52.729  -34.716 0.6000000238
19854  -29.119  -50.779  -25.068 0.5000000000
153538  -29.226  -51.015  -27.033 0.5000000000
138815  -28.866  -49.942  -28.162 0.5000000000
20811  -28.445  -49.517  -28.884 0.4000000060
20818  -27.696  -49.502  -29.886 0.4000000060
21713  -26.845  -49.083  -30.499 0.5000000000
20826  -25.936  -49.436  -31.114 0.5000000000
150559  -26.121  -48.556  -30.847 0.5000000000
21742  -24.748  -48.184  -32.350 0.4000000060
21734  -24.630  -48.643  -32.093 0.4000000060
143112  -24.551  -48.842  -32.538 0.4000000060
147435  -24.677  -48.937  -32.975 0.5000000000
20848  -24.420  -49.582  -32.775 0.5000000000
21749  -25.697  -48.214  -33.445 0.5000000000
20856  -25.351  -49.119  -33.487 0.5000000000
20857  -26.194  -49.715  -33.977 0.5000000000
19062  -28.348  -51.065  -34.634 0.5000000000
151192  -27.864  -51.740  -34.654 0.5000000000
19059  -25.388  -51.743  -34.236 0.6000000238
18203  -26.946  -52.087  -34.687 0.5000000000
156784  -26.794  -48.429  -30.356 0.4000000060
140419  -25.613  -47.967  -31.099 0.5000000000
22645  -25.024  -47.537  -31.920 0.5000000000
139083  -25.101  -47.942  -33.041 0.4000000060
21757  -26.439  -48.923  -33.850 0.5000000000
141409  -28.018  -50.436  -34.657 0.5000000000
19063  -29.031  -50.979  -34.491 0.3000000119
22658  -26.398  -47.501  -33.518 0.5000000000
20858  -27.143  -49.485  -34.295 0.5000000000
157293  -27.299  -50.454  -34.610 0.5000000000
22636  -25.422  -47.273  -31.270 0.4000000060
23566  -25.149  -46.637  -31.768 0.4000000060
24475  -25.661  -45.843  -33.018 0.4000000060
23577  -25.076  -46.720  -32.489 0.4000000060
23579  -26.024  -46.667  -33.307 0.4000000060
143362  -26.630  -45.874  -33.357 0.4000000060
20860  -29.051  -49.664  -34.442 0.4000000060
19937  -29.274  -50.317  -34.367 0.4000000060
21758  -27.606  -48.684  -34.081 0.5000000000
144259  -28.405  -49.791  -34.596 0.5000000000
22659  -27.491  -47.749  -33.697 0.5000000000
20859  -27.944  -49.384  -34.488 0.5000000000
143877  -27.641  -49.944  -34.598 0.5000000000
139436  -26.098  -45.061  -33.193 0.4000000060
21760  -29.350  -48.876  -34.066 0.4000000060
21759  -28.637  -48.954  -34.330 0.5000000000
23580  -27.283  -46.759  -33.517 0.5000000000
22667  -28.490  -47.974  -33.848 0.5000000000
24476  -27.150  -45.099  -33.464 0.4000000060
21751  -29.297  -48.032  -33.657 0.4000000060
143017  -29.956  -47.925  -33.037 0.3000000119
143383  -27.748  -45.836  -33.498 0.5000000000
140708  -28.190  -47.204  -33.644 0.5000000000
158223  -28.945  -47.718  -33.735 0.5000000000
139495  -27.140  -43.851  -33.532 0.4000000060
22661  -29.279  -47.250  -33.508 0.3000000119
141699  -30.063  -46.186  -33.026 0.3000000119
147408  -28.130  -45.080  -33.569 0.4000000060
22660  -28.880  -47.053  -33.608 0.5000000000
24478  -28.840  -45.040  -33.507 0.4000000060
24477  -28.623  -45.746  -33.489 0.5000000000
144622  -29.157  -45.741  -33.413 0.5000000000
26245  -28.075  -43.128  -33.663 0.4000000060
24468  -30.062  -45.291  -32.985 0.3000000119
24469  -30.481  -45.689  -32.318 0.3000000119
26236  -27.904  -43.763  -33.624 0.4000000060
24479  -29.299  -45.025  -33.394 0.4000000060
25359  -28.412  -44.359  -33.607 0.4000000060
28032  -27.765  -41.850  -33.708 0.5000000000
25361  -29.705  -44.837  -33.279 0.3000000119
26225  -30.774  -43.952  -32.371 0.4000000060
25347  -30.572  -44.808  -32.337 0.4000000060
144792  -28.595  -43.054  -33.663 0.4000000060
26237  -29.453  -43.784  -33.529 0.5000000000
26238  -29.893  -44.008  -33.373 0.4000000060
26247  -29.049  -43.317  -33.645 0.5000000000
25366  -29.041  -44.240  -33.587 0.5000000000
27119  -29.219  -42.675  -33.608 0.5000000000
155686  -29.764  -43.528  -33.429 0.4000000060
26239  -30.223  -43.159  -33.148 0.4000000060
140125  -30.975  -43.055  -32.415 0.4000000060
26212  -31.504  -43.487  -31.694 0.3000000119
28033  -28.509  -41.819  -33.730 0.5000000000
27118  -28.809  -42.599  -33.674 0.5000000000
28965  -30.871  -40.705  -32.858 0.4000000060
28951  -31.701  -40.990  -32.508 0.3000000119
29902  -27.937  -39.678  -34.131 0.5000000000
28017  -30.156  -41.509  -33.254 0.4000000060
27107  -30.204  -42.326  -33.190 0.4000000060
28018  -30.873  -41.591  -32.792 0.4000000060
28002  -31.633  -41.680  -32.405 0.4000000060
27094  -31.519  -42.272  -32.234 0.3000000119
137096  -28.029  -41.164  -33.825 0.5000000000
28035  -29.603  -42.200  -33.489 0.5000000000
157438  -28.486  -41.204  -33.813 0.5000000000
29891  -31.290  -39.780  -32.632 0.4000000060
144706  -27.502  -38.861  -34.207 0.5000000000
29903  -28.626  -39.691  -34.018 0.5000000000
29904  -29.245  -39.497  -33.772 0.5000000000
29889  -29.748  -39.986  -33.529 0.5000000000
28964  -29.972  -40.685  -33.392 0.5000000000
28976  -29.191  -40.457  -33.765 0.5000000000
30797  -31.692  -38.785  -32.414 0.4000000060
31685  -27.446  -37.292  -34.398 0.5000000000
30808  -29.279  -38.518  -33.670 0.5000000000
29876  -32.247  -39.675  -32.510 0.3000000119
30821  -27.853  -38.119  -34.329 0.5000000000
30822  -28.523  -38.266  -34.090 0.5000000000
147715  -28.773  -38.991  -34.020 0.5000000000
14420  -25.052  -57.284  -32.443 0.6000000238
13668  -26.085  -57.960  -33.575 0.5000000000
139261  -25.028  -55.944  -29.221 0.6000000238
18156  -26.571  -52.562  -30.508 0.6999999881
17399  -24.845  -53.561  -33.851 0.6000000238
144727  -25.179  -53.208  -34.234 0.6000000238
19057  -24.286  -52.129  -33.462 0.6000000238
21723  -25.296  -48.683  -31.354 0.5000000000
134193  -25.069  -48.173  -31.630 0.5000000000
19910  -24.452  -50.567  -31.813 0.4000000060
147771  -26.846  -50.137  -34.416 0.5000000000
19061  -27.345  -51.101  -34.658 0.5000000000
23578  -25.317  -46.665  -32.904 0.4000000060
23572  -25.024  -46.750  -32.104 0.4000000060
24480  -29.585  -45.766  -33.297 0.4000000060
150322  -30.388  -43.719  -32.956 0.4000000060
144882  -28.216  -38.938  -34.225 0.5000000000
10009  -25.718  -63.552  -24.195 0.5000000000
10697  -27.452  -62.600  -25.027 0.5000000000
10010  -26.510  -63.417  -24.598 0.5000000000
11438  -28.464  -61.376  -26.557 0.5000000000
11415  -28.509  -61.820  -25.955 0.5000000000
11402  -28.055  -62.154  -25.555 0.4000000060
10686  -26.377  -62.329  -24.194 0.5000000000
11401  -27.154  -61.872  -25.425 0.6000000238
10696  -26.786  -62.058  -24.722 0.6000000238
12141  -27.865  -61.090  -27.413 0.5000000000
11414  -27.828  -61.657  -25.984 0.5000000000
12892  -28.649  -60.037  -29.062 0.4000000060
12089  -25.526  -60.453  -23.241 0.6999999881
11377  -25.544  -61.393  -23.275 0.6999999881
11389  -26.306  -61.581  -24.326 0.6999999881
11436  -26.629  -61.328  -26.610 0.5000000000
12124  -26.220  -61.183  -25.930 0.6999999881
12162  -27.369  -61.123  -28.375 0.5000000000
12140  -26.716  -61.259  -27.498 0.5000000000
131755  -28.672  -59.643  -29.866 0.5000000000
12163  -28.450  -60.554  -28.163 0.5000000000
12799  -23.854  -59.655  -22.472 0.5000000000
12074  -24.262  -60.402  -22.511 0.6999999881
12801  -25.202  -59.791  -22.887 0.6999999881
12075  -25.029  -60.369  -22.669 0.6999999881
12813  -25.347  -59.500  -23.551 0.6999999881
12100  -26.038  -60.983  -24.489 0.6000000238
137204  -25.914  -61.094  -26.893 0.6999999881
12175  -26.968  -61.235  -29.320 0.6000000238
12161  -26.335  -61.308  -28.554 0.6000000238
12176  -27.882  -60.772  -29.158 0.5000000000
12908  -28.643  -59.331  -30.717 0.5000000000
140580  -24.272  -58.961  -22.538 0.5000000000
12800  -24.911  -59.130  -22.884 0.6999999881
12825  -25.336  -59.687  -24.616 0.6999999881
13550  -24.981  -59.008  -25.201 0.6999999881
13536  -25.057  -58.818  -24.311 0.6999999881
12123  -25.428  -60.598  -26.215 0.8000000119
12846  -24.893  -59.835  -26.528 0.6999999881
12160  -25.407  -61.100  -28.747 0.6000000238
12139  -24.960  -60.544  -28.114 0.6999999881
138070  -26.569  -61.136  -30.114 0.6999999881
12174  -25.996  -61.292  -29.422 0.6000000238
12907  -27.969  -59.976  -30.456 0.6000000238
12188  -27.430  -60.776  -30.099 0.6000000238
145383  -27.889  -59.407  -32.252 0.6000000238
13512  -23.886  -58.188  -22.352 0.5000000000
14270  -24.230  -57.516  -22.661 0.6000000238
139680  -24.584  -57.707  -23.418 0.6000000238
13535  -24.699  -57.996  -24.257 0.6000000238
147810  -24.827  -58.306  -24.939 0.6999999881
13549  -24.769  -58.253  -25.784 0.6999999881
12835  -25.119  -59.862  -25.599 0.6999999881
13559  -24.653  -58.850  -26.668 0.6999999881
12865  -25.178  -60.557  -27.190 0.6999999881
12187  -26.216  -60.833  -30.772 0.6999999881
12920  -27.109  -59.854  -32.019 0.6999999881
12197  -26.625  -60.417  -31.327 0.6999999881
14269  -23.625  -57.467  -22.053 0.5000000000
15004  -24.731  -56.704  -24.414 0.6000000238
145182  -24.600  -57.277  -24.313 0.6000000238
154327  -24.724  -57.606  -25.056 0.6000000238
12864  -24.640  -59.640  -27.523 0.8000000119
13574  -24.389  -58.451  -27.486 0.5000000000
14322  -24.578  -57.799  -26.682 0.6000000238
12159  -24.681  -60.518  -28.950 0.6999999881
12891  -24.096  -59.620  -29.114 0.6999999881
12186  -25.431  -60.674  -30.810 0.6999999881
12905  -24.667  -60.185  -30.775 0.6999999881
12936  -27.563  -59.347  -33.016 0.5000000000
12935  -26.741  -59.623  -32.742 0.6999999881
12952  -27.206  -59.260  -33.379 0.5000000000
14995  -24.077  -56.759  -22.384 0.5000000000
15763  -24.864  -56.253  -23.714 0.5000000000
151523  -25.164  -56.091  -24.594 0.6000000238
14283  -24.525  -56.934  -23.418 0.6000000238
158117  -24.940  -56.552  -25.100 0.6000000238
15789  -25.204  -56.158  -25.566 0.6000000238
148490  -24.953  -56.675  -25.789 0.6000000238
15800  -25.092  -56.237  -26.421 0.6000000238
14377  -23.927  -57.850  -29.103 0.6000000238
14355  -24.115  -58.046  -28.266 0.5000000000
15811  -24.942  -56.229  -27.282 0.5000000000
12904  -24.034  -59.561  -30.112 0.6000000238
13601  -23.855  -58.731  -29.572 0.6000000238
12917  -24.860  -59.661  -31.795 0.6000000238
13614  -24.238  -59.231  -31.019 0.6000000238
13656  -26.188  -58.594  -33.308 0.5000000000
137090  -24.647  -56.257  -22.874 0.5000000000
15764  -25.324  -55.660  -23.739 0.6000000238
15790  -25.818  -55.615  -25.183 0.6000000238
14338  -24.367  -57.420  -27.542 0.5000000000
14394  -23.869  -57.875  -30.019 0.4000000060
15054  -24.014  -57.025  -29.587 0.5000000000
135736  -24.517  -56.394  -29.290 0.5000000000
13640  -25.010  -58.947  -32.374 0.6000000238
15751  -24.166  -55.922  -22.131 0.5000000000
141175  -25.016  -55.808  -23.183 0.6000000238
16524  -26.274  -55.070  -24.434 0.6000000238
15073  -24.413  -56.572  -30.945 0.5000000000
141067  -24.377  -56.466  -30.201 0.4000000060
15742  -23.815  -55.335  -21.706 0.5000000000
15753  -25.345  -55.250  -23.021 0.5000000000
16518  -25.873  -54.977  -23.623 0.6000000238
16535  -26.575  -55.010  -25.197 0.6000000238
15741  -23.104  -55.142  -21.548 0.5000000000
16509  -25.031  -54.770  -22.383 0.5000000000
16510  -25.660  -54.496  -22.801 0.6000000238
16525  -27.062  -54.587  -24.517 0.6000000238
16503  -22.773  -54.130  -21.547 0.5000000000
16505  -24.605  -54.374  -21.899 0.5000000000
17282  -26.022  -53.708  -22.692 0.5000000000
16520  -27.366  -53.916  -23.873 0.6000000238
16519  -26.630  -54.497  -23.779 0.6000000238
17274  -24.349  -53.649  -21.728 0.5000000000
17281  -25.231  -53.838  -22.121 0.5000000000
18078  -23.996  -52.822  -21.679 0.5000000000
18088  -24.825  -52.904  -21.801 0.5000000000
17289  -26.688  -53.764  -23.227 0.5000000000
18076  -22.494  -52.638  -21.842 0.5000000000
18936  -24.385  -52.260  -21.809 0.5000000000
18090  -26.513  -52.991  -22.751 0.5000000000
18110  -28.024  -52.994  -24.045 0.4000000060
18952  -24.318  -51.539  -22.070 0.5000000000
140921  -26.307  -52.296  -22.532 0.5000000000
18091  -26.965  -52.286  -22.826 0.4000000060
18100  -27.228  -53.048  -23.318 0.4000000060
18953  -25.767  -51.784  -22.338 0.4000000060
18954  -26.527  -51.571  -22.589 0.4000000060
18964  -27.975  -51.458  -23.484 0.4000000060
136637  -24.117  -58.070  -31.027 0.6000000238
158007  -25.443  -58.930  -32.751 0.5000000000
13670  -26.983  -58.293  -34.056 0.4000000060
15031  -24.566  -56.687  -27.662 0.6000000238
18102  -28.183  -52.082  -23.878 0.4000000060
18965  -28.456  -51.429  -24.091 0.4000000060
144584  -25.704  -61.067  -30.173 0.6999999881
12173  -25.131  -61.017  -29.563 0.6999999881
14311  -24.785  -57.307  -25.863 0.6000000238
12919  -26.329  -60.076  -32.080 0.6999999881
13589  -24.234  -59.067  -28.260 0.6999999881
12172  -24.513  -60.370  -29.795 0.6999999881
133864  -25.580  -60.052  -32.055 0.6000000238
151966  -26.525  -59.408  -33.006 0.6000000238
10011  -27.099  -63.215  -24.830 0.5000000000
10687  -26.792  -62.780  -24.553 0.5000000000
11365  -25.211  -61.003  -22.830 0.6999999881
11388  -25.963  -61.060  -23.837 0.6000000238
11413  -26.983  -61.520  -26.020 0.5000000000
11437  -27.414  -61.325  -26.664 0.5000000000
12099  -25.752  -60.335  -24.107 0.6999999881
12109  -25.727  -60.605  -25.129 0.8000000119
12110  -26.386  -61.406  -25.066 0.6999999881
12196  -25.913  -60.435  -31.422 0.6999999881
12834  -24.849  -59.168  -25.963 0.6999999881
12879  -24.474  -59.920  -28.395 0.6999999881
12906  -27.230  -60.259  -30.983 0.6999999881
12918  -25.240  -60.281  -31.411 0.6999999881
12921  -27.881  -59.633  -31.381 0.6000000238
12933  -25.434  -59.496  -32.487 0.6000000238
12934  -26.050  -59.723  -32.620 0.6000000238
12951  -25.984  -59.159  -32.931 0.5000000000
12967  -26.676  -58.910  -33.420 0.4000000060
12968  -27.300  -58.873  -33.777 0.5000000000
13523  -24.505  -58.324  -22.806 0.5000000000
13524  -24.885  -58.569  -23.449 0.6999999881
13654  -25.257  -58.168  -32.814 0.6000000238
13655  -25.745  -58.454  -33.110 0.5000000000
13669  -26.474  -58.309  -33.679 0.5000000000
14408  -24.792  -56.782  -31.974 0.6000000238
14409  -24.527  -57.726  -31.879 0.6000000238
14421  -24.822  -58.234  -32.289 0.6999999881
14435  -25.944  -57.116  -34.045 0.5000000000
15015  -24.730  -56.993  -25.098 0.6000000238
15026  -24.690  -56.838  -26.735 0.6000000238
15038  -24.201  -57.007  -28.510 0.5000000000
15082  -24.685  -56.296  -31.543 0.5000000000
15092  -25.118  -56.218  -32.875 0.6000000238
15095  -25.164  -55.734  -33.280 0.6000000238
15096  -25.408  -55.836  -33.641 0.6000000238
15097  -25.716  -56.062  -34.084 0.5000000000
15098  -26.483  -56.973  -34.403 0.4000000060
15101  -27.086  -56.805  -34.556 0.4000000060
15743  -24.422  -55.085  -21.985 0.5000000000
15752  -24.787  -55.525  -22.597 0.5000000000
15776  -25.698  -55.533  -24.315 0.6000000238
15833  -25.294  -55.535  -29.755 0.6000000238
15841  -24.740  -55.955  -30.877 0.6000000238
15842  -25.364  -55.007  -30.463 0.5000000000
15848  -24.750  -55.269  -32.635 0.6000000238
15851  -24.864  -55.312  -33.073 0.6000000238
16504  -23.820  -54.465  -21.643 0.5000000000
16511  -26.193  -54.302  -23.199 0.6000000238
16564  -26.908  -54.625  -27.568 0.6000000238
16583  -27.368  -54.070  -28.099 0.6000000238
16622  -24.350  -54.286  -32.685 0.6000000238
16631  -25.007  -54.279  -33.705 0.6000000238
16632  -25.343  -54.417  -33.957 0.6000000238
17272  -22.815  -53.247  -21.625 0.5000000000
17273  -23.496  -53.492  -21.611 0.5000000000
17306  -28.549  -52.847  -25.667 0.6000000238
17332  -27.818  -53.555  -27.666 0.6000000238
17374  -23.827  -52.724  -32.450 0.6000000238
17400  -25.762  -53.771  -34.441 0.6000000238
17401  -26.480  -53.563  -34.636 0.5000000000
17402  -27.402  -53.712  -34.556 0.4000000060
18077  -23.208  -52.650  -21.682 0.5000000000
18089  -25.695  -52.801  -22.276 0.5000000000
18101  -27.641  -52.232  -23.389 0.4000000060
18143  -28.066  -52.964  -28.026 0.6000000238
18179  -23.786  -52.290  -32.723 0.6000000238
18190  -23.937  -52.464  -33.024 0.6000000238
18199  -24.201  -52.487  -33.342 0.6000000238
18200  -24.614  -52.672  -33.831 0.6000000238
18202  -25.945  -52.219  -34.610 0.6000000238
18935  -23.686  -52.013  -21.820 0.5000000000
18955  -27.308  -51.493  -22.945 0.4000000060
18993  -29.325  -50.845  -26.375 0.6000000238
18998  -28.924  -51.536  -27.434 0.6000000238
19014  -28.354  -51.175  -29.091 0.6000000238
19022  -27.297  -51.749  -30.204 0.6000000238
19031  -23.785  -51.741  -32.468 0.6000000238
19049  -23.901  -51.994  -33.048 0.6000000238
19060  -26.269  -51.456  -34.525 0.6000000238
19855  -29.341  -50.482  -25.696 0.5000000000
19872  -29.307  -50.371  -26.958 0.5000000000
19909  -24.206  -50.056  -32.217 0.4000000060
19920  -24.159  -50.356  -32.721 0.5000000000
19927  -24.314  -50.898  -33.157 0.5000000000
19928  -25.256  -50.093  -33.673 0.5000000000
19934  -24.786  -51.297  -33.718 0.6000000238
19935  -26.581  -50.734  -34.463 0.5000000000
19936  -28.757  -50.366  -34.586 0.4000000060
20849  -24.719  -49.565  -33.222 0.5000000000
21722  -24.760  -48.818  -31.736 0.5000000000
21748  -24.840  -48.223  -32.683 0.4000000060
21750  -26.724  -48.238  -33.708 0.5000000000
22652  -24.921  -47.522  -32.397 0.4000000060
22656  -25.068  -47.452  -32.763 0.4000000060
22657  -25.479  -47.403  -33.191 0.4000000060
22662  -29.588  -47.555  -33.371 0.4000000060
22668  -29.016  -48.321  -33.949 0.5000000000
23581  -28.372  -46.478  -33.541 0.5000000000
23582  -29.280  -46.473  -33.427 0.5000000000
23583  -29.603  -46.713  -33.316 0.3000000119
25333  -31.242  -44.356  -31.609 0.3000000119
25346  -30.212  -44.437  -33.005 0.4000000060
25357  -26.615  -44.361  -33.392 0.4000000060
25358  -27.601  -44.412  -33.565 0.4000000060
25360  -29.459  -44.401  -33.452 0.5000000000
26235  -27.257  -43.236  -33.578 0.4000000060
26246  -28.565  -43.643  -33.647 0.4000000060
26248  -29.622  -43.035  -33.478 0.4000000060
27106  -27.498  -42.546  -33.634 0.5000000000
27108  -30.860  -42.331  -32.689 0.4000000060
27117  -28.261  -42.515  -33.677 0.5000000000
28034  -29.085  -42.028  -33.674 0.5000000000
28975  -28.412  -40.555  -33.923 0.5000000000
28977  -29.463  -41.390  -33.577 0.5000000000
30820  -27.073  -38.054  -34.252 0.5000000000
31687  -28.886  -37.695  -33.866 0.5000000000
133432  -26.846  -54.781  -25.952 0.6999999881
133803  -25.280  -46.757  -31.513 0.4000000060
135486  -25.054  -52.067  -21.970 0.5000000000
136657  -28.874  -41.261  -33.781 0.5000000000
136871  -25.696  -61.085  -27.847 0.6000000238
138366  -28.140  -60.292  -29.735 0.5000000000
138572  -25.102  -46.116  -31.857 0.4000000060
139209  -28.673  -52.467  -25.277 0.6000000238
142293  -31.760  -40.341  -32.549 0.3000000119
143303  -25.779  -52.961  -34.574 0.6000000238
143775  -24.688  -59.694  -22.604 0.6999999881
143968  -24.606  -61.097  -22.613 0.6999999881
146031  -25.306  -55.897  -26.945 0.6999999881
146930  -24.523  -53.749  -33.441 0.6000000238
148154  -25.015  -48.462  -33.135 0.5000000000
148884  -26.297  -62.990  -24.210 0.5000000000
148929  -27.330  -48.717  -30.002 0.4000000060
148971  -28.959  -46.302  -33.489 0.5000000000
149618  -24.477  -49.848  -31.769 0.4000000060
151208  -23.929  -58.712  -30.350 0.6000000238
151516  -23.675  -52.201  -32.515 0.6000000238
151793  -26.249  -54.340  -34.518 0.5000000000
152079  -24.039  -57.111  -30.550 0.4000000060
152383  -23.963  -58.670  -28.837 0.6999999881
155832  -25.014  -60.781  -30.237 0.6999999881
156022  -26.662  -61.519  -25.588 0.5000000000
156524  -24.200  -53.023  -31.850 0.6999999881
157133  -27.227  -54.572  -25.256 0.6000000238
157222  -25.695  -55.193  -34.083 0.6000000238
158588  -26.861  -60.788  -30.682 0.6999999881
