#!ascii label  , from subject freesurfer vox2ras=TkReg
1248
4718  -28.513  -72.634  -34.439 0.5000000000
151479  -28.205  -73.066  -34.822 0.6000000238
6401  -32.643  -69.445  -28.290 0.3000000119
3842  -27.915  -73.790  -34.654 0.5000000000
5864  -32.622  -70.549  -30.883 0.4000000060
5855  -32.676  -69.910  -30.062 0.4000000060
5856  -33.747  -69.490  -29.648 0.4000000060
6408  -32.731  -69.558  -29.158 0.3000000119
5865  -33.533  -70.001  -30.638 0.4000000060
5305  -30.256  -71.087  -36.322 0.5000000000
4748  -29.711  -71.556  -36.095 0.5000000000
4726  -28.587  -72.408  -35.066 0.5000000000
5304  -29.449  -71.382  -36.372 0.6000000238
4747  -29.050  -71.765  -36.147 0.5000000000
4734  -28.282  -72.557  -35.545 0.6000000238
6393  -32.397  -69.259  -27.436 0.3000000119
150665  -28.005  -72.566  -35.842 0.5000000000
5249  -32.464  -71.198  -31.644 0.5000000000
6394  -33.340  -69.482  -27.649 0.3000000119
4746  -28.105  -72.269  -36.282 0.6000000238
4266  -27.743  -73.106  -35.280 0.5000000000
5256  -34.225  -71.266  -32.403 0.5000000000
5876  -33.567  -70.737  -31.576 0.4000000060
6409  -34.732  -69.457  -29.676 0.4000000060
6403  -34.549  -69.564  -28.885 0.3000000119
6395  -34.292  -69.755  -27.933 0.3000000119
5257  -35.025  -70.959  -32.408 0.4000000060
157260  -34.218  -70.122  -31.086 0.4000000060
6415  -35.267  -69.526  -30.189 0.4000000060
136067  -35.404  -70.266  -31.671 0.4000000060
6481  -31.477  -68.950  -36.769 0.6999999881
5945  -31.187  -69.714  -36.721 0.6999999881
5929  -31.629  -70.189  -36.503 0.6999999881
151765  -29.273  -71.783  -34.354 0.5000000000
6990  -30.455  -68.258  -36.712 0.6999999881
133097  -30.904  -68.770  -36.720 0.6999999881
5944  -30.392  -70.112  -36.763 0.8000000119
5324  -29.936  -70.842  -36.640 0.5000000000
5943  -29.594  -70.428  -36.852 0.6999999881
150261  -30.435  -71.695  -33.285 0.5000000000
6479  -29.438  -69.253  -36.981 0.6999999881
4713  -31.760  -71.944  -33.342 0.4000000060
5263  -32.125  -71.680  -32.428 0.5000000000
6386  -33.101  -69.327  -26.635 0.3000000119
5942  -28.750  -70.509  -37.031 0.6000000238
4714  -32.990  -72.040  -33.116 0.5000000000
132790  -33.266  -71.560  -32.373 0.5000000000
5835  -34.025  -69.936  -27.010 0.3000000119
146852  -28.336  -71.290  -36.911 0.5000000000
5264  -33.934  -71.829  -33.009 0.5000000000
5892  -35.457  -71.143  -33.516 0.4000000060
5266  -35.290  -71.141  -32.923 0.4000000060
5867  -35.751  -69.773  -30.801 0.4000000060
6404  -35.515  -69.777  -29.272 0.4000000060
5883  -35.981  -70.698  -32.876 0.3000000119
135026  -35.742  -70.548  -32.312 0.4000000060
8762  -30.158  -65.466  -36.245 0.5000000000
8089  -30.423  -66.425  -36.381 0.6000000238
8090  -31.125  -67.229  -36.317 0.6000000238
7527  -31.285  -67.798  -36.501 0.6000000238
6992  -31.871  -68.423  -36.630 0.6000000238
9472  -29.269  -64.303  -35.532 0.5000000000
9480  -28.923  -64.509  -35.981 0.5000000000
8761  -29.507  -64.925  -36.310 0.6000000238
8103  -30.195  -66.769  -36.607 0.6000000238
7546  -30.663  -67.622  -36.603 0.6999999881
5289  -30.622  -71.326  -35.938 0.6000000238
6367  -31.954  -68.787  -23.991 0.3000000119
10147  -26.786  -64.507  -35.398 0.6999999881
9479  -28.120  -64.539  -35.951 0.6000000238
8759  -27.847  -64.946  -36.214 0.6000000238
8768  -29.104  -65.514  -36.639 0.6000000238
8102  -29.449  -66.401  -36.814 0.6999999881
143899  -28.930  -67.901  -37.123 0.6999999881
5291  -32.574  -71.497  -35.576 0.6000000238
4738  -32.070  -71.878  -35.191 0.6000000238
4721  -30.908  -71.859  -34.023 0.5000000000
10138  -26.852  -64.382  -34.863 0.6999999881
9477  -26.770  -64.898  -36.054 0.6000000238
9482  -27.090  -65.027  -36.190 0.6000000238
8767  -28.250  -65.474  -36.597 0.6000000238
136096  -28.082  -66.927  -37.179 0.6999999881
6988  -28.793  -68.746  -37.206 0.6999999881
151285  -31.954  -72.232  -34.106 0.5000000000
6385  -32.037  -68.964  -26.557 0.3000000119
10137  -25.963  -64.348  -35.164 0.6999999881
9476  -26.005  -64.900  -35.951 0.6999999881
8099  -26.789  -66.217  -37.017 0.6000000238
7542  -27.231  -66.968  -37.279 0.6000000238
150496  -28.307  -70.187  -37.249 0.6999999881
5280  -33.020  -72.106  -34.991 0.5000000000
5281  -33.831  -71.963  -34.706 0.5000000000
8758  -25.783  -65.196  -36.250 0.6000000238
8098  -25.835  -66.239  -37.072 0.6000000238
6999  -27.433  -68.353  -37.645 0.6000000238
5941  -27.868  -69.806  -37.431 0.6000000238
135423  -27.923  -70.667  -37.277 0.6000000238
5293  -34.212  -71.425  -35.162 0.5000000000
5836  -34.862  -70.579  -27.335 0.3000000119
132015  -24.722  -64.703  -35.851 0.6999999881
8757  -25.021  -65.228  -36.271 0.6000000238
8765  -26.398  -65.526  -36.600 0.6000000238
7541  -26.269  -67.048  -37.390 0.6000000238
7547  -26.090  -67.823  -37.745 0.5000000000
6998  -26.615  -68.465  -37.828 0.5000000000
5954  -26.290  -70.774  -37.780 0.5000000000
5322  -27.769  -71.408  -37.121 0.5000000000
5283  -35.200  -71.286  -34.226 0.5000000000
6441  -37.531  -69.437  -33.591 0.3000000119
5885  -37.146  -69.878  -32.455 0.3000000119
5878  -36.544  -70.083  -32.116 0.3000000119
147824  -36.502  -69.726  -30.420 0.4000000060
6416  -35.960  -69.710  -29.995 0.4000000060
5334  -26.520  -71.504  -37.522 0.5000000000
6440  -36.955  -69.736  -34.041 0.3000000119
5893  -36.316  -70.472  -33.555 0.3000000119
140455  -36.168  -69.923  -31.440 0.4000000060
9456  -29.811  -64.408  -35.163 0.5000000000
8744  -29.965  -64.635  -35.838 0.5000000000
8728  -30.601  -65.691  -35.116 0.5000000000
8746  -30.788  -66.347  -35.656 0.5000000000
8709  -28.258  -64.691  -33.315 0.5000000000
9443  -28.877  -64.396  -34.162 0.5000000000
9455  -28.629  -64.186  -34.978 0.5000000000
8745  -30.425  -65.404  -35.775 0.5000000000
8763  -30.610  -66.313  -36.120 0.5000000000
8092  -32.710  -67.829  -36.094 0.6000000238
133310  -32.621  -68.251  -36.377 0.6000000238
132077  -27.968  -64.371  -34.239 0.5000000000
6464  -32.453  -68.833  -36.637 0.6000000238
5930  -32.574  -70.018  -36.442 0.8000000119
6893  -32.691  -68.354  -22.388 0.3000000119
143953  -26.263  -64.493  -33.639 0.6000000238
9453  -26.086  -64.274  -34.504 0.6000000238
9454  -27.732  -64.231  -35.061 0.6000000238
6971  -33.315  -68.604  -36.357 0.4000000060
6355  -32.506  -68.540  -23.254 0.3000000119
134524  -25.111  -64.063  -34.599 0.6999999881
5931  -33.615  -70.166  -36.123 0.5000000000
5307  -32.117  -70.840  -36.132 0.6000000238
153903  -33.281  -69.294  -24.982 0.3000000119
6378  -33.221  -69.356  -25.661 0.3000000119
137626  -24.300  -64.091  -34.219 0.6999999881
6454  -34.707  -69.669  -35.792 0.4000000060
5825  -33.943  -70.003  -26.127 0.3000000119
9452  -24.416  -64.095  -34.928 0.6000000238
9469  -24.958  -64.245  -35.334 0.6999999881
5918  -34.413  -70.553  -35.595 0.4000000060
5846  -35.214  -70.142  -28.252 0.3000000119
9451  -23.651  -64.336  -34.714 0.6000000238
9468  -24.200  -64.397  -35.420 0.6999999881
8764  -25.410  -65.683  -36.676 0.6000000238
134559  -25.419  -66.977  -37.314 0.5000000000
7540  -25.247  -67.802  -37.633 0.5000000000
134697  -26.971  -70.110  -37.634 0.6000000238
5919  -35.221  -70.281  -35.280 0.4000000060
152026  -35.479  -70.800  -34.693 0.4000000060
6942  -38.444  -68.201  -34.324 0.3000000119
6442  -38.261  -68.878  -33.505 0.3000000119
6426  -37.796  -69.490  -32.019 0.3000000119
148298  -36.933  -69.645  -31.048 0.4000000060
156590  -24.705  -65.663  -36.626 0.6000000238
139462  -24.597  -67.168  -37.319 0.5000000000
6986  -24.271  -68.023  -37.604 0.5000000000
6997  -25.750  -68.556  -37.939 0.5000000000
140522  -25.917  -70.015  -37.960 0.5000000000
5953  -25.398  -70.621  -38.094 0.6000000238
5333  -25.681  -71.315  -37.893 0.5000000000
6449  -36.537  -69.712  -34.585 0.3000000119
6951  -36.990  -68.908  -34.801 0.3000000119
138615  -24.089  -66.668  -37.126 0.5000000000
6996  -24.833  -68.690  -37.942 0.5000000000
5952  -24.578  -70.430  -38.295 0.5000000000
152423  -23.327  -70.330  -38.351 0.5000000000
8688  -29.524  -65.211  -32.983 0.5000000000
8710  -29.047  -64.769  -33.395 0.5000000000
8037  -30.761  -66.296  -34.376 0.5000000000
140963  -31.475  -66.860  -34.538 0.5000000000
8053  -31.484  -67.049  -35.380 0.5000000000
9430  -27.198  -64.668  -33.299 0.5000000000
8711  -29.740  -64.739  -34.200 0.5000000000
8069  -32.499  -67.441  -35.677 0.4000000060
8070  -33.706  -67.468  -35.708 0.4000000060
6875  -32.661  -68.603  -21.694 0.3000000119
6887  -33.320  -67.998  -21.885 0.3000000119
9429  -26.273  -64.739  -32.725 0.6000000238
7512  -33.671  -67.909  -36.075 0.4000000060
9427  -24.851  -64.370  -32.891 0.6000000238
9442  -25.441  -64.282  -33.760 0.6000000238
6368  -32.914  -68.773  -24.312 0.3000000119
6369  -33.952  -69.428  -24.578 0.3000000119
158077  -24.295  -64.210  -33.474 0.6000000238
6467  -34.734  -68.883  -35.989 0.4000000060
9426  -23.912  -64.388  -32.884 0.6000000238
6959  -35.817  -68.108  -35.597 0.4000000060
6455  -35.563  -69.130  -35.556 0.4000000060
5826  -34.682  -70.786  -26.479 0.3000000119
9440  -23.656  -64.334  -33.721 0.6999999881
6456  -36.309  -69.290  -35.045 0.3000000119
6952  -37.751  -68.038  -34.876 0.3000000119
8712  -30.107  -65.451  -33.398 0.5000000000
138671  -30.377  -65.410  -34.317 0.5000000000
8038  -31.270  -66.595  -33.630 0.5000000000
8039  -32.235  -66.850  -33.817 0.4000000060
8054  -32.503  -67.057  -34.855 0.4000000060
8686  -27.711  -64.920  -32.420 0.6000000238
8071  -34.724  -67.007  -35.402 0.4000000060
6895  -34.192  -68.141  -23.261 0.3000000119
6894  -33.314  -68.125  -22.833 0.3000000119
139626  -24.256  -64.420  -32.095 0.6000000238
7513  -34.604  -67.412  -35.662 0.4000000060
7529  -34.618  -67.807  -35.874 0.4000000060
7514  -35.559  -67.406  -35.557 0.4000000060
7515  -36.506  -67.566  -35.434 0.4000000060
6961  -37.070  -67.985  -35.252 0.3000000119
7503  -37.494  -67.013  -35.290 0.3000000119
9439  -22.870  -64.576  -34.042 0.6000000238
8689  -30.110  -65.570  -32.434 0.5000000000
8713  -31.041  -66.231  -32.799 0.5000000000
8023  -31.924  -66.482  -32.865 0.4000000060
8024  -32.955  -66.564  -33.018 0.4000000060
8687  -28.710  -65.050  -32.428 0.5000000000
8714  -34.034  -66.432  -33.248 0.4000000060
8685  -26.898  -64.913  -32.361 0.6000000238
8668  -28.049  -65.113  -31.587 0.6000000238
156074  -28.811  -65.209  -31.490 0.6000000238
8041  -34.493  -66.548  -34.280 0.4000000060
9428  -25.510  -64.619  -32.273 0.6000000238
8667  -27.155  -65.057  -31.646 0.6000000238
8715  -35.482  -66.183  -34.430 0.4000000060
138831  -35.696  -66.516  -35.104 0.4000000060
144774  -24.896  -64.469  -31.957 0.6000000238
8072  -35.994  -66.750  -35.300 0.4000000060
8057  -36.628  -66.147  -35.161 0.4000000060
8073  -36.618  -66.749  -35.335 0.4000000060
8730  -37.257  -65.446  -34.957 0.4000000060
5816  -33.924  -69.926  -25.349 0.3000000119
6370  -35.018  -69.884  -24.502 0.3000000119
8058  -37.422  -66.025  -35.245 0.4000000060
5214  -35.086  -71.701  -26.075 0.3000000119
5807  -34.660  -70.438  -25.071 0.3000000119
133504  -23.417  -64.526  -32.181 0.6000000238
152465  -22.983  -64.566  -33.055 0.6000000238
157329  -21.934  -65.302  -31.366 0.6999999881
9393  -22.869  -64.917  -30.395 0.6999999881
134008  -22.691  -64.756  -32.284 0.6000000238
8648  -22.237  -65.254  -30.590 0.6999999881
153657  -23.175  -64.854  -29.863 0.6999999881
9369  -23.022  -65.014  -29.078 0.6000000238
8647  -21.384  -65.558  -30.851 0.6999999881
8629  -21.618  -65.445  -29.820 0.6999999881
145465  -30.820  -65.715  -32.148 0.5000000000
8690  -31.633  -65.917  -32.085 0.5000000000
8669  -29.577  -65.316  -31.839 0.5000000000
8670  -30.552  -65.256  -31.557 0.5000000000
8673  -33.126  -65.411  -31.544 0.5000000000
8692  -33.576  -66.087  -32.275 0.4000000060
150453  -28.410  -65.250  -30.767 0.6000000238
146627  -29.302  -65.215  -30.875 0.6000000238
8651  -30.015  -65.146  -31.094 0.6000000238
9415  -31.261  -64.634  -31.111 0.6000000238
142013  -35.060  -66.079  -33.519 0.4000000060
8666  -26.207  -64.862  -31.752 0.6000000238
9398  -30.031  -64.887  -30.289 0.6000000238
9414  -25.332  -64.594  -31.429 0.6000000238
9397  -25.835  -64.751  -30.975 0.6000000238
8631  -26.931  -65.178  -30.138 0.6000000238
8632  -27.868  -65.269  -29.996 0.6000000238
8633  -28.928  -65.169  -29.869 0.6000000238
8729  -36.409  -65.779  -34.672 0.4000000060
8696  -37.540  -65.212  -33.512 0.4000000060
9396  -25.182  -64.509  -30.512 0.6000000238
138328  -26.048  -64.850  -30.278 0.6000000238
9374  -28.183  -65.179  -29.118 0.6000000238
9351  -29.370  -64.590  -28.352 0.6000000238
8717  -36.945  -65.222  -34.170 0.4000000060
8026  -38.146  -65.634  -32.763 0.4000000060
9413  -24.532  -64.444  -31.258 0.6000000238
9372  -26.391  -65.056  -29.450 0.6000000238
9373  -27.285  -65.223  -29.299 0.6000000238
9350  -28.468  -64.870  -28.198 0.6000000238
9329  -29.705  -64.095  -27.716 0.6999999881
9412  -23.795  -64.478  -31.545 0.6999999881
9395  -24.315  -64.429  -30.412 0.6000000238
9371  -24.774  -64.415  -29.676 0.6000000238
9347  -25.904  -64.927  -28.747 0.6000000238
145853  -29.038  -64.442  -27.639 0.6000000238
137184  -29.827  -63.540  -27.254 0.6000000238
10708  -30.542  -62.227  -27.162 0.6000000238
149809  -27.770  -64.925  -27.793 0.6000000238
10050  -29.184  -63.892  -26.932 0.6000000238
152478  -29.988  -62.536  -26.760 0.6000000238
9370  -23.898  -64.589  -29.592 0.6000000238
9346  -25.129  -64.567  -28.889 0.6000000238
9326  -26.371  -65.024  -27.805 0.5000000000
9327  -27.276  -64.876  -27.161 0.6000000238
10035  -29.637  -63.124  -26.702 0.6000000238
137935  -25.413  -64.840  -28.055 0.5000000000
139350  -20.811  -65.650  -30.226 0.6999999881
135620  -21.477  -65.487  -28.789 0.6999999881
8614  -22.281  -65.297  -28.390 0.5000000000
9323  -23.938  -64.865  -27.737 0.6000000238
9325  -25.677  -64.886  -27.153 0.5000000000
139511  -26.463  -64.907  -26.923 0.5000000000
9324  -24.781  -64.834  -27.424 0.6000000238
12158  -21.638  -60.543  -28.662 0.6000000238
11458  -21.579  -61.339  -28.170 0.6000000238
10739  -21.121  -62.102  -28.588 0.6000000238
8672  -32.256  -65.238  -31.586 0.5000000000
9416  -32.035  -64.389  -31.281 0.5000000000
8674  -34.051  -65.527  -31.637 0.5000000000
8693  -34.573  -66.011  -32.526 0.4000000060
9399  -30.945  -64.338  -30.531 0.5000000000
10086  -31.943  -63.138  -30.281 0.5000000000
143446  -35.549  -65.817  -32.185 0.4000000060
8676  -35.748  -66.000  -31.360 0.4000000060
9377  -31.333  -63.754  -30.188 0.5000000000
143080  -31.973  -62.688  -29.723 0.5000000000
8716  -35.973  -65.559  -33.829 0.4000000060
136275  -36.293  -65.825  -32.164 0.4000000060
8025  -37.137  -65.676  -32.473 0.4000000060
9352  -30.237  -64.148  -28.572 0.5000000000
155361  -30.742  -63.827  -29.050 0.5000000000
9376  -30.638  -64.214  -29.599 0.5000000000
8695  -36.418  -65.452  -33.084 0.4000000060
10051  -30.356  -63.553  -27.814 0.6000000238
10069  -30.863  -63.426  -28.605 0.6000000238
10052  -30.994  -62.733  -27.890 0.5000000000
11440  -30.574  -61.445  -27.199 0.4000000060
11441  -31.012  -61.072  -27.655 0.4000000060
12145  -31.108  -60.438  -27.973 0.4000000060
10707  -29.413  -62.491  -26.367 0.6000000238
11416  -29.945  -61.831  -26.649 0.6000000238
12866  -29.923  -60.021  -27.735 0.5000000000
12867  -30.590  -59.983  -27.941 0.4000000060
12882  -31.203  -59.660  -28.435 0.4000000060
13590  -30.912  -58.992  -28.978 0.4000000060
154373  -19.677  -66.282  -30.951 0.6999999881
9310  -28.514  -63.962  -26.401 0.6000000238
11439  -29.413  -61.208  -26.680 0.5000000000
12881  -30.229  -59.427  -28.456 0.4000000060
9307  -26.035  -64.758  -26.290 0.5000000000
9308  -26.927  -64.619  -26.290 0.5000000000
145459  -29.145  -61.830  -26.243 0.5000000000
12164  -29.259  -60.325  -27.698 0.5000000000
12880  -29.334  -59.891  -28.354 0.4000000060
12893  -29.437  -59.298  -29.224 0.4000000060
8615  -23.115  -65.030  -28.071 0.6000000238
10025  -28.186  -62.891  -25.536 0.5000000000
12877  -21.152  -58.966  -28.006 0.6999999881
12863  -21.675  -59.621  -27.420 0.6000000238
12845  -21.636  -59.459  -26.382 0.6999999881
11435  -21.730  -61.308  -27.161 0.6000000238
12833  -21.737  -59.619  -25.427 0.6000000238
10723  -21.195  -62.098  -27.495 0.6000000238
153267  -21.789  -61.218  -26.109 0.6000000238
11400  -21.997  -60.331  -25.816 0.6000000238
12108  -22.033  -60.208  -25.039 0.6000000238
12088  -22.335  -60.293  -23.445 0.6000000238
133403  -20.596  -62.846  -27.838 0.5000000000
10705  -21.239  -62.031  -26.408 0.6000000238
11387  -21.859  -61.092  -24.934 0.6000000238
12098  -22.092  -60.389  -24.286 0.6000000238
10068  -19.838  -63.563  -28.097 0.5000000000
10695  -21.285  -62.005  -25.291 0.5000000000
11375  -22.095  -61.290  -23.787 0.5000000000
9401  -32.625  -63.638  -31.089 0.5000000000
8675  -34.735  -65.622  -31.308 0.5000000000
137693  -19.942  -63.413  -27.106 0.5000000000
10722  -20.488  -62.863  -26.610 0.5000000000
10683  -20.728  -62.819  -24.618 0.5000000000
132556  -21.447  -62.178  -24.171 0.5000000000
10101  -32.528  -63.160  -30.725 0.5000000000
7999  -36.281  -66.130  -30.456 0.4000000060
7992  -37.065  -66.175  -30.081 0.4000000060
10067  -19.038  -64.171  -27.860 0.5000000000
10049  -19.548  -63.613  -26.117 0.5000000000
10022  -20.079  -63.356  -24.927 0.6000000238
10684  -20.993  -63.051  -23.962 0.6000000238
8011  -36.733  -66.098  -31.505 0.4000000060
9322  -18.447  -64.622  -26.435 0.6000000238
9304  -18.883  -64.339  -25.766 0.6000000238
9266  -19.772  -63.905  -24.722 0.6999999881
10085  -31.286  -63.394  -29.499 0.4000000060
10070  -31.499  -62.707  -28.941 0.5000000000
7988  -16.136  -66.704  -29.153 0.6000000238
142562  -31.632  -62.159  -28.432 0.5000000000
11460  -32.238  -60.846  -28.705 0.4000000060
7472  -16.944  -67.559  -29.450 0.6000000238
11459  -31.566  -61.006  -28.159 0.4000000060
7997  -18.264  -67.268  -29.920 0.6000000238
7991  -19.530  -66.221  -29.143 0.6000000238
12895  -31.689  -59.123  -29.017 0.4000000060
8613  -21.378  -65.587  -27.706 0.6000000238
8628  -20.573  -65.726  -29.247 0.6999999881
8604  -23.219  -65.102  -27.125 0.6000000238
9305  -24.149  -64.932  -26.036 0.6000000238
9306  -24.992  -64.822  -26.394 0.5000000000
9290  -26.510  -64.349  -25.583 0.5000000000
12862  -21.111  -58.815  -27.111 0.6999999881
12832  -21.205  -59.083  -25.696 0.6999999881
12823  -21.175  -59.131  -24.906 0.6000000238
12824  -21.777  -59.689  -24.584 0.6000000238
12810  -21.224  -59.262  -23.858 0.6000000238
147517  -21.888  -59.801  -23.866 0.6000000238
12812  -22.338  -59.784  -22.829 0.6999999881
12072  -22.743  -60.416  -22.819 0.6000000238
10103  -33.629  -63.479  -30.611 0.5000000000
9403  -33.812  -64.292  -30.772 0.5000000000
9418  -33.472  -64.755  -31.059 0.5000000000
8652  -34.304  -65.065  -30.555 0.5000000000
149465  -22.507  -60.992  -23.174 0.6000000238
12073  -23.422  -60.420  -22.596 0.5000000000
9378  -34.096  -64.155  -30.091 0.5000000000
8653  -35.146  -65.719  -30.489 0.5000000000
8635  -35.569  -65.687  -29.645 0.4000000060
10669  -21.650  -62.851  -23.594 0.6000000238
11362  -22.988  -61.144  -22.767 0.5000000000
7971  -16.428  -66.353  -28.313 0.6000000238
9342  -16.944  -65.340  -28.044 0.4000000060
9321  -17.984  -64.962  -26.799 0.6000000238
9267  -20.005  -64.289  -24.544 0.6000000238
9993  -21.214  -63.704  -23.782 0.6000000238
10670  -22.474  -62.561  -23.155 0.6000000238
10087  -32.748  -62.560  -30.133 0.4000000060
7972  -17.570  -66.080  -27.512 0.5000000000
8599  -18.166  -65.420  -26.722 0.5000000000
8585  -18.591  -65.197  -25.998 0.6000000238
8572  -18.951  -64.869  -25.563 0.6999999881
8567  -20.551  -64.685  -24.434 0.6000000238
9268  -21.210  -64.398  -23.962 0.6000000238
9994  -22.219  -63.476  -23.481 0.6000000238
10740  -32.252  -62.074  -29.242 0.5000000000
7467  -16.654  -67.139  -28.764 0.6000000238
8600  -18.723  -65.528  -26.435 0.6000000238
139413  -19.127  -65.282  -25.690 0.6000000238
9269  -22.076  -64.581  -24.054 0.6000000238
9995  -23.132  -63.822  -23.545 0.6000000238
10672  -24.593  -62.548  -23.026 0.6000000238
7981  -17.643  -66.679  -27.874 0.5000000000
7973  -18.229  -66.049  -27.177 0.6000000238
8586  -20.118  -65.484  -25.662 0.6000000238
9286  -22.514  -65.057  -24.759 0.6000000238
10007  -23.880  -64.055  -23.895 0.6000000238
7989  -17.934  -67.096  -28.668 0.6000000238
7982  -18.658  -66.455  -28.071 0.6000000238
7974  -19.138  -65.898  -27.191 0.6000000238
8587  -21.242  -65.650  -25.897 0.6000000238
8575  -21.871  -65.403  -25.291 0.6000000238
8588  -22.387  -65.425  -26.345 0.6000000238
8603  -22.358  -65.328  -27.432 0.6000000238
9289  -25.599  -64.547  -25.518 0.5000000000
10023  -26.893  -63.782  -25.086 0.5000000000
140730  -20.339  -58.302  -26.844 0.6999999881
13548  -20.457  -58.614  -25.412 0.6999999881
14337  -18.896  -57.488  -26.865 0.6999999881
13557  -19.662  -58.095  -25.615 0.6999999881
150784  -20.169  -58.342  -26.148 0.6999999881
13534  -20.459  -58.706  -24.357 0.6999999881
13522  -20.474  -58.713  -23.362 0.6000000238
12796  -21.154  -59.072  -22.808 0.6000000238
13510  -22.493  -58.534  -21.963 0.5000000000
12797  -21.965  -59.227  -22.422 0.6999999881
147444  -23.435  -58.839  -22.252 0.5000000000
12799  -23.854  -59.655  -22.472 0.5000000000
155470  -33.837  -63.407  -30.177 0.4000000060
9353  -34.500  -64.556  -28.916 0.5000000000
9354  -35.366  -64.898  -28.379 0.5000000000
8616  -35.111  -65.260  -29.038 0.5000000000
9355  -36.329  -64.941  -28.255 0.4000000060
10088  -33.505  -62.873  -30.173 0.4000000060
133152  -34.367  -63.801  -28.433 0.4000000060
11363  -23.756  -61.173  -22.584 0.6000000238
140369  -23.683  -62.626  -22.899 0.6000000238
10658  -24.140  -61.884  -22.720 0.6000000238
9997  -25.099  -63.123  -23.527 0.6000000238
11364  -24.975  -61.729  -22.849 0.6000000238
9287  -23.585  -64.948  -25.244 0.6000000238
9271  -24.214  -64.427  -24.572 0.6000000238
10673  -25.371  -62.257  -23.331 0.6000000238
8576  -22.781  -65.274  -25.564 0.6000000238
10008  -24.735  -63.880  -23.973 0.5000000000
9288  -24.636  -64.694  -25.414 0.6000000238
9272  -25.201  -64.265  -24.713 0.5000000000
9273  -26.114  -64.069  -24.877 0.5000000000
14320  -18.163  -57.403  -26.051 0.6999999881
14309  -18.352  -57.547  -24.975 0.6999999881
14310  -19.065  -57.814  -24.893 0.6999999881
13547  -19.746  -58.223  -24.706 0.6999999881
13533  -19.778  -58.284  -23.756 0.6000000238
13508  -20.612  -58.494  -22.511 0.4000000060
14319  -17.194  -57.418  -25.906 0.6999999881
14296  -18.431  -57.577  -24.010 0.6000000238
14282  -19.159  -57.868  -23.086 0.6000000238
13500  -21.880  -57.905  -21.671 0.5000000000
152918  -15.434  -57.806  -24.990 0.6999999881
14307  -16.575  -57.510  -24.784 0.6999999881
14268  -22.717  -57.437  -21.658 0.5000000000
14306  -14.274  -58.185  -25.332 0.6999999881
13511  -23.232  -58.119  -21.950 0.5000000000
144718  -13.722  -58.084  -24.706 0.6000000238
15009  -13.325  -56.966  -24.423 0.6000000238
15783  -13.276  -56.221  -24.860 0.6000000238
15809  -12.717  -55.226  -27.265 0.5000000000
16559  -14.279  -55.047  -27.507 0.5000000000
9330  -34.912  -64.211  -28.015 0.4000000060
9331  -35.792  -64.341  -27.784 0.4000000060
10674  -25.971  -61.883  -23.754 0.6000000238
14266  -19.485  -57.420  -22.321 0.5000000000
14267  -20.277  -57.918  -22.113 0.5000000000
133292  -17.154  -57.280  -24.209 0.6000000238
14295  -17.771  -57.323  -24.100 0.6000000238
14281  -18.533  -57.451  -23.189 0.6000000238
149636  -19.065  -56.734  -22.438 0.6000000238
14253  -20.252  -57.105  -21.740 0.5000000000
14254  -21.033  -57.678  -21.693 0.5000000000
14255  -21.768  -57.146  -21.524 0.5000000000
14293  -15.763  -57.541  -23.982 0.6999999881
14294  -16.547  -57.225  -23.821 0.6000000238
15013  -17.265  -56.816  -23.733 0.6000000238
15014  -17.960  -57.067  -23.350 0.6000000238
15762  -18.920  -55.499  -22.856 0.6000000238
155869  -23.785  -56.376  -21.937 0.5000000000
14292  -14.584  -57.709  -24.137 0.6999999881
14280  -16.002  -57.127  -23.619 0.6000000238
15772  -16.298  -55.922  -23.860 0.6000000238
15760  -17.918  -55.587  -23.613 0.6000000238
15761  -18.353  -55.594  -23.205 0.6000000238
145898  -14.013  -57.151  -24.044 0.6000000238
15771  -15.403  -55.911  -23.884 0.6000000238
15786  -15.980  -55.232  -24.481 0.6000000238
15788  -17.857  -55.069  -24.440 0.6000000238
15784  -14.163  -55.716  -24.754 0.6000000238
16531  -15.628  -54.894  -25.337 0.6000000238
16532  -16.558  -54.781  -25.250 0.6000000238
152951  -17.386  -54.830  -25.165 0.6000000238
15798  -13.540  -55.537  -25.738 0.5000000000
16543  -14.375  -55.123  -26.470 0.5000000000
16544  -15.281  -54.911  -26.252 0.5000000000
16545  -16.194  -54.659  -26.167 0.6000000238
16546  -17.283  -54.560  -26.157 0.6000000238
10055  -35.358  -63.669  -27.392 0.4000000060
16575  -13.324  -54.647  -28.817 0.5000000000
152764  -14.981  -54.981  -27.036 0.5000000000
16560  -16.673  -54.632  -27.091 0.6000000238
16561  -17.622  -54.572  -27.282 0.6000000238
151288  -13.884  -54.564  -29.580 0.5000000000
16577  -15.356  -54.903  -29.000 0.5000000000
132673  -15.139  -54.966  -27.915 0.4000000060
132195  -16.159  -54.790  -28.103 0.5000000000
132456  -17.050  -54.687  -27.888 0.6000000238
14985  -20.413  -56.324  -21.660 0.6000000238
15740  -21.763  -55.594  -21.508 0.5000000000
14986  -21.718  -56.306  -21.472 0.5000000000
15750  -20.246  -55.599  -21.868 0.6000000238
134772  -21.010  -55.796  -21.521 0.5000000000
14987  -23.405  -56.011  -21.661 0.5000000000
138236  -19.368  -54.814  -23.139 0.6999999881
154855  -20.373  -54.184  -22.592 0.6999999881
15774  -18.461  -54.924  -23.995 0.6000000238
16517  -19.605  -54.269  -23.815 0.6999999881
16522  -18.659  -54.549  -25.009 0.6000000238
16523  -19.158  -54.422  -24.444 0.6999999881
16533  -18.144  -54.617  -25.584 0.6000000238
17304  -19.344  -54.020  -25.366 0.6999999881
16547  -18.263  -54.416  -26.627 0.6000000238
16534  -18.767  -54.214  -26.005 0.6999999881
17356  -13.772  -53.213  -30.062 0.5000000000
132547  -14.725  -54.652  -29.941 0.5000000000
136133  -16.196  -54.836  -29.132 0.4000000060
16578  -17.804  -54.605  -28.275 0.6000000238
16562  -18.424  -54.316  -27.617 0.6000000238
157691  -14.733  -54.137  -30.629 0.5000000000
16598  -16.769  -54.800  -29.804 0.4000000060
138007  -17.854  -54.611  -29.450 0.5000000000
153357  -22.498  -55.900  -21.501 0.5000000000
135438  -22.224  -54.992  -21.535 0.5000000000
15739  -20.763  -55.105  -21.788 0.6000000238
16501  -20.933  -54.328  -21.967 0.5000000000
16503  -22.773  -54.130  -21.547 0.5000000000
17288  -20.178  -53.710  -23.289 0.6999999881
17296  -19.967  -53.524  -24.256 0.6000000238
16548  -18.868  -54.032  -26.954 0.6999999881
18108  -19.829  -53.430  -25.055 0.6000000238
17317  -19.264  -53.428  -27.228 0.6000000238
17363  -16.139  -53.995  -31.281 0.5000000000
16612  -17.409  -54.498  -30.528 0.4000000060
16579  -18.665  -54.214  -28.656 0.6000000238
17371  -16.824  -53.383  -31.609 0.4000000060
17364  -17.073  -54.101  -31.272 0.4000000060
17366  -18.587  -53.740  -30.833 0.5000000000
16599  -18.697  -54.194  -29.594 0.5000000000
17279  -20.741  -53.596  -22.540 0.6000000238
17271  -22.160  -53.394  -21.701 0.5000000000
18085  -20.619  -53.011  -23.024 0.6000000238
18075  -21.808  -52.770  -22.117 0.5000000000
18098  -20.418  -52.830  -23.770 0.6000000238
137047  -20.266  -52.670  -24.752 0.6000000238
18962  -21.471  -51.390  -23.737 0.5000000000
18109  -20.259  -52.236  -25.416 0.6000000238
143910  -19.552  -52.902  -26.629 0.6999999881
18122  -19.973  -52.336  -26.041 0.5000000000
16580  -19.226  -53.682  -28.536 0.6000000238
17344  -19.500  -53.158  -28.869 0.5000000000
18168  -18.246  -52.752  -31.576 0.4000000060
17358  -19.501  -53.164  -29.698 0.5000000000
23481  -11.867  -45.912  -25.166 0.4000000060
154860  -12.270  -45.619  -25.523 0.3000000119
24397  -12.310  -45.493  -26.281 0.4000000060
18087  -22.169  -52.042  -22.327 0.5000000000
22604  -12.345  -46.773  -27.145 0.3000000119
23519  -12.650  -45.859  -27.093 0.4000000060
18961  -20.774  -51.940  -24.180 0.5000000000
18950  -22.535  -51.180  -22.669 0.5000000000
139724  -13.869  -47.898  -27.799 0.3000000119
148184  -13.007  -46.539  -27.470 0.4000000060
18971  -20.656  -51.730  -25.062 0.5000000000
21706  -15.233  -48.503  -28.418 0.3000000119
18133  -19.918  -52.034  -26.882 0.6000000238
18141  -19.702  -52.525  -28.412 0.6999999881
18142  -19.985  -51.744  -27.800 0.6000000238
18161  -19.285  -52.526  -30.847 0.5000000000
18150  -19.772  -52.531  -29.310 0.5000000000
19011  -19.899  -51.823  -29.827 0.4000000060
133698  -20.177  -51.111  -28.404 0.4000000060
22571  -13.335  -47.482  -24.413 0.3000000119
132664  -12.538  -46.567  -24.677 0.3000000119
23496  -13.631  -45.827  -25.319 0.3000000119
24398  -12.815  -45.043  -26.538 0.3000000119
24409  -12.936  -45.145  -27.067 0.4000000060
18963  -22.049  -51.035  -23.346 0.5000000000
144755  -14.757  -46.890  -28.086 0.4000000060
24419  -14.051  -45.240  -27.913 0.4000000060
19826  -22.059  -50.622  -24.199 0.5000000000
22615  -15.629  -47.435  -28.431 0.4000000060
23542  -16.261  -46.595  -28.741 0.4000000060
18984  -21.057  -50.984  -25.518 0.5000000000
19852  -21.728  -50.426  -25.211 0.5000000000
21710  -16.146  -48.363  -28.979 0.4000000060
19860  -20.420  -51.114  -26.883 0.5000000000
153362  -20.340  -50.940  -27.558 0.5000000000
19029  -18.285  -51.554  -31.770 0.3000000119
19895  -19.521  -50.919  -31.096 0.4000000060
19012  -20.046  -51.123  -29.415 0.4000000060
19869  -20.475  -50.432  -27.909 0.4000000060
21666  -14.066  -48.964  -23.734 0.3000000119
23482  -13.503  -46.669  -24.891 0.3000000119
25257  -13.308  -44.561  -26.302 0.4000000060
25287  -13.900  -44.131  -27.280 0.4000000060
139018  -25.068  -51.196  -22.285 0.4000000060
25298  -14.337  -44.480  -27.894 0.4000000060
19816  -24.234  -50.599  -22.498 0.4000000060
23531  -15.299  -46.340  -28.359 0.4000000060
24420  -14.929  -45.325  -28.323 0.4000000060
19814  -22.531  -50.604  -23.405 0.4000000060
141931  -16.667  -45.879  -28.935 0.4000000060
133104  -21.401  -50.405  -25.954 0.5000000000
22624  -16.636  -47.485  -29.174 0.4000000060
21718  -18.113  -48.572  -30.768 0.3000000119
19861  -21.464  -50.074  -26.288 0.5000000000
20824  -19.555  -50.002  -31.062 0.3000000119
22572  -14.279  -47.537  -24.647 0.3000000119
23483  -14.492  -46.743  -25.071 0.3000000119
24384  -13.785  -44.924  -25.704 0.3000000119
25258  -14.066  -44.253  -26.146 0.4000000060
26146  -14.373  -43.620  -27.088 0.4000000060
142650  -15.476  -42.829  -27.848 0.3000000119
153354  -14.906  -44.025  -28.061 0.4000000060
19818  -25.893  -50.810  -22.520 0.4000000060
19828  -27.673  -50.620  -23.147 0.4000000060
25309  -15.543  -44.131  -28.484 0.4000000060
20753  -23.964  -49.875  -22.957 0.4000000060
19827  -22.821  -50.113  -23.971 0.4000000060
23543  -17.132  -46.702  -29.339 0.3000000119
19838  -22.403  -49.991  -24.863 0.4000000060
21711  -16.868  -48.231  -29.635 0.3000000119
22632  -17.600  -47.600  -29.979 0.3000000119
21719  -18.712  -48.465  -30.738 0.3000000119
19878  -20.201  -50.420  -28.876 0.4000000060
22557  -15.820  -48.347  -23.977 0.3000000119
24385  -14.887  -44.814  -25.702 0.4000000060
26134  -15.144  -43.352  -26.436 0.4000000060
26147  -14.940  -43.190  -26.925 0.4000000060
19829  -28.296  -50.818  -23.676 0.4000000060
147840  -27.069  -49.999  -22.820 0.4000000060
26186  -15.933  -43.617  -28.585 0.4000000060
20755  -25.570  -49.819  -22.675 0.4000000060
24431  -16.971  -45.247  -29.147 0.4000000060
20770  -23.524  -49.618  -23.727 0.4000000060
20772  -24.932  -49.272  -22.833 0.4000000060
23544  -17.459  -46.011  -29.460 0.3000000119
19839  -22.950  -49.678  -24.498 0.4000000060
23555  -18.768  -46.595  -29.949 0.3000000119
19853  -21.980  -49.869  -25.662 0.5000000000
144725  -18.295  -47.908  -30.470 0.3000000119
22634  -18.868  -47.603  -30.329 0.3000000119
156650  -21.832  -49.713  -26.114 0.5000000000
20825  -19.801  -49.482  -30.457 0.3000000119
20804  -20.801  -49.743  -27.503 0.4000000060
19896  -19.850  -50.346  -30.720 0.4000000060
22574  -16.244  -47.507  -24.457 0.3000000119
144577  -15.989  -42.337  -28.007 0.3000000119
154565  -16.428  -42.237  -28.475 0.3000000119
147494  -28.324  -49.958  -23.591 0.4000000060
25310  -16.505  -44.339  -28.947 0.3000000119
137506  -26.362  -50.151  -22.699 0.4000000060
147751  -27.696  -49.820  -23.126 0.3000000119
144382  -17.315  -44.792  -29.377 0.3000000119
20771  -24.292  -49.328  -23.231 0.4000000060
20756  -26.447  -49.351  -22.721 0.4000000060
24445  -19.014  -45.910  -29.774 0.3000000119
23556  -19.125  -46.948  -29.983 0.3000000119
20791  -22.936  -49.004  -25.113 0.4000000060
22635  -19.284  -47.757  -30.226 0.3000000119
22616  -19.963  -47.868  -29.272 0.3000000119
136428  -20.260  -48.708  -28.807 0.3000000119
21700  -21.223  -49.209  -26.927 0.3000000119
26188  -17.325  -43.164  -29.469 0.3000000119
27970  -17.644  -41.267  -29.302 0.3000000119
25319  -18.142  -43.843  -29.794 0.3000000119
20757  -27.333  -49.291  -22.896 0.3000000119
139659  -25.560  -48.973  -22.744 0.4000000060
21655  -26.964  -48.738  -22.749 0.4000000060
24433  -19.125  -45.361  -29.673 0.3000000119
20784  -23.895  -48.885  -23.852 0.4000000060
21668  -24.720  -48.637  -23.177 0.4000000060
22626  -19.328  -47.224  -29.967 0.3000000119
22627  -19.559  -47.790  -30.005 0.3000000119
136037  -22.602  -48.548  -25.506 0.3000000119
22606  -20.859  -48.374  -27.156 0.3000000119
25300  -19.263  -44.531  -29.575 0.3000000119
24434  -19.441  -46.010  -29.363 0.3000000119
21679  -24.121  -48.033  -23.816 0.3000000119
22546  -25.998  -47.600  -22.654 0.3000000119
151967  -19.766  -46.453  -28.849 0.3000000119
21685  -23.087  -48.398  -24.933 0.3000000119
135751  -20.384  -48.084  -28.199 0.3000000119
21692  -21.982  -48.182  -25.943 0.3000000119
133866  -20.183  -44.015  -28.254 0.3000000119
27033  -20.790  -42.827  -27.650 0.3000000119
24422  -19.808  -45.589  -28.523 0.3000000119
25288  -20.234  -44.799  -27.900 0.3000000119
26165  -21.080  -43.400  -27.155 0.3000000119
20817  -20.155  -49.528  -29.265 0.4000000060
140320  -19.354  -49.204  -30.873 0.3000000119
21712  -19.862  -48.595  -29.843 0.3000000119
5306  -31.157  -70.854  -36.198 0.6000000238
4737  -31.002  -71.598  -35.371 0.5000000000
4735  -28.985  -71.973  -35.736 0.5000000000
133125  -28.507  -72.165  -36.040 0.5000000000
4728  -30.185  -71.655  -34.755 0.5000000000
5255  -31.389  -71.427  -31.651 0.5000000000
138211  -30.754  -69.367  -36.763 0.6999999881
155439  -32.498  -69.332  -36.623 0.6999999881
6989  -29.619  -68.431  -36.905 0.6999999881
155715  -29.298  -69.941  -37.011 0.6999999881
5262  -30.710  -71.665  -32.409 0.4000000060
6478  -28.640  -69.656  -37.225 0.6999999881
4715  -33.662  -72.158  -33.612 0.5000000000
5827  -35.294  -71.632  -26.843 0.3000000119
5272  -34.774  -71.634  -33.779 0.5000000000
5904  -35.856  -70.799  -34.165 0.3000000119
8091  -31.860  -67.643  -36.130 0.6000000238
8104  -30.757  -67.166  -36.470 0.6000000238
8068  -31.272  -67.118  -35.976 0.5000000000
9470  -27.476  -64.424  -35.554 0.6000000238
7544  -28.874  -67.052  -37.041 0.6999999881
8766  -27.374  -65.508  -36.592 0.6000000238
8101  -28.605  -66.214  -36.892 0.6000000238
143780  -28.333  -67.542  -37.255 0.6999999881
5917  -33.766  -70.973  -35.651 0.5000000000
4729  -32.506  -72.303  -34.533 0.6000000238
147373  -31.472  -71.982  -34.700 0.5000000000
7543  -27.682  -67.630  -37.452 0.6000000238
6493  -27.205  -69.149  -37.673 0.6999999881
8097  -24.854  -66.291  -37.022 0.5000000000
6492  -26.310  -69.266  -37.910 0.5000000000
9475  -23.891  -64.803  -35.935 0.6000000238
6491  -25.403  -69.348  -38.077 0.5000000000
5879  -37.327  -69.666  -31.594 0.3000000119
6466  -34.008  -69.255  -36.216 0.5000000000
5837  -35.620  -71.247  -27.719 0.3000000119
6490  -24.466  -69.591  -38.193 0.5000000000
8055  -33.804  -66.998  -35.128 0.4000000060
6357  -34.572  -68.889  -23.967 0.3000000119
8649  -26.600  -65.003  -30.935 0.6000000238
9411  -22.912  -64.769  -31.305 0.6999999881
9345  -23.840  -64.743  -28.620 0.6000000238
8650  -27.498  -65.175  -30.840 0.6000000238
9400  -31.839  -63.788  -30.823 0.5000000000
8694  -35.442  -65.715  -32.876 0.4000000060
139896  -28.936  -64.964  -28.936 0.6000000238
9375  -29.710  -64.739  -29.239 0.5000000000
9349  -27.606  -65.139  -28.490 0.6000000238
10724  -31.237  -61.760  -27.780 0.4000000060
7998  -19.199  -66.541  -30.115 0.6000000238
8612  -20.718  -65.703  -28.292 0.6999999881
9417  -32.799  -64.445  -31.256 0.4000000060
12883  -31.926  -59.731  -28.804 0.4000000060
10706  -28.742  -62.393  -25.910 0.4000000060
155131  -18.099  -67.591  -30.841 0.6000000238
12122  -21.968  -60.423  -26.807 0.6000000238
10704  -20.609  -62.694  -25.562 0.6000000238
8634  -34.675  -65.174  -29.735 0.5000000000
10048  -19.072  -64.060  -26.865 0.5000000000
11376  -22.427  -61.692  -23.071 0.6000000238
9344  -18.337  -64.533  -27.245 0.4000000060
8601  -20.708  -65.715  -26.636 0.5000000000
10757  -32.913  -61.921  -29.372 0.5000000000
8574  -20.744  -65.316  -24.980 0.6000000238
148348  -19.603  -65.617  -26.408 0.5000000000
13545  -12.722  -58.133  -25.634 0.6000000238
16576  -14.278  -54.910  -28.753 0.5000000000
15003  -19.085  -56.110  -22.468 0.5000000000
15012  -16.508  -56.669  -23.605 0.6000000238
15001  -17.840  -56.288  -23.305 0.6000000238
15749  -19.597  -55.351  -22.479 0.6000000238
15785  -15.064  -55.367  -24.596 0.6000000238
16596  -14.047  -54.109  -30.234 0.5000000000
146273  -21.402  -54.997  -21.627 0.5000000000
18121  -19.636  -53.235  -25.799 0.6000000238
16611  -16.421  -54.511  -30.667 0.5000000000
18132  -19.599  -52.637  -27.507 0.6000000238
138125  -11.876  -45.773  -26.103 0.3000000119
148132  -21.567  -52.283  -22.590 0.5000000000
19030  -19.134  -51.859  -31.242 0.3000000119
18951  -23.458  -51.216  -22.292 0.4000000060
19815  -23.234  -50.343  -22.967 0.4000000060
19019  -19.623  -51.771  -30.646 0.4000000060
20833  -19.139  -50.375  -31.429 0.3000000119
20805  -21.382  -49.783  -26.617 0.5000000000
19817  -25.087  -50.437  -22.509 0.4000000060
22573  -15.236  -47.584  -24.692 0.3000000119
23554  -18.208  -46.144  -29.802 0.3000000119
20783  -23.264  -49.233  -24.524 0.4000000060
21699  -20.667  -48.940  -27.778 0.3000000119
24443  -18.295  -45.400  -29.781 0.3000000119
20797  -21.819  -49.350  -26.303 0.4000000060
23485  -16.577  -46.654  -24.801 0.3000000119
142643  -19.034  -44.899  -29.761 0.3000000119
21678  -23.456  -48.587  -24.483 0.4000000060
25301  -19.702  -44.669  -28.790 0.3000000119
5300  -20.768  -71.807  -35.545 0.5000000000
5317  -20.858  -71.027  -36.841 0.5000000000
5940  -22.057  -70.649  -38.071 0.5000000000
6488  -22.651  -69.945  -38.228 0.4000000060
5927  -20.300  -70.490  -36.156 0.5000000000
152226  -21.520  -69.448  -37.465 0.5000000000
147016  -21.889  -69.900  -38.002 0.5000000000
6489  -23.530  -69.648  -38.239 0.4000000060
6462  -20.423  -69.295  -36.431 0.4000000060
152083  -21.067  -68.908  -36.902 0.5000000000
6995  -23.894  -68.846  -37.986 0.4000000060
6970  -21.205  -68.130  -36.847 0.5000000000
6983  -21.720  -68.618  -37.350 0.5000000000
7537  -21.949  -67.802  -37.147 0.5000000000
7538  -22.841  -67.541  -37.317 0.5000000000
7539  -23.737  -67.370  -37.354 0.4000000060
142599  -22.228  -66.883  -36.807 0.5000000000
8096  -23.298  -66.710  -37.069 0.5000000000
8051  -20.576  -65.892  -34.995 0.5000000000
7525  -20.676  -67.787  -36.378 0.5000000000
8085  -20.799  -67.241  -36.168 0.5000000000
8086  -21.364  -66.755  -36.162 0.5000000000
8741  -21.330  -66.034  -35.445 0.5000000000
8067  -22.124  -66.139  -36.139 0.5000000000
8087  -22.967  -66.064  -36.617 0.5000000000
8088  -23.962  -65.953  -36.790 0.5000000000
8052  -21.077  -65.633  -34.734 0.5000000000
8036  -20.728  -65.433  -34.224 0.5000000000
8035  -20.333  -65.663  -33.708 0.5000000000
8706  -21.009  -65.335  -33.596 0.5000000000
8742  -22.287  -65.467  -35.571 0.5000000000
8725  -21.756  -65.310  -34.874 0.5000000000
8707  -21.326  -65.223  -34.205 0.5000000000
8726  -22.710  -64.809  -34.978 0.5000000000
8755  -22.786  -65.590  -36.128 0.5000000000
8756  -23.512  -65.407  -36.309 0.5000000000
136865  -24.303  -65.236  -36.330 0.5000000000
7483  -17.854  -67.969  -31.675 0.5000000000
8009  -18.813  -67.062  -31.412 0.6000000238
8022  -19.990  -65.994  -33.023 0.5000000000
138494  -21.686  -65.007  -33.525 0.5000000000
8664  -20.971  -65.570  -32.029 0.5000000000
151340  -22.321  -64.730  -33.529 0.5000000000
8684  -22.167  -64.867  -32.863 0.5000000000
9467  -23.525  -64.644  -35.398 0.5000000000
8743  -23.118  -65.078  -35.761 0.5000000000
7477  -16.265  -67.518  -30.985 0.5000000000
148130  -17.484  -67.792  -30.382 0.5000000000
8010  -19.832  -66.254  -31.964 0.6000000238
12903  -20.954  -59.100  -30.196 0.5000000000
12890  -21.472  -59.865  -28.958 0.6000000238
154140  -20.357  -58.534  -30.055 0.5000000000
13600  -20.741  -58.795  -29.436 0.5000000000
12878  -21.592  -59.761  -28.299 0.6000000238
13588  -20.455  -58.444  -28.608 0.6000000238
147740  -20.023  -58.231  -29.455 0.5000000000
133826  -19.864  -57.962  -28.077 0.6000000238
138915  -19.031  -57.527  -27.974 0.5000000000
13573  -20.451  -58.364  -27.669 0.6000000238
13572  -19.714  -57.875  -27.326 0.6000000238
142834  -18.037  -57.281  -28.331 0.5000000000
133825  -19.627  -57.936  -26.464 0.6000000238
14335  -17.167  -57.308  -27.611 0.5000000000
14336  -18.212  -57.326  -27.420 0.5000000000
14334  -16.176  -57.522  -27.067 0.5000000000
14317  -15.193  -57.846  -26.372 0.6000000238
14330  -11.855  -58.014  -27.258 0.6000000238
14331  -12.789  -58.317  -27.314 0.5000000000
14318  -16.256  -57.607  -25.981 0.6000000238
135788  -17.658  -57.351  -26.782 0.5000000000
13556  -13.605  -58.346  -25.912 0.5000000000
15796  -11.964  -56.049  -26.315 0.6000000238
14304  -12.544  -57.468  -25.349 0.6000000238
15797  -12.611  -55.612  -26.448 0.6000000238
5237  -36.804  -72.013  -28.259 0.3000000119
5850  -38.310  -71.107  -28.845 0.3000000119
5868  -37.320  -70.019  -30.030 0.3000000119
5851  -39.175  -70.569  -28.852 0.3000000119
152681  -37.592  -69.685  -30.760 0.3000000119
5857  -36.537  -70.173  -29.421 0.3000000119
5847  -36.066  -70.673  -28.548 0.3000000119
6985  -23.361  -68.196  -37.655 0.4000000060
8708  -22.050  -64.852  -34.213 0.5000000000
8665  -22.019  -65.092  -32.098 0.5000000000
11472  -21.480  -61.285  -29.229 0.5000000000
6477  -22.994  -69.004  -38.043 0.4000000060
6984  -22.498  -68.383  -37.608 0.5000000000
7526  -21.339  -67.439  -36.598 0.5000000000
142708  -20.658  -66.648  -35.777 0.5000000000
8683  -21.430  -65.240  -32.842 0.5000000000
5848  -36.776  -71.189  -28.662 0.3000000119
5869  -38.185  -70.021  -30.259 0.3000000119
5860  -38.678  -70.418  -29.542 0.3000000119
5859  -37.877  -70.669  -29.421 0.3000000119
21653  -25.483  -48.304  -22.799 0.3000000119
4719  -28.786  -72.145  -34.390 0.5000000000
4720  -29.732  -71.621  -33.833 0.5000000000
4722  -32.779  -72.357  -33.834 0.5000000000
4723  -34.129  -71.996  -34.010 0.5000000000
4727  -29.244  -71.908  -35.075 0.5000000000
4730  -33.377  -72.311  -34.274 0.6000000238
4736  -29.950  -71.586  -35.574 0.5000000000
4762  -28.452  -71.724  -36.586 0.5000000000
5236  -36.266  -71.829  -28.089 0.3000000119
5265  -34.672  -71.517  -32.953 0.4000000060
5282  -34.544  -71.662  -34.443 0.5000000000
5290  -31.610  -71.329  -35.756 0.6000000238
5292  -33.439  -71.582  -35.360 0.5000000000
5303  -28.758  -71.746  -36.326 0.5000000000
5321  -27.259  -71.770  -37.156 0.5000000000
5323  -29.060  -71.180  -36.683 0.6000000238
5849  -37.425  -71.485  -28.655 0.3000000119
5858  -37.240  -70.683  -29.191 0.3000000119
5866  -34.962  -69.933  -30.993 0.4000000060
5877  -34.588  -70.548  -31.734 0.4000000060
5884  -36.595  -70.271  -32.851 0.3000000119
5894  -37.030  -69.934  -33.234 0.3000000119
5903  -34.904  -71.102  -34.928 0.5000000000
5905  -36.358  -70.249  -34.229 0.3000000119
5916  -33.035  -70.895  -35.920 0.5000000000
5928  -30.754  -70.468  -36.551 0.5000000000
5938  -20.885  -69.863  -36.938 0.5000000000
5939  -21.431  -70.361  -37.551 0.5000000000
5955  -27.163  -71.067  -37.410 0.5000000000
6356  -33.527  -68.549  -23.779 0.3000000119
6402  -33.570  -69.451  -28.591 0.3000000119
6407  -32.022  -69.653  -28.771 0.3000000119
6410  -38.951  -69.962  -30.169 0.3000000119
6414  -34.427  -69.656  -30.376 0.4000000060
6434  -37.674  -69.497  -32.885 0.3000000119
6435  -38.355  -69.057  -32.523 0.3000000119
6448  -35.957  -70.106  -34.833 0.3000000119
6463  -31.979  -69.356  -36.722 0.6999999881
6465  -33.074  -69.340  -36.467 0.6999999881
6476  -22.174  -69.204  -37.892 0.5000000000
6480  -29.983  -69.698  -36.850 0.6999999881
6482  -31.966  -68.852  -36.771 0.6999999881
6888  -34.005  -67.749  -22.422 0.3000000119
6921  -17.145  -68.183  -31.216 0.5000000000
6960  -36.390  -68.481  -35.327 0.3000000119
6972  -34.231  -68.375  -36.118 0.4000000060
6973  -35.083  -68.218  -35.863 0.4000000060
6987  -28.017  -68.987  -37.464 0.6999999881
6991  -31.184  -68.312  -36.644 0.6000000238
7468  -17.182  -67.220  -28.530 0.6000000238
7471  -16.410  -67.326  -29.821 0.6000000238
7473  -17.507  -67.476  -29.294 0.6000000238
7478  -16.780  -67.796  -30.546 0.5000000000
7528  -31.904  -67.912  -36.374 0.6000000238
7545  -29.770  -67.473  -36.816 0.6999999881
7548  -26.890  -67.714  -37.654 0.6000000238
7975  -20.234  -65.776  -27.398 0.6000000238
7979  -16.515  -66.786  -28.426 0.6000000238
7980  -16.866  -66.734  -27.969 0.5000000000
7983  -19.825  -65.980  -28.206 0.6000000238
7990  -18.728  -66.719  -29.146 0.6000000238
7996  -15.872  -66.849  -30.395 0.5000000000
8040  -33.363  -66.797  -34.091 0.4000000060
8056  -34.906  -66.665  -34.964 0.4000000060
8100  -27.728  -66.199  -36.927 0.6000000238
8568  -21.463  -65.009  -24.470 0.6000000238
8573  -19.713  -64.912  -24.997 0.6000000238
8584  -18.416  -64.925  -26.102 0.6000000238
8589  -23.395  -65.162  -26.205 0.6000000238
8598  -16.889  -66.021  -27.800 0.4000000060
8602  -21.638  -65.564  -26.824 0.6000000238
8611  -16.458  -65.786  -28.343 0.6000000238
8617  -35.944  -65.408  -28.894 0.4000000060
8626  -16.020  -65.917  -29.024 0.6000000238
8630  -22.526  -65.149  -29.818 0.6999999881
8637  -37.402  -65.779  -29.548 0.4000000060
8646  -20.482  -65.863  -31.044 0.6999999881
8671  -31.413  -65.166  -31.591 0.5000000000
8682  -20.722  -65.526  -33.053 0.5000000000
8691  -32.577  -66.071  -32.130 0.4000000060
8718  -37.872  -65.087  -34.466 0.4000000060
8727  -30.303  -64.830  -35.124 0.5000000000
8731  -37.954  -65.458  -35.041 0.4000000060
8760  -28.657  -64.909  -36.285 0.6000000238
8769  -29.863  -65.805  -36.567 0.6000000238
9259  -21.775  -64.082  -23.683 0.6000000238
9260  -22.444  -64.129  -23.697 0.6000000238
9270  -23.143  -64.490  -24.217 0.6000000238
9285  -19.418  -64.365  -25.085 0.6000000238
9291  -27.345  -64.087  -25.658 0.5000000000
9309  -28.105  -63.661  -25.806 0.4000000060
9320  -17.613  -65.481  -27.453 0.4000000060
9328  -28.314  -64.520  -27.182 0.6000000238
9348  -26.776  -65.127  -28.626 0.6000000238
9394  -23.512  -64.628  -30.428 0.6999999881
9402  -33.277  -63.800  -31.007 0.5000000000
9419  -34.012  -65.073  -31.020 0.5000000000
9441  -24.790  -64.138  -33.783 0.6999999881
9471  -28.383  -64.279  -35.571 0.6000000238
9478  -27.417  -64.665  -35.890 0.6000000238
9481  -26.451  -65.043  -36.144 0.6000000238
9996  -24.051  -63.368  -23.353 0.6000000238
10006  -20.406  -63.652  -24.282 0.6000000238
10021  -19.505  -63.815  -25.267 0.6999999881
10024  -27.567  -63.387  -25.248 0.5000000000
10033  -19.999  -63.267  -25.639 0.6000000238
10034  -28.878  -63.205  -26.153 0.6000000238
10036  -30.262  -62.981  -27.197 0.6000000238
10150  -25.571  -64.617  -35.580 0.6000000238
10151  -26.411  -64.644  -35.555 0.6999999881
10152  -27.021  -64.604  -35.640 0.6000000238
10671  -23.190  -61.983  -22.778 0.6000000238
10685  -25.850  -62.719  -23.813 0.5000000000
12138  -21.834  -60.524  -27.777 0.6000000238
12142  -28.848  -60.780  -27.216 0.5000000000
12143  -29.685  -60.602  -27.182 0.5000000000
12144  -30.447  -60.636  -27.442 0.4000000060
12165  -31.761  -60.318  -28.476 0.4000000060
12170  -21.270  -59.515  -29.510 0.6000000238
12171  -21.541  -60.350  -29.441 0.6000000238
12798  -22.886  -59.551  -22.468 0.5000000000
12811  -21.784  -59.559  -23.145 0.6000000238
12889  -21.166  -59.185  -28.815 0.5000000000
13507  -19.872  -58.221  -22.837 0.5000000000
13509  -21.387  -58.531  -22.011 0.5000000000
13546  -13.370  -58.291  -25.342 0.6000000238
13555  -13.075  -58.392  -25.963 0.6000000238
13558  -20.840  -58.743  -26.276 0.6999999881
13570  -12.606  -58.240  -26.482 0.6000000238
13571  -13.284  -58.361  -26.572 0.5000000000
13603  -30.680  -58.456  -29.634 0.4000000060
14256  -22.888  -56.571  -21.566 0.5000000000
14265  -18.860  -57.215  -22.692 0.6000000238
14269  -23.625  -57.467  -22.053 0.5000000000
14279  -15.391  -57.220  -23.696 0.6999999881
14290  -12.964  -57.389  -24.746 0.6000000238
14291  -13.598  -57.571  -24.465 0.6000000238
14297  -19.098  -57.897  -23.964 0.6999999881
14305  -13.068  -57.921  -24.923 0.6000000238
14308  -17.553  -57.425  -24.988 0.6999999881
14315  -12.143  -57.660  -26.218 0.6000000238
14316  -14.119  -58.194  -26.471 0.5000000000
14321  -18.990  -57.659  -25.846 0.6999999881
14994  -19.633  -56.367  -22.007 0.6000000238
15002  -18.478  -56.517  -22.795 0.5000000000
15008  -12.666  -56.831  -25.064 0.6000000238
15010  -14.785  -56.782  -23.730 0.6000000238
15011  -15.739  -56.658  -23.556 0.6000000238
15025  -12.011  -56.787  -25.965 0.6000000238
15770  -13.968  -56.444  -24.158 0.6000000238
15773  -17.221  -55.971  -23.723 0.6000000238
15775  -18.984  -54.848  -23.573 0.6999999881
15782  -12.563  -56.138  -25.649 0.6000000238
15787  -16.892  -55.268  -24.436 0.6000000238
15799  -14.675  -55.189  -25.496 0.6000000238
15810  -13.463  -55.209  -26.861 0.5000000000
16502  -21.794  -54.209  -21.640 0.5000000000
16563  -19.050  -53.898  -27.857 0.6000000238
16597  -15.789  -54.768  -29.939 0.4000000060
16600  -19.200  -53.751  -29.251 0.5000000000
16610  -15.484  -54.363  -30.650 0.5000000000
16613  -18.321  -54.240  -30.346 0.5000000000
17280  -21.403  -53.510  -22.008 0.6000000238
17295  -19.616  -53.982  -24.634 0.6000000238
17331  -19.383  -53.221  -28.067 0.6000000238
17357  -19.053  -53.718  -30.199 0.5000000000
17365  -17.952  -53.986  -31.085 0.5000000000
17367  -19.007  -53.233  -30.936 0.5000000000
17372  -17.680  -53.401  -31.494 0.4000000060
17373  -18.404  -53.299  -31.277 0.4000000060
18086  -21.169  -52.885  -22.556 0.5000000000
18099  -21.051  -52.237  -23.213 0.5000000000
18155  -19.643  -52.501  -30.145 0.4000000060
18165  -15.944  -53.200  -31.577 0.5000000000
18166  -16.631  -52.575  -31.811 0.4000000060
18167  -17.498  -52.746  -31.757 0.4000000060
18169  -18.811  -52.645  -31.352 0.4000000060
18934  -22.888  -51.890  -21.990 0.5000000000
18949  -21.753  -51.625  -22.905 0.5000000000
18972  -21.290  -51.139  -24.674 0.5000000000
18983  -20.477  -51.608  -25.782 0.5000000000
18991  -20.753  -50.956  -26.181 0.5000000000
19004  -19.952  -51.831  -28.881 0.5000000000
19819  -26.824  -50.770  -22.722 0.4000000060
19870  -20.869  -50.355  -26.972 0.5000000000
19885  -19.913  -51.055  -30.363 0.4000000060
19886  -20.023  -50.329  -29.930 0.4000000060
19907  -18.471  -50.695  -31.721 0.3000000119
19908  -18.949  -51.245  -31.529 0.3000000119
20754  -24.668  -49.842  -22.740 0.4000000060
20782  -22.647  -49.525  -25.130 0.5000000000
20810  -20.445  -49.910  -28.360 0.4000000060
21654  -26.257  -48.490  -22.683 0.4000000060
21676  -14.122  -48.288  -24.170 0.3000000119
21691  -21.614  -48.672  -26.497 0.3000000119
21705  -14.369  -48.597  -28.047 0.3000000119
21717  -17.380  -48.660  -30.348 0.3000000119
21720  -19.144  -48.450  -30.629 0.3000000119
21721  -19.488  -48.515  -30.423 0.3000000119
21733  -18.942  -49.106  -31.043 0.3000000119
22560  -24.964  -47.773  -23.060 0.3000000119
22576  -23.494  -47.845  -24.495 0.3000000119
22613  -13.834  -46.907  -27.794 0.4000000060
22614  -14.635  -47.731  -28.009 0.3000000119
22625  -17.801  -46.712  -29.790 0.3000000119
22633  -18.315  -47.105  -30.110 0.3000000119
23494  -11.537  -45.986  -25.616 0.3000000119
23495  -12.734  -45.222  -25.814 0.3000000119
23497  -14.688  -45.824  -25.379 0.3000000119
23507  -11.559  -46.235  -26.184 0.3000000119
23508  -12.120  -45.953  -26.602 0.3000000119
23520  -13.417  -45.739  -27.590 0.4000000060
23530  -14.337  -46.049  -28.061 0.4000000060
23545  -19.212  -46.441  -29.747 0.3000000119
23546  -19.597  -47.005  -29.535 0.3000000119
24371  -16.888  -45.803  -25.056 0.3000000119
24383  -12.030  -45.587  -25.747 0.4000000060
24408  -12.544  -45.453  -26.703 0.4000000060
24410  -13.560  -44.799  -27.467 0.4000000060
24421  -19.440  -45.219  -29.280 0.3000000119
24430  -15.936  -45.023  -28.668 0.4000000060
24432  -17.728  -45.407  -29.596 0.3000000119
24444  -18.645  -44.879  -29.815 0.3000000119
25259  -15.339  -44.051  -25.985 0.4000000060
25273  -13.835  -44.084  -26.721 0.4000000060
25274  -14.499  -43.697  -26.472 0.4000000060
25286  -13.317  -44.569  -26.886 0.4000000060
25289  -20.673  -44.102  -27.406 0.3000000119
25299  -15.081  -44.564  -28.317 0.4000000060
25311  -17.318  -44.075  -29.408 0.3000000119
25312  -19.624  -43.891  -29.071 0.3000000119
26162  -14.559  -43.751  -27.617 0.4000000060
26163  -15.016  -43.234  -27.446 0.3000000119
26164  -20.574  -43.498  -27.772 0.3000000119
26176  -15.243  -43.408  -28.075 0.3000000119
26187  -16.587  -43.427  -28.993 0.3000000119
26198  -17.909  -42.859  -29.817 0.3000000119
27017  -15.584  -42.681  -27.396 0.3000000119
27044  -15.990  -42.864  -28.410 0.3000000119
27056  -16.726  -42.577  -28.958 0.3000000119
27057  -17.399  -42.250  -29.436 0.3000000119
132158  -27.008  -64.424  -34.370 0.6000000238
133607  -16.893  -57.420  -26.702 0.5000000000
134209  -32.409  -68.867  -25.008 0.3000000119
134280  -20.481  -47.392  -27.522 0.3000000119
135248  -16.978  -54.781  -28.770 0.6000000238
135518  -20.018  -65.918  -30.134 0.6999999881
135519  -17.943  -44.760  -29.727 0.3000000119
135747  -15.748  -54.815  -27.076 0.5000000000
136145  -35.328  -66.999  -35.423 0.4000000060
136282  -23.829  -64.489  -30.981 0.6000000238
136730  -21.916  -62.105  -23.474 0.6000000238
137477  -19.246  -53.710  -26.338 0.6999999881
137853  -27.157  -65.070  -27.971 0.6000000238
137996  -21.002  -56.739  -21.485 0.5000000000
138056  -23.082  -63.109  -23.148 0.6000000238
138559  -20.612  -64.176  -24.112 0.6000000238
138957  -28.176  -68.202  -37.387 0.6999999881
139541  -25.152  -69.999  -38.171 0.5000000000
139795  -18.636  -52.092  -31.557 0.3000000119
140803  -30.235  -68.964  -36.789 0.6999999881
141133  -24.077  -64.934  -26.841 0.6000000238
141198  -15.783  -66.195  -29.876 0.6000000238
141312  -37.722  -68.945  -34.254 0.3000000119
142359  -12.689  -45.867  -25.202 0.3000000119
143354  -18.701  -45.725  -29.801 0.3000000119
143416  -31.939  -61.507  -28.571 0.5000000000
143481  -25.537  -64.655  -29.605 0.6000000238
145336  -16.993  -41.842  -28.844 0.3000000119
145346  -22.198  -65.283  -29.184 0.6000000238
146095  -34.869  -65.807  -32.066 0.4000000060
146950  -19.357  -53.065  -30.399 0.5000000000
147866  -20.465  -49.375  -28.323 0.3000000119
148472  -27.778  -64.326  -26.373 0.6000000238
148793  -19.835  -54.480  -22.927 0.6999999881
148995  -21.009  -50.491  -26.453 0.5000000000
149084  -23.436  -56.783  -21.792 0.5000000000
149755  -30.587  -66.066  -33.532 0.5000000000
150226  -22.331  -49.336  -25.742 0.5000000000
150306  -30.938  -66.500  -35.069 0.5000000000
150951  -20.284  -51.584  -26.371 0.6000000238
150993  -22.319  -56.677  -21.522 0.5000000000
151598  -20.279  -54.830  -22.256 0.6999999881
151761  -34.373  -71.812  -33.449 0.5000000000
151904  -24.602  -64.699  -28.284 0.5000000000
152096  -15.831  -45.814  -28.594 0.4000000060
152532  -14.634  -55.988  -24.065 0.6000000238
153158  -25.660  -64.517  -33.046 0.6000000238
153393  -15.286  -53.733  -31.079 0.5000000000
153645  -23.930  -70.197  -38.348 0.5000000000
154081  -29.338  -64.275  -34.847 0.5000000000
154392  -30.074  -61.114  -26.914 0.5000000000
154797  -30.471  -65.843  -32.831 0.5000000000
155010  -18.937  -45.357  -29.776 0.3000000119
155053  -15.428  -57.586  -27.428 0.5000000000
155172  -29.456  -64.511  -35.976 0.5000000000
155660  -34.206  -69.920  -35.965 0.4000000060
155798  -22.182  -48.908  -26.066 0.3000000119
156227  -25.753  -67.410  -37.549 0.5000000000
156334  -24.467  -64.517  -29.010 0.6000000238
156363  -19.074  -44.709  -29.742 0.3000000119
156558  -30.559  -64.841  -30.944 0.6000000238
156829  -14.634  -44.117  -26.022 0.4000000060
156901  -23.083  -62.600  -22.921 0.6000000238
157412  -18.254  -57.366  -26.809 0.5000000000
157425  -19.161  -49.680  -31.225 0.3000000119
157831  -17.872  -48.157  -30.471 0.3000000119
158253  -20.792  -58.202  -22.017 0.4000000060
158284  -25.393  -64.919  -35.943 0.6999999881
158526  -34.906  -71.507  -33.312 0.4000000060
158622  -19.994  -52.820  -25.415 0.6000000238
