#!ascii label  , from subject freesurfer vox2ras=TkReg
1799
7516  -8.944  -68.088  -35.919 0.5000000000
5923  -8.341  -70.369  -36.276 0.5000000000
137532  -9.802  -70.642  -37.100 0.5000000000
5310  -9.456  -71.569  -37.155 0.5000000000
147323  -9.421  -66.478  -35.606 0.5000000000
7509  -9.130  -67.270  -35.786 0.5000000000
8074  -9.952  -67.053  -36.026 0.5000000000
7517  -9.723  -67.827  -36.178 0.5000000000
156561  -11.384  -66.782  -36.267 0.6000000238
6458  -8.618  -69.599  -36.175 0.5000000000
145954  -10.085  -72.259  -37.321 0.5000000000
6468  -9.834  -69.795  -37.000 0.6000000238
5311  -10.402  -71.384  -37.294 0.6000000238
6470  -11.413  -69.530  -37.317 0.6000000238
5933  -10.688  -70.600  -37.317 0.6000000238
5313  -12.025  -71.627  -37.653 0.6999999881
6483  -12.789  -69.728  -37.640 0.6999999881
5325  -12.084  -70.773  -37.650 0.6999999881
6484  -13.549  -69.871  -37.870 0.6999999881
5947  -13.503  -70.722  -38.000 0.6999999881
5326  -12.801  -71.174  -37.863 0.6999999881
8736  -11.567  -65.609  -35.729 0.5000000000
8076  -11.876  -66.326  -36.130 0.6000000238
8737  -12.977  -65.091  -35.791 0.6000000238
8738  -13.840  -65.139  -35.956 0.6000000238
6965  -10.304  -68.363  -36.558 0.5000000000
140495  -11.112  -72.101  -37.426 0.5000000000
4753  -11.343  -73.039  -37.390 0.5000000000
138762  -12.750  -73.537  -36.954 0.6999999881
4754  -11.995  -72.501  -37.547 0.6999999881
4755  -13.255  -73.002  -37.539 0.6999999881
6460  -10.061  -69.086  -36.791 0.6000000238
6975  -11.724  -68.675  -37.147 0.6999999881
4764  -13.779  -72.293  -37.905 0.6999999881
6976  -12.619  -68.527  -37.242 0.6999999881
6473  -13.988  -69.097  -37.713 0.6999999881
5329  -15.161  -71.747  -38.055 0.6999999881
6993  -14.920  -69.059  -37.819 0.6999999881
149649  -14.902  -70.243  -38.113 0.6999999881
153285  -14.112  -71.061  -38.090 0.6999999881
5315  -16.562  -71.175  -37.859 0.6999999881
6486  -15.318  -69.707  -38.042 0.6999999881
6487  -16.629  -69.733  -38.053 0.6999999881
5950  -16.271  -70.444  -38.056 0.6999999881
5936  -17.072  -70.463  -37.845 0.6999999881
136566  -12.131  -64.981  -35.547 0.5000000000
146884  -13.458  -64.590  -35.524 0.6000000238
136879  -14.992  -63.866  -35.241 0.6000000238
9461  -14.294  -64.422  -35.484 0.6000000238
134511  -15.797  -63.993  -35.662 0.6000000238
8077  -12.777  -66.577  -36.292 0.6000000238
9462  -15.170  -64.498  -35.651 0.6000000238
7520  -12.018  -67.039  -36.430 0.6000000238
4270  -13.854  -73.806  -35.649 0.6999999881
7530  -12.070  -67.834  -36.814 0.6999999881
140590  -14.733  -72.934  -37.501 0.6999999881
148939  -14.627  -73.727  -36.053 0.6999999881
148674  -16.010  -73.710  -36.182 0.6999999881
7521  -13.377  -67.205  -36.607 0.6999999881
4271  -15.172  -73.414  -36.860 0.6999999881
131227  -16.522  -73.482  -35.970 0.6999999881
7531  -13.006  -67.824  -36.998 0.6999999881
7532  -13.881  -67.740  -37.054 0.6999999881
4765  -14.598  -72.381  -37.876 0.6999999881
131008  -16.299  -72.372  -37.340 0.6999999881
131432  -15.870  -73.189  -36.924 0.6999999881
131230  -16.583  -73.307  -35.871 0.6999999881
6977  -13.504  -68.454  -37.348 0.6999999881
7533  -14.835  -67.533  -37.168 0.6999999881
5314  -16.008  -71.810  -37.842 0.6999999881
148694  -16.595  -73.151  -34.489 0.6999999881
6994  -15.928  -69.120  -38.010 0.6999999881
5316  -17.300  -71.300  -37.160 0.6999999881
5298  -16.998  -72.206  -36.775 0.6999999881
6474  -16.879  -68.941  -37.921 0.6999999881
5937  -17.593  -70.403  -37.207 0.6999999881
5299  -17.424  -71.819  -35.842 0.6999999881
6475  -17.491  -69.583  -37.649 0.6999999881
5925  -17.846  -70.850  -36.268 0.6999999881
141762  -18.283  -69.008  -37.164 0.6999999881
9459  -11.881  -64.250  -35.105 0.5000000000
134500  -14.284  -63.712  -35.009 0.6000000238
10790  -16.079  -62.487  -35.292 0.6000000238
10788  -15.282  -62.456  -34.885 0.5000000000
145558  -17.306  -61.571  -35.496 0.6000000238
136094  -12.081  -63.286  -34.347 0.5000000000
10133  -13.921  -63.189  -34.544 0.5000000000
10791  -16.953  -62.383  -35.569 0.6000000238
11497  -18.371  -61.667  -35.701 0.6000000238
10142  -16.581  -63.306  -35.668 0.6000000238
144395  -17.734  -62.231  -35.697 0.6000000238
8749  -14.186  -65.903  -36.263 0.6000000238
8078  -13.703  -66.529  -36.393 0.6999999881
8740  -15.896  -64.888  -36.044 0.6999999881
8079  -14.770  -66.825  -36.784 0.6999999881
134723  -15.027  -66.173  -36.526 0.6999999881
131226  -16.800  -73.518  -35.297 0.6999999881
8093  -15.444  -66.843  -37.053 0.6999999881
8080  -15.952  -66.192  -36.864 0.6999999881
148548  -16.078  -73.732  -33.256 0.6999999881
154817  -17.182  -73.972  -34.222 0.6999999881
8094  -16.321  -66.900  -37.307 0.6999999881
148515  -16.151  -72.898  -32.487 0.6999999881
148512  -17.069  -73.848  -31.961 0.6999999881
131010  -17.839  -73.627  -35.295 0.6999999881
7535  -16.709  -67.628  -37.610 0.6000000238
148575  -17.064  -72.362  -34.163 0.6999999881
148549  -17.242  -72.597  -30.968 0.6999999881
150184  -19.921  -75.003  -33.081 0.6999999881
148547  -19.256  -74.146  -34.621 0.6999999881
148526  -18.749  -73.436  -36.252 0.6999999881
148886  -17.065  -68.253  -37.777 0.6999999881
5912  -17.883  -71.284  -34.669 0.6999999881
5900  -18.444  -71.255  -33.300 0.6000000238
149356  -19.097  -72.360  -30.250 0.6999999881
148719  -18.499  -73.628  -30.426 0.6999999881
5926  -18.092  -69.929  -36.748 0.6999999881
138609  -18.305  -70.405  -35.796 0.6999999881
5891  -19.174  -71.452  -32.028 0.6000000238
6461  -18.601  -69.610  -36.193 0.6000000238
5913  -18.659  -70.526  -35.148 0.6000000238
5914  -19.134  -70.696  -34.807 0.5000000000
5901  -19.577  -71.415  -33.278 0.5000000000
6967  -18.878  -68.791  -36.599 0.6000000238
6957  -19.511  -68.571  -36.285 0.5000000000
6452  -19.095  -69.586  -35.856 0.5000000000
11496  -16.412  -61.698  -35.270 0.6000000238
11494  -15.162  -61.643  -34.605 0.6000000238
12236  -18.797  -60.795  -35.532 0.5000000000
12976  -19.342  -60.097  -35.334 0.6999999881
10787  -14.415  -62.314  -34.382 0.5000000000
11493  -14.459  -61.273  -34.244 0.6000000238
12225  -15.967  -60.438  -34.725 0.6000000238
10784  -11.868  -62.605  -33.707 0.6000000238
10785  -12.653  -62.631  -33.971 0.6000000238
11499  -20.190  -61.261  -35.583 0.4000000060
11492  -13.681  -61.701  -34.067 0.6000000238
141827  -19.969  -61.931  -35.780 0.5000000000
10792  -18.357  -62.489  -35.904 0.6000000238
9464  -17.329  -63.797  -36.020 0.6000000238
8750  -15.630  -65.625  -36.366 0.6999999881
9463  -16.652  -64.248  -36.002 0.6000000238
8751  -16.445  -65.588  -36.484 0.6999999881
8095  -17.089  -67.040  -37.463 0.6000000238
8081  -16.987  -66.284  -37.028 0.6000000238
7536  -17.605  -67.710  -37.581 0.6000000238
5278  -21.748  -72.332  -31.968 0.6000000238
131251  -21.372  -74.965  -32.531 0.6000000238
131234  -19.931  -73.611  -35.825 0.6999999881
148536  -19.377  -73.389  -37.097 0.6999999881
6982  -18.284  -68.192  -37.353 0.6000000238
5902  -20.724  -71.858  -33.034 0.6000000238
152004  -18.543  -74.114  -38.151 0.6999999881
6968  -18.946  -67.984  -36.919 0.6000000238
5915  -19.993  -71.375  -34.806 0.4000000060
5288  -21.437  -72.335  -33.745 0.5000000000
5279  -22.386  -72.717  -33.149 0.6000000238
148689  -20.957  -74.651  -34.221 0.6000000238
148691  -20.216  -73.363  -36.813 0.6000000238
7511  -20.111  -68.074  -36.200 0.5000000000
6958  -20.098  -68.758  -36.255 0.5000000000
6453  -19.689  -69.813  -35.961 0.5000000000
5300  -20.768  -71.807  -35.545 0.4000000060
158482  -21.730  -73.087  -34.567 0.6000000238
12964  -18.963  -59.321  -34.939 0.6000000238
12227  -18.368  -60.000  -35.293 0.6000000238
12950  -21.469  -59.998  -34.186 0.6000000238
12224  -15.227  -60.693  -34.437 0.6000000238
12962  -16.520  -59.731  -34.686 0.5000000000
13664  -16.793  -58.812  -34.329 0.6000000238
148181  -15.524  -58.517  -33.757 0.6000000238
12237  -20.222  -60.427  -35.332 0.6000000238
11490  -12.931  -61.207  -33.829 0.6999999881
12946  -14.535  -59.587  -33.972 0.6000000238
135381  -14.739  -58.804  -33.613 0.6000000238
10794  -20.695  -61.927  -35.525 0.5000000000
10795  -21.456  -61.893  -35.023 0.6000000238
11489  -11.598  -61.749  -33.335 0.6000000238
12945  -13.302  -59.495  -33.478 0.6999999881
10146  -20.131  -62.623  -35.724 0.5000000000
12212  -11.650  -60.831  -33.304 0.6999999881
10144  -18.682  -63.158  -36.077 0.6000000238
12204  -11.039  -60.291  -33.090 0.6000000238
149447  -17.580  -64.593  -36.242 0.6000000238
10148  -18.145  -63.845  -36.156 0.6000000238
9473  -18.483  -64.575  -36.289 0.6000000238
149749  -18.153  -65.206  -36.484 0.6000000238
134166  -17.902  -66.079  -36.917 0.6000000238
8083  -18.524  -66.545  -37.050 0.6000000238
8065  -19.625  -66.851  -36.255 0.6000000238
7524  -19.092  -67.085  -36.880 0.6000000238
132760  -20.089  -66.474  -35.642 0.6000000238
7510  -19.589  -67.648  -36.434 0.6000000238
131257  -21.260  -73.370  -35.447 0.6000000238
131237  -21.022  -73.645  -35.727 0.6000000238
148558  -20.827  -73.384  -37.251 0.6000000238
8066  -20.187  -67.348  -36.014 0.5000000000
7525  -20.676  -67.787  -36.378 0.5000000000
6969  -20.605  -68.430  -36.483 0.5000000000
143462  -21.801  -74.190  -38.182 0.6000000238
5301  -21.145  -72.183  -36.556 0.4000000060
149269  -21.393  -72.895  -36.466 0.6000000238
148559  -21.193  -73.101  -36.829 0.6000000238
13667  -19.378  -58.788  -34.354 0.6000000238
144609  -19.582  -58.435  -33.690 0.5000000000
13653  -20.401  -58.702  -33.363 0.6000000238
12931  -21.208  -59.101  -32.985 0.5000000000
144129  -17.254  -59.263  -34.709 0.6000000238
14429  -18.212  -57.807  -33.197 0.6000000238
12966  -20.741  -59.501  -34.497 0.5000000000
153750  -21.559  -59.642  -33.393 0.5000000000
12216  -22.031  -60.358  -33.322 0.5000000000
13650  -17.128  -58.106  -33.942 0.5000000000
13651  -17.975  -58.065  -33.907 0.6000000238
14426  -15.865  -57.801  -33.366 0.5000000000
142942  -21.973  -60.879  -34.157 0.6000000238
12944  -12.539  -59.745  -33.359 0.6999999881
157390  -13.484  -58.822  -33.195 0.6000000238
12930  -12.786  -58.958  -33.089 0.6000000238
9466  -20.197  -63.455  -35.578 0.5000000000
12202  -9.766  -60.899  -32.314 0.5000000000
157667  -11.225  -59.635  -32.949 0.6999999881
10149  -18.965  -63.945  -36.151 0.5000000000
9474  -19.106  -64.708  -36.191 0.5000000000
155572  -18.023  -65.637  -36.670 0.6000000238
144332  -19.559  -65.952  -35.834 0.6000000238
8084  -19.096  -66.288  -36.588 0.5000000000
8050  -20.042  -65.696  -35.045 0.6000000238
8085  -20.799  -67.241  -36.168 0.5000000000
5318  -21.536  -71.364  -37.560 0.5000000000
5302  -22.015  -72.406  -37.594 0.5000000000
4743  -21.866  -73.123  -37.369 0.6000000238
4272  -22.613  -73.662  -37.603 0.6000000238
14419  -18.695  -57.885  -32.640 0.6000000238
13639  -20.574  -58.689  -32.461 0.6000000238
14418  -18.091  -57.549  -32.573 0.6000000238
12205  -22.092  -60.704  -32.289 0.5000000000
14416  -16.847  -57.308  -32.875 0.6000000238
144540  -16.181  -57.295  -33.033 0.6999999881
11486  -22.160  -61.425  -33.219 0.6000000238
14414  -14.607  -57.442  -32.649 0.6000000238
13648  -15.045  -57.975  -33.235 0.6000000238
10782  -21.837  -62.409  -33.616 0.6000000238
13634  -11.063  -59.084  -32.504 0.6000000238
13636  -12.395  -58.424  -32.507 0.6000000238
10135  -20.952  -62.790  -35.221 0.5000000000
9465  -19.614  -64.100  -35.917 0.5000000000
12201  -9.206  -61.247  -31.881 0.5000000000
12928  -9.933  -60.026  -32.273 0.6000000238
8754  -19.098  -65.498  -36.291 0.5000000000
8724  -20.041  -65.408  -35.180 0.6000000238
137811  -20.116  -65.497  -34.259 0.5000000000
5320  -23.153  -71.835  -38.109 0.6000000238
136956  -23.182  -72.758  -37.758 0.6000000238
14407  -19.112  -57.919  -31.850 0.6000000238
13628  -20.030  -58.322  -31.809 0.5000000000
139989  -20.716  -58.828  -31.659 0.5000000000
14406  -18.390  -57.563  -31.482 0.6999999881
12916  -21.751  -60.055  -31.746 0.5000000000
15086  -16.133  -56.880  -32.440 0.6999999881
15087  -17.068  -57.031  -32.274 0.6000000238
140788  -21.903  -61.208  -31.500 0.5000000000
11482  -21.982  -61.575  -32.200 0.5000000000
10111  -21.138  -63.002  -32.065 0.6000000238
13627  -12.893  -57.775  -32.085 0.6999999881
10120  -21.376  -63.057  -33.054 0.6000000238
13635  -11.650  -58.565  -32.343 0.6000000238
158050  -21.066  -63.651  -33.510 0.6000000238
12914  -9.591  -59.656  -31.762 0.6999999881
12915  -10.225  -59.154  -32.041 0.6999999881
149017  -20.121  -64.244  -35.444 0.5000000000
9450  -20.713  -63.668  -35.018 0.5000000000
12193  -9.338  -60.326  -31.842 0.6000000238
11480  -8.582  -61.872  -30.599 0.5000000000
9449  -20.037  -64.899  -35.119 0.6000000238
139790  -19.586  -64.975  -35.775 0.5000000000
10753  -9.952  -62.985  -29.647 0.6000000238
14393  -19.027  -57.814  -30.948 0.6999999881
13612  -19.646  -58.107  -31.159 0.5000000000
13613  -20.373  -58.596  -30.896 0.5000000000
15053  -16.885  -56.676  -30.255 0.8000000119
14392  -18.372  -57.538  -30.663 0.6999999881
12194  -21.226  -59.453  -31.091 0.5000000000
12195  -21.729  -60.554  -30.945 0.5000000000
15069  -15.341  -56.511  -30.473 0.6999999881
15070  -16.320  -56.513  -30.790 0.6999999881
15081  -17.306  -56.902  -31.652 0.8000000119
15079  -15.702  -56.540  -31.531 0.6999999881
11481  -21.574  -61.583  -30.598 0.5000000000
15077  -13.855  -56.841  -31.261 0.6999999881
15078  -14.738  -56.634  -31.363 0.6999999881
142408  -21.504  -62.154  -31.511 0.6000000238
143576  -11.399  -57.885  -31.311 0.6000000238
13626  -11.984  -57.928  -31.816 0.6000000238
10118  -19.896  -64.232  -32.511 0.6000000238
13623  -9.612  -59.073  -31.354 0.6999999881
9438  -20.480  -64.391  -34.714 0.6000000238
10127  -20.454  -64.334  -33.602 0.6000000238
148011  -8.211  -61.352  -30.305 0.6000000238
9437  -19.896  -64.920  -34.207 0.6000000238
8705  -19.779  -65.311  -34.302 0.6000000238
10754  -10.773  -63.316  -29.044 0.6000000238
8049  -19.619  -65.516  -34.115 0.6000000238
14375  -17.824  -57.281  -29.262 0.6000000238
150677  -18.449  -57.567  -29.830 0.5000000000
13599  -19.653  -58.109  -30.326 0.5000000000
12184  -21.473  -59.954  -30.203 0.5000000000
15052  -16.211  -56.624  -29.890 0.8000000119
155311  -21.461  -61.488  -29.906 0.5000000000
15068  -14.327  -56.674  -30.551 0.6999999881
10110  -20.313  -63.666  -31.616 0.6000000238
11374  -11.512  -61.944  -23.486 0.6000000238
15076  -13.119  -57.201  -31.162 0.8000000119
11385  -10.636  -61.384  -24.612 0.6000000238
13610  -9.097  -59.026  -30.844 0.6999999881
14402  -11.980  -57.619  -31.153 0.8000000119
10703  -12.236  -62.530  -25.808 0.6000000238
12182  -8.293  -60.132  -30.819 0.6000000238
9425  -19.319  -64.708  -33.301 0.6000000238
8681  -17.833  -65.589  -33.481 0.6000000238
11456  -10.941  -61.904  -28.036 0.6000000238
10736  -10.442  -62.444  -28.785 0.6000000238
147838  -8.665  -61.599  -29.190 0.6000000238
8704  -18.654  -65.734  -33.874 0.6000000238
8703  -17.552  -66.329  -33.701 0.6000000238
11470  -8.652  -61.832  -29.841 0.5000000000
8033  -18.328  -66.593  -33.828 0.5000000000
8034  -19.369  -66.276  -33.778 0.5000000000
8020  -18.317  -67.388  -33.475 0.5000000000
139240  -18.670  -57.612  -28.953 0.5000000000
13587  -19.553  -57.915  -28.774 0.5000000000
14374  -17.001  -56.903  -29.541 0.6000000238
142834  -18.037  -57.281  -28.331 0.5000000000
15051  -15.425  -56.831  -29.461 0.8000000119
14373  -16.217  -57.016  -29.073 0.6999999881
139954  -14.711  -56.776  -29.828 0.8000000119
15067  -13.487  -57.006  -30.615 0.8000000119
10766  -20.873  -62.957  -31.083 0.6000000238
10756  -21.195  -62.131  -29.712 0.5000000000
12097  -8.719  -61.024  -24.009 0.6000000238
15066  -12.654  -57.432  -30.695 0.8000000119
153749  -20.010  -63.668  -30.083 0.5000000000
11384  -9.504  -61.282  -24.889 0.6999999881
14400  -10.165  -58.103  -30.781 0.8000000119
148428  -19.504  -64.178  -31.657 0.6000000238
10109  -19.551  -63.940  -30.753 0.6000000238
10100  -20.307  -63.464  -30.713 0.6000000238
11397  -10.279  -61.218  -25.731 0.6000000238
9423  -17.315  -65.250  -32.583 0.6000000238
9410  -18.906  -64.500  -32.288 0.6000000238
9391  -17.627  -64.489  -30.740 0.6000000238
11434  -11.384  -61.616  -27.181 0.6000000238
12168  -7.795  -60.572  -30.253 0.6000000238
12902  -8.450  -59.326  -30.591 0.5000000000
8680  -16.851  -65.959  -33.119 0.6000000238
11454  -9.041  -61.509  -28.466 0.6000000238
7496  -17.691  -67.342  -33.708 0.6000000238
8018  -16.259  -67.279  -32.727 0.6000000238
148392  -17.811  -68.112  -32.789 0.5000000000
7484  -18.422  -67.666  -32.647 0.5000000000
8021  -19.123  -66.904  -32.932 0.5000000000
8010  -19.832  -66.254  -31.964 0.5000000000
14354  -17.067  -57.167  -28.667 0.6000000238
14372  -15.475  -57.192  -28.769 0.6999999881
12071  -8.466  -60.396  -22.036 0.6000000238
12086  -8.462  -60.714  -22.928 0.6000000238
15050  -13.908  -57.098  -29.828 0.8000000119
10738  -20.652  -62.930  -28.949 0.5000000000
15049  -12.913  -57.489  -29.969 0.8000000119
10083  -19.341  -63.955  -28.675 0.5000000000
12107  -8.513  -61.067  -25.172 0.6999999881
14389  -10.432  -57.832  -30.468 0.8000000119
9392  -18.629  -64.196  -30.398 0.6000000238
10099  -19.171  -63.982  -29.611 0.6000000238
11396  -9.011  -61.133  -26.078 0.8000000119
144336  -8.770  -58.497  -30.347 0.6999999881
9409  -17.938  -64.698  -31.922 0.6000000238
148238  -17.120  -64.709  -29.738 0.6000000238
11409  -8.999  -61.200  -27.024 0.6999999881
11431  -8.395  -61.132  -27.819 0.6999999881
12901  -7.737  -59.617  -30.289 0.6000000238
8663  -16.452  -65.585  -31.956 0.6000000238
8645  -15.982  -65.661  -29.911 0.6000000238
11432  -9.495  -61.361  -27.599 0.6000000238
8644  -15.861  -66.076  -30.998 0.5000000000
6920  -16.675  -68.082  -31.511 0.5000000000
14353  -16.085  -57.318  -28.129 0.6000000238
14334  -16.176  -57.522  -27.067 0.5000000000
12786  -8.235  -59.003  -21.509 0.6000000238
14352  -15.040  -57.462  -28.142 0.6999999881
12795  -7.879  -59.612  -22.080 0.6000000238
14351  -14.095  -57.837  -28.156 0.6999999881
14332  -13.698  -58.182  -27.332 0.6000000238
12096  -7.600  -60.572  -23.802 0.6000000238
12085  -7.483  -60.100  -22.930 0.6000000238
148269  -13.243  -58.170  -28.010 0.6000000238
14350  -12.415  -58.161  -28.161 0.6999999881
12106  -7.680  -60.734  -24.815 0.8000000119
15048  -11.683  -57.696  -29.926 0.6999999881
14349  -11.661  -57.850  -28.213 0.6000000238
12120  -7.733  -60.824  -25.945 0.8000000119
14387  -8.773  -57.853  -29.987 0.8000000119
15063  -9.927  -57.465  -29.810 0.6999999881
12137  -7.450  -60.742  -27.578 0.6999999881
141796  -6.864  -60.383  -28.152 0.6999999881
12887  -6.575  -59.343  -29.306 0.6000000238
14386  -7.996  -58.098  -29.968 0.8000000119
13499  -8.596  -58.271  -21.153 0.6000000238
12794  -6.980  -59.319  -22.675 0.6000000238
137797  -6.162  -59.707  -24.278 0.6999999881
14314  -11.515  -57.166  -26.860 0.6000000238
12822  -6.816  -60.370  -24.502 0.6999999881
12830  -6.209  -59.875  -25.825 0.6999999881
15047  -10.503  -57.025  -28.782 0.6999999881
136812  -10.242  -56.938  -28.977 0.6000000238
12844  -6.755  -60.369  -26.350 0.8000000119
12860  -5.879  -59.551  -27.508 0.6000000238
13586  -5.982  -58.762  -28.850 0.5000000000
15046  -9.952  -56.926  -29.153 0.6999999881
15829  -9.823  -55.824  -28.496 0.6999999881
139944  -10.923  -55.749  -28.029 0.6000000238
132974  -7.319  -60.675  -26.826 0.8000000119
14367  -7.303  -57.690  -29.581 0.6000000238
14980  -8.285  -56.855  -20.660 0.6000000238
14264  -7.330  -57.290  -21.996 0.6000000238
13505  -6.676  -58.522  -22.598 0.6999999881
156943  -7.152  -58.078  -22.201 0.6000000238
135950  -6.295  -58.988  -23.031 0.6999999881
147500  -5.588  -59.000  -24.442 0.6999999881
13544  -5.656  -59.350  -25.239 0.6999999881
135370  -5.106  -58.651  -25.966 0.6000000238
15030  -11.134  -56.721  -27.409 0.6000000238
13554  -5.289  -58.972  -26.985 0.6000000238
13596  -6.017  -58.057  -28.999 0.6000000238
15808  -11.881  -55.564  -27.172 0.5000000000
15830  -10.562  -55.667  -28.105 0.6000000238
15821  -11.679  -55.152  -28.107 0.5000000000
16558  -13.423  -54.982  -27.918 0.5000000000
16592  -10.539  -55.055  -28.068 0.6000000238
16574  -12.495  -54.499  -28.600 0.5000000000
15738  -6.075  -56.011  -21.051 0.6000000238
14983  -6.872  -56.140  -21.429 0.6000000238
14263  -6.610  -57.641  -22.517 0.6999999881
153865  -6.381  -56.364  -22.333 0.6999999881
14277  -5.390  -57.327  -23.769 0.6999999881
13520  -5.387  -58.277  -24.081 0.6999999881
14303  -4.604  -57.653  -25.653 0.6000000238
13543  -5.137  -58.437  -24.997 0.5000000000
14327  -4.783  -57.342  -27.242 0.6999999881
15805  -5.311  -55.881  -27.073 0.6000000238
14328  -5.284  -57.409  -28.014 0.6000000238
15816  -6.477  -56.181  -28.211 0.6000000238
16570  -8.036  -55.080  -28.026 0.6000000238
15819  -9.415  -55.550  -28.424 0.6000000238
16591  -9.801  -55.298  -28.280 0.5000000000
17353  -11.176  -54.207  -28.097 0.5000000000
16595  -13.372  -54.056  -29.356 0.5000000000
143385  -2.953  -54.463  -20.012 0.6999999881
16500  -3.171  -54.143  -21.305 0.6999999881
17266  -3.242  -53.698  -20.596 0.6999999881
15737  -5.194  -55.919  -21.419 0.6000000238
15735  -3.348  -55.135  -21.348 0.6999999881
17270  -3.359  -53.605  -21.417 0.6999999881
18942  -4.413  -51.940  -22.342 0.6999999881
19804  -5.180  -50.844  -21.868 0.6000000238
15748  -6.066  -55.890  -21.940 0.6999999881
15736  -4.173  -55.592  -21.659 0.6999999881
16508  -3.578  -54.645  -22.375 0.6999999881
18095  -4.308  -52.545  -22.754 0.6999999881
14991  -5.770  -56.030  -22.781 0.6999999881
15747  -5.059  -55.770  -22.270 0.6999999881
17286  -3.897  -53.349  -22.693 0.6999999881
14289  -4.902  -57.527  -24.646 0.6999999881
14302  -4.488  -56.838  -25.746 0.6000000238
14313  -4.542  -57.137  -26.407 0.6000000238
16555  -6.669  -54.949  -27.102 0.6000000238
17329  -8.657  -53.619  -27.417 0.6000000238
15815  -5.729  -56.155  -27.759 0.6000000238
15807  -7.119  -55.450  -27.849 0.6000000238
16557  -8.357  -54.388  -27.668 0.6000000238
17339  -9.206  -54.211  -27.823 0.5000000000
17341  -10.777  -53.762  -27.966 0.6000000238
17343  -12.526  -53.055  -28.572 0.6000000238
16572  -9.722  -54.798  -28.164 0.5000000000
16496  -3.065  -54.132  -20.351 0.6999999881
18083  -3.646  -52.895  -21.628 0.6999999881
136872  -4.682  -51.367  -21.698 0.6000000238
20743  -5.749  -50.952  -21.463 0.6000000238
19805  -6.131  -51.200  -21.963 0.6000000238
19807  -7.240  -51.802  -22.715 0.4000000060
18096  -4.807  -52.301  -23.136 0.6000000238
18958  -4.693  -51.819  -22.762 0.5000000000
19823  -5.910  -51.289  -22.741 0.5000000000
20745  -8.302  -50.358  -23.528 0.4000000060
20746  -8.781  -49.743  -23.306 0.5000000000
14278  -6.030  -56.957  -22.932 0.6999999881
15758  -4.721  -55.341  -23.053 0.8000000119
17292  -4.239  -54.041  -23.047 0.6999999881
18968  -6.225  -52.100  -23.626 0.5000000000
19835  -7.343  -51.347  -23.638 0.4000000060
20763  -8.155  -49.799  -23.917 0.4000000060
20764  -8.640  -49.236  -23.719 0.4000000060
21675  -9.080  -47.922  -24.242 0.4000000060
14999  -5.318  -55.818  -23.724 0.8000000119
145216  -5.412  -55.577  -24.067 0.8000000119
15768  -4.902  -54.858  -23.391 0.8000000119
17293  -5.066  -54.023  -23.702 0.8000000119
18106  -5.898  -52.754  -24.002 0.6000000238
18970  -7.444  -51.249  -24.380 0.5000000000
19837  -8.214  -49.765  -24.527 0.4000000060
20781  -8.462  -49.006  -24.201 0.4000000060
15007  -5.045  -56.654  -24.294 0.6999999881
15020  -4.672  -56.300  -25.422 0.8000000119
16540  -5.329  -55.353  -25.464 0.6999999881
16542  -6.375  -54.549  -26.383 0.5000000000
19849  -7.889  -50.621  -24.857 0.5000000000
20789  -8.665  -49.095  -24.977 0.4000000060
21684  -9.146  -48.195  -25.007 0.4000000060
15795  -5.228  -55.513  -26.283 0.6000000238
17327  -7.102  -54.204  -26.775 0.5000000000
17316  -8.227  -52.943  -26.943 0.5000000000
18139  -9.629  -52.617  -27.368 0.6000000238
18146  -10.218  -53.199  -27.700 0.6000000238
18148  -11.917  -52.462  -27.998 0.6000000238
18070  -3.466  -53.044  -20.777 0.6000000238
18918  -3.692  -52.384  -19.961 0.5000000000
19795  -5.289  -51.003  -21.063 0.5000000000
20738  -5.862  -51.059  -20.404 0.4000000060
19806  -6.380  -51.474  -21.437 0.5000000000
18944  -7.464  -51.867  -22.469 0.5000000000
19808  -8.244  -50.933  -23.228 0.5000000000
19809  -9.017  -50.528  -22.984 0.5000000000
141403  -9.434  -49.651  -23.023 0.5000000000
145153  -10.286  -49.869  -22.822 0.5000000000
20765  -9.105  -48.816  -23.364 0.5000000000
21663  -10.645  -48.261  -23.390 0.5000000000
17301  -5.652  -54.278  -24.389 0.6999999881
18118  -6.184  -53.145  -24.671 0.6000000238
18120  -7.264  -52.267  -25.557 0.5000000000
18980  -7.044  -51.979  -24.759 0.5000000000
22553  -9.617  -47.533  -24.056 0.5000000000
22554  -10.469  -47.450  -23.896 0.5000000000
148388  -5.077  -56.121  -24.541 0.8000000119
16530  -5.690  -54.610  -25.115 0.6999999881
17313  -6.145  -54.191  -25.636 0.6000000238
18982  -8.164  -51.022  -25.652 0.5000000000
19851  -9.011  -49.774  -25.778 0.4000000060
20794  -9.853  -48.971  -26.166 0.5000000000
22584  -9.764  -47.703  -25.450 0.4000000060
22585  -10.179  -47.054  -25.168 0.5000000000
17315  -7.405  -53.387  -26.560 0.5000000000
151214  -8.262  -52.211  -26.540 0.5000000000
18989  -8.569  -51.515  -26.341 0.6000000238
19858  -9.470  -50.309  -26.393 0.5000000000
19859  -10.166  -49.827  -26.622 0.5000000000
20795  -10.569  -48.926  -26.611 0.5000000000
18131  -8.979  -52.154  -26.930 0.5000000000
151267  -10.506  -51.109  -27.095 0.5000000000
19865  -10.020  -50.783  -26.820 0.5000000000
19866  -10.720  -50.444  -26.982 0.5000000000
19001  -11.554  -51.576  -27.605 0.6000000238
19874  -11.874  -50.762  -27.552 0.6000000238
132970  -3.986  -51.548  -19.408 0.5000000000
19786  -4.611  -51.227  -19.714 0.5000000000
19787  -5.268  -51.033  -20.047 0.5000000000
20730  -6.295  -51.233  -20.331 0.4000000060
19796  -6.422  -51.392  -20.713 0.4000000060
19778  -4.265  -50.855  -18.841 0.5000000000
20728  -5.640  -50.737  -19.317 0.4000000060
18928  -6.660  -51.721  -21.539 0.5000000000
18946  -9.389  -51.279  -22.406 0.5000000000
148047  -9.829  -50.540  -22.653 0.5000000000
18947  -10.670  -50.750  -22.367 0.4000000060
21650  -10.765  -49.172  -23.053 0.4000000060
155763  -12.219  -49.389  -23.195 0.4000000060
149063  -6.177  -50.400  -18.796 0.4000000060
136009  -6.608  -50.972  -19.395 0.4000000060
19788  -6.591  -51.167  -19.966 0.4000000060
18062  -7.738  -52.125  -21.093 0.5000000000
140468  -7.945  -52.080  -21.859 0.5000000000
18072  -9.578  -52.189  -21.134 0.5000000000
18920  -7.319  -51.720  -20.518 0.4000000060
157694  -8.445  -51.789  -19.730 0.4000000060
18064  -9.283  -52.296  -20.416 0.5000000000
18073  -10.528  -52.130  -21.149 0.4000000060
18931  -10.864  -51.537  -21.728 0.4000000060
135966  -11.817  -49.696  -22.964 0.4000000060
20749  -12.846  -49.920  -22.926 0.4000000060
21630  -6.020  -49.974  -18.520 0.4000000060
20717  -6.507  -50.486  -18.873 0.4000000060
19789  -7.140  -51.239  -19.792 0.4000000060
20701  -7.201  -49.907  -18.075 0.4000000060
19765  -7.524  -50.415  -18.477 0.4000000060
18907  -7.841  -51.491  -19.764 0.4000000060
18908  -8.641  -51.490  -19.122 0.4000000060
18055  -9.982  -52.325  -19.676 0.5000000000
18066  -11.166  -52.310  -20.550 0.5000000000
18932  -11.815  -51.640  -21.447 0.4000000060
19797  -12.252  -50.527  -22.435 0.4000000060
18910  -10.637  -52.053  -19.060 0.4000000060
18912  -12.609  -51.743  -19.605 0.4000000060
18922  -12.502  -51.955  -20.375 0.4000000060
18933  -12.591  -51.729  -21.062 0.4000000060
19811  -13.383  -50.830  -22.069 0.4000000060
21618  -6.016  -49.402  -18.034 0.4000000060
21619  -6.751  -49.347  -17.663 0.3000000119
19766  -8.604  -50.690  -18.351 0.3000000119
18898  -9.373  -51.250  -18.579 0.4000000060
21606  -8.332  -48.322  -17.065 0.4000000060
20687  -7.698  -49.182  -17.407 0.3000000119
20688  -8.528  -49.045  -17.419 0.3000000119
150392  -9.175  -50.039  -17.890 0.4000000060
20705  -11.032  -49.793  -18.294 0.5000000000
18901  -12.132  -51.336  -18.864 0.4000000060
18913  -13.423  -51.117  -19.668 0.4000000060
19790  -14.088  -50.906  -20.326 0.4000000060
20751  -14.949  -50.099  -22.442 0.3000000119
21621  -10.761  -48.828  -18.109 0.5000000000
21622  -11.558  -48.950  -18.575 0.5000000000
19781  -13.190  -50.459  -19.247 0.4000000060
19782  -13.933  -50.405  -19.708 0.4000000060
19800  -14.729  -50.618  -20.957 0.3000000119
21605  -7.138  -48.269  -16.762 0.4000000060
22504  -8.157  -47.258  -16.714 0.4000000060
22505  -9.203  -47.393  -17.198 0.4000000060
21620  -9.960  -48.682  -17.688 0.5000000000
23405  -8.805  -46.436  -17.018 0.4000000060
138841  -10.543  -47.935  -17.894 0.5000000000
22515  -10.926  -47.099  -18.307 0.5000000000
22516  -11.247  -48.047  -18.493 0.4000000060
21632  -12.850  -48.941  -19.345 0.4000000060
20721  -14.214  -49.694  -19.721 0.3000000119
23415  -10.457  -46.147  -18.179 0.3000000119
22522  -11.483  -47.277  -19.098 0.3000000119
140859  -7.318  -46.989  -16.352 0.4000000060
24296  -8.888  -45.473  -17.366 0.3000000119
24304  -8.768  -44.485  -17.931 0.4000000060
22531  -13.606  -47.795  -20.305 0.3000000119
137947  -8.111  -45.005  -17.345 0.3000000119
25176  -7.455  -43.504  -18.352 0.3000000119
12234  -16.703  -60.736  -35.172 0.6000000238
12226  -17.410  -59.933  -35.135 0.5000000000
15828  -9.729  -56.217  -28.640 0.6000000238
15042  -6.979  -57.127  -29.144 0.6000000238
5932  -8.847  -70.910  -36.808 0.5000000000
137308  -10.883  -70.024  -37.314 0.6000000238
7518  -10.527  -67.617  -36.353 0.5000000000
5946  -12.815  -70.373  -37.763 0.6999999881
4763  -12.848  -72.120  -37.784 0.6999999881
5328  -14.354  -71.646  -38.073 0.6999999881
6979  -15.389  -68.338  -37.631 0.6999999881
5330  -15.734  -71.124  -38.084 0.6999999881
5949  -15.499  -70.392  -38.110 0.6999999881
131308  -16.525  -72.772  -36.708 0.6999999881
7534  -15.830  -67.581  -37.447 0.6999999881
6980  -16.311  -68.316  -37.776 0.6999999881
6981  -17.638  -68.626  -37.666 0.6999999881
12235  -17.796  -60.763  -35.454 0.6000000238
5276  -18.169  -71.490  -31.254 0.6999999881
8082  -17.782  -66.818  -37.302 0.6000000238
154794  -18.607  -68.465  -37.054 0.6000000238
12223  -14.466  -60.380  -34.158 0.6999999881
7523  -18.411  -67.377  -37.263 0.6000000238
148525  -21.979  -74.348  -34.183 0.6000000238
12960  -15.026  -59.980  -34.201 0.6000000238
12214  -13.117  -60.298  -33.731 0.6999999881
10789  -21.600  -62.578  -34.508 0.6000000238
8753  -18.534  -65.779  -36.651 0.5000000000
131011  -21.556  -73.555  -37.688 0.6000000238
5331  -22.848  -70.870  -38.292 0.5000000000
14413  -13.742  -57.642  -32.356 0.6000000238
10755  -20.607  -62.994  -30.068 0.5000000000
10682  -12.213  -61.992  -24.601 0.6000000238
10737  -11.234  -62.697  -28.417 0.6000000238
11398  -11.345  -61.307  -25.410 0.6000000238
15065  -11.757  -57.669  -30.572 0.8000000119
11410  -9.935  -61.211  -26.730 0.6000000238
9390  -16.509  -65.165  -30.589 0.6000000238
12157  -8.145  -61.198  -28.813 0.6000000238
8008  -15.951  -67.024  -31.619 0.6000000238
146912  -10.980  -57.612  -29.760 0.8000000119
134596  -18.047  -64.378  -29.603 0.6000000238
13609  -7.861  -58.803  -30.176 0.6000000238
134182  -7.492  -60.770  -28.445 0.6999999881
12875  -6.245  -59.666  -28.352 0.6000000238
13568  -5.042  -58.184  -27.612 0.6000000238
15044  -8.654  -56.885  -29.256 0.6999999881
15036  -7.118  -56.581  -28.785 0.6000000238
16593  -11.393  -54.506  -28.133 0.5000000000
15804  -4.857  -55.988  -26.458 0.5000000000
15818  -8.580  -55.620  -28.443 0.6000000238
17355  -13.036  -53.467  -29.091 0.5000000000
15728  -3.173  -55.072  -20.447 0.6999999881
15729  -4.520  -55.851  -20.726 0.6000000238
16507  -3.330  -54.193  -22.028 0.6999999881
143560  -4.020  -55.045  -22.718 0.8000000119
18105  -5.177  -52.997  -23.614 0.6000000238
18927  -4.371  -51.792  -21.121 0.6000000238
19825  -7.807  -51.014  -23.537 0.5000000000
18959  -5.820  -51.640  -23.157 0.5000000000
21689  -10.135  -48.200  -26.093 0.5000000000
19785  -4.247  -51.770  -20.322 0.5000000000
21662  -9.880  -47.996  -23.562 0.5000000000
17303  -6.406  -53.437  -25.394 0.6000000238
18130  -7.641  -52.598  -26.282 0.6000000238
20727  -4.957  -50.717  -19.074 0.5000000000
158240  -10.141  -51.182  -22.158 0.5000000000
18071  -8.582  -52.178  -21.145 0.6000000238
20700  -6.461  -49.956  -18.428 0.4000000060
20718  -6.783  -50.385  -18.758 0.4000000060
152298  -6.984  -50.688  -19.078 0.4000000060
20702  -8.261  -49.845  -17.792 0.3000000119
18056  -10.967  -52.405  -19.767 0.5000000000
18921  -11.901  -52.044  -20.769 0.4000000060
18899  -10.241  -51.377  -18.579 0.4000000060
18900  -11.205  -51.448  -18.671 0.4000000060
19799  -13.207  -51.369  -21.318 0.4000000060
20750  -14.004  -50.189  -22.716 0.4000000060
21607  -9.179  -48.452  -17.401 0.3000000119
20703  -9.192  -49.302  -17.626 0.5000000000
20704  -10.412  -50.152  -18.166 0.4000000060
20706  -11.952  -49.779  -18.665 0.5000000000
19769  -11.617  -50.613  -18.552 0.4000000060
19812  -14.441  -50.612  -21.840 0.4000000060
21631  -12.013  -48.254  -19.185 0.5000000000
20719  -12.741  -49.737  -18.990 0.4000000060
20720  -13.495  -49.684  -19.414 0.4000000060
147085  -9.850  -47.907  -17.523 0.5000000000
23414  -9.644  -46.222  -17.494 0.5000000000
22514  -10.201  -47.096  -17.650 0.4000000060
22523  -12.780  -48.097  -19.891 0.4000000060
24305  -9.785  -45.106  -18.193 0.4000000060
25177  -8.438  -43.714  -18.534 0.3000000119
25178  -9.413  -44.052  -18.749 0.3000000119
2574  -19.371  -78.284  -38.118 0.5000000000
2247  -19.945  -78.922  -37.835 0.5000000000
2238  -21.246  -79.347  -37.059 0.5000000000
2248  -20.901  -78.698  -37.588 0.5000000000
2239  -22.191  -79.234  -36.834 0.5000000000
2563  -21.680  -78.787  -37.277 0.5000000000
153942  -23.635  -79.461  -36.129 0.6000000238
2854  -18.813  -77.652  -38.279 0.5000000000
2575  -20.294  -78.165  -38.062 0.5000000000
132692  -21.071  -78.064  -38.019 0.5000000000
2576  -21.691  -78.217  -37.672 0.5000000000
2222  -24.614  -79.528  -35.122 0.6000000238
2565  -23.258  -78.099  -37.426 0.6000000238
2240  -23.079  -78.842  -37.045 0.6000000238
2853  -17.985  -77.709  -38.250 0.4000000060
3458  -14.075  -75.823  -36.540 0.4000000060
132095  -15.060  -75.561  -37.182 0.4000000060
3140  -15.055  -76.869  -38.051 0.5000000000
3141  -15.867  -76.742  -38.212 0.5000000000
150176  -16.295  -77.350  -38.255 0.5000000000
147468  -16.757  -76.672  -38.310 0.5000000000
152108  -16.866  -75.881  -38.293 0.5000000000
2852  -17.062  -77.692  -38.255 0.5000000000
138794  -17.642  -76.963  -38.356 0.5000000000
157776  -25.002  -79.426  -34.407 0.6000000238
2215  -25.646  -79.058  -33.958 0.6000000238
140233  -18.974  -76.842  -38.400 0.5000000000
2855  -19.739  -77.382  -38.260 0.5000000000
3144  -19.635  -76.530  -38.401 0.5000000000
2229  -25.017  -78.833  -35.690 0.6000000238
2856  -20.732  -77.444  -38.182 0.5000000000
144964  -23.126  -77.413  -37.822 0.6000000238
151388  -24.053  -78.218  -37.150 0.6000000238
2223  -26.082  -78.395  -34.579 0.6000000238
2558  -25.191  -77.727  -36.518 0.6000000238
2553  -25.654  -78.272  -35.354 0.6000000238
2547  -27.059  -77.895  -34.506 0.6999999881
2837  -25.816  -77.448  -35.809 0.6000000238
139169  -26.424  -76.726  -35.250 0.6999999881
148683  -14.434  -74.653  -34.093 0.6000000238
131252  -14.633  -74.967  -34.773 0.6000000238
148521  -15.980  -73.963  -35.931 0.6000000238
3451  -14.828  -75.181  -36.049 0.5000000000
3452  -15.813  -74.743  -36.817 0.5000000000
131007  -16.579  -74.262  -36.994 0.6000000238
3459  -15.909  -75.395  -37.717 0.5000000000
132553  -16.526  -74.740  -37.534 0.5000000000
3861  -17.197  -74.668  -37.961 0.5000000000
3462  -18.137  -75.578  -38.412 0.5000000000
3862  -17.939  -74.745  -38.252 0.5000000000
3143  -19.060  -75.880  -38.505 0.5000000000
2198  -26.606  -79.640  -32.549 0.6999999881
2207  -27.202  -79.064  -33.083 0.6000000238
2200  -27.952  -78.927  -32.471 0.8000000119
140106  -20.380  -76.667  -38.337 0.5000000000
147767  -21.965  -76.838  -38.313 0.5000000000
2859  -23.276  -76.734  -38.070 0.6000000238
2216  -26.638  -78.730  -33.879 0.6999999881
2539  -27.401  -78.430  -33.769 0.6999999881
132766  -24.027  -77.285  -37.617 0.6000000238
2826  -27.710  -77.104  -34.797 0.6999999881
2849  -24.811  -77.053  -37.129 0.6000000238
2846  -25.371  -76.891  -36.441 0.6000000238
148610  -25.688  -75.293  -34.925 0.6999999881
2839  -26.949  -76.094  -34.972 0.6999999881
3116  -27.974  -75.534  -34.874 0.6000000238
131375  -12.915  -74.833  -33.655 0.5000000000
148511  -15.185  -74.262  -34.951 0.6000000238
148685  -16.841  -73.561  -36.094 0.6000000238
131866  -17.139  -74.101  -37.330 0.6000000238
3859  -17.802  -74.019  -37.770 0.6000000238
3463  -18.762  -74.898  -38.470 0.5000000000
148429  -19.332  -74.225  -38.310 0.6000000238
2199  -27.362  -79.481  -32.206 0.6999999881
3464  -19.643  -75.019  -38.532 0.5000000000
154938  -20.083  -74.347  -38.373 0.5000000000
153832  -28.505  -78.781  -32.052 0.5000000000
2529  -29.526  -78.429  -31.352 0.6000000238
3465  -20.645  -75.040  -38.517 0.6000000238
3467  -22.365  -75.591  -38.431 0.5000000000
2540  -28.557  -77.957  -33.246 0.6000000238
3139  -23.933  -76.264  -37.871 0.5000000000
2548  -28.031  -77.780  -34.023 0.6999999881
2821  -28.888  -77.346  -33.640 0.6000000238
131579  -24.425  -75.751  -37.280 0.5000000000
2827  -28.416  -76.940  -34.461 0.6000000238
3432  -28.655  -75.355  -34.785 0.6000000238
131016  -24.771  -75.271  -36.226 0.5000000000
131285  -24.990  -74.931  -35.149 0.6000000238
3128  -27.417  -75.106  -34.714 0.5000000000
4265  -27.183  -73.481  -35.330 0.5000000000
3833  -28.462  -73.816  -34.391 0.5000000000
3839  -13.358  -74.186  -34.248 0.6000000238
148676  -14.502  -73.956  -34.703 0.6000000238
3849  -12.828  -73.972  -35.626 0.4000000060
3863  -20.912  -73.999  -38.251 0.5000000000
2535  -29.780  -77.757  -31.897 0.6000000238
131013  -21.401  -74.684  -38.426 0.5000000000
2541  -29.270  -77.712  -32.724 0.5000000000
131019  -23.761  -75.329  -37.739 0.5000000000
2822  -29.789  -76.856  -33.215 0.5000000000
136045  -30.886  -75.869  -32.664 0.5000000000
2817  -30.656  -76.463  -32.433 0.5000000000
131665  -24.288  -74.742  -36.904 0.5000000000
2828  -29.166  -76.644  -34.112 0.5000000000
3434  -30.053  -75.129  -33.886 0.5000000000
131429  -24.794  -74.487  -35.845 0.6000000238
4274  -25.548  -73.865  -35.909 0.6000000238
152877  -28.590  -74.568  -34.610 0.5000000000
3834  -29.295  -74.515  -34.240 0.6000000238
4289  -26.520  -73.278  -36.138 0.6000000238
4275  -27.090  -73.231  -35.807 0.5000000000
132676  -12.076  -73.311  -37.238 0.4000000060
158365  -22.414  -74.345  -38.092 0.5000000000
3110  -31.334  -75.851  -32.086 0.5000000000
131498  -23.540  -74.466  -37.525 0.5000000000
3851  -23.831  -74.098  -37.086 0.5000000000
3831  -29.918  -74.539  -33.489 0.5000000000
3821  -30.295  -74.110  -31.729 0.5000000000
4250  -29.623  -73.647  -31.060 0.5000000000
4249  -29.051  -73.269  -30.507 0.5000000000
5242  -29.345  -71.112  -29.412 0.5000000000
4287  -24.779  -73.197  -37.298 0.6000000238
4288  -25.655  -73.251  -36.674 0.6000000238
3830  -28.931  -73.743  -33.781 0.5000000000
137023  -26.575  -72.707  -36.749 0.6000000238
4254  -28.563  -72.411  -33.748 0.5000000000
4761  -27.870  -71.988  -36.801 0.5000000000
4746  -28.105  -72.269  -36.282 0.5000000000
4766  -24.207  -71.839  -38.127 0.5000000000
3825  -30.183  -74.322  -32.656 0.5000000000
134303  -28.984  -72.888  -31.233 0.5000000000
141226  -28.999  -72.349  -30.596 0.5000000000
4703  -28.845  -71.976  -29.815 0.5000000000
4758  -23.827  -72.445  -37.960 0.5000000000
5332  -24.788  -71.193  -38.208 0.6000000238
4256  -29.282  -73.525  -32.363 0.5000000000
4252  -28.865  -72.691  -32.131 0.5000000000
5246  -29.518  -71.542  -30.183 0.5000000000
5243  -30.084  -70.944  -29.849 0.5000000000
5853  -30.362  -70.440  -29.225 0.5000000000
154905  -27.217  -72.280  -36.850 0.5000000000
4255  -28.644  -72.992  -33.113 0.5000000000
4712  -29.452  -71.783  -32.885 0.5000000000
5951  -23.808  -70.965  -38.386 0.5000000000
5254  -30.439  -71.571  -31.562 0.5000000000
4705  -29.799  -71.747  -30.991 0.5000000000
5247  -30.364  -71.152  -30.414 0.5000000000
5855  -32.676  -69.910  -30.062 0.4000000060
5248  -31.710  -70.962  -31.013 0.4000000060
154231  -11.962  -63.763  -34.768 0.4000000060
12087  -9.948  -61.468  -23.610 0.5000000000
139546  -9.105  -60.990  -22.154 0.5000000000
12782  -8.747  -59.241  -20.632 0.5000000000
12787  -8.504  -59.924  -21.292 0.5000000000
149467  -9.255  -61.171  -22.949 0.5000000000
15722  -3.114  -54.845  -19.530 0.5000000000
18061  -3.313  -53.176  -19.921 0.5000000000
4744  -22.648  -73.136  -37.575 0.5000000000
3850  -23.245  -74.018  -37.412 0.5000000000
2228  -24.311  -79.226  -35.997 0.6000000238
2857  -21.682  -77.505  -38.107 0.6000000238
154106  -25.329  -78.214  -36.034 0.6000000238
3125  -25.894  -76.272  -35.523 0.6999999881
151819  -16.060  -74.210  -36.295 0.6000000238
3466  -21.533  -75.385  -38.495 0.5000000000
148620  -25.311  -75.800  -35.851 0.6000000238
3439  -26.325  -74.839  -34.564 0.6000000238
3840  -26.638  -74.081  -34.752 0.6000000238
2195  -28.814  -78.884  -31.488 0.6999999881
131017  -22.942  -74.894  -38.156 0.5000000000
148609  -25.381  -74.283  -35.229 0.6000000238
3852  -26.304  -73.785  -35.303 0.6000000238
3841  -27.370  -73.847  -34.814 0.5000000000
3829  -28.436  -73.078  -34.059 0.5000000000
3429  -30.572  -75.492  -33.222 0.5000000000
3424  -30.688  -74.955  -32.951 0.5000000000
145454  -24.622  -73.886  -36.587 0.5000000000
4745  -27.365  -72.679  -36.359 0.5000000000
4286  -23.997  -73.079  -37.699 0.5000000000
4760  -25.635  -72.553  -37.352 0.5000000000
4759  -24.589  -72.547  -37.784 0.5000000000
4707  -29.222  -72.348  -31.512 0.5000000000
158561  -29.103  -72.175  -32.296 0.5000000000
4708  -29.672  -71.862  -31.902 0.5000000000
5863  -30.962  -70.630  -29.873 0.5000000000
142691  -31.809  -70.478  -30.319 0.4000000060
2802  -30.949  -77.101  -28.629 0.5000000000
3100  -30.948  -76.319  -29.141 0.6000000238
3102  -31.324  -76.004  -30.020 0.6000000238
2522  -30.693  -77.762  -29.468 0.6000000238
2521  -29.617  -79.079  -29.362 0.4000000060
3416  -30.418  -75.131  -29.501 0.4000000060
3815  -31.478  -74.864  -30.669 0.4000000060
3417  -31.529  -75.403  -30.418 0.5000000000
2809  -31.249  -76.435  -30.456 0.6000000238
139881  -31.428  -76.251  -31.071 0.5000000000
3107  -31.621  -75.757  -31.412 0.4000000060
139303  -30.140  -78.563  -29.875 0.5000000000
133649  -30.519  -77.093  -31.765 0.5000000000
2188  -28.695  -79.617  -30.337 0.6000000238
2193  -27.450  -79.775  -31.563 0.6000000238
1872  -26.793  -79.942  -31.846 0.6000000238
1871  -26.055  -80.034  -32.106 0.6000000238
1881  -25.797  -79.742  -32.734 0.6000000238
1880  -25.041  -79.838  -33.008 0.6000000238
1887  -25.011  -79.625  -33.756 0.5000000000
1894  -24.554  -79.959  -34.297 0.5000000000
1892  -23.237  -80.335  -35.169 0.4000000060
1891  -22.491  -80.431  -35.549 0.5000000000
5854  -31.769  -70.017  -29.494 0.3000000119
2237  -20.409  -79.423  -37.285 0.4000000060
9368  -18.396  -64.360  -28.455 0.4000000060
9343  -17.691  -64.907  -27.699 0.4000000060
8627  -16.514  -65.277  -29.139 0.5000000000
148327  -13.347  -52.561  -29.219 0.5000000000
18149  -12.791  -52.329  -28.454 0.5000000000
18159  -14.445  -52.499  -30.673 0.5000000000
19009  -13.750  -51.641  -29.147 0.4000000060
19875  -12.713  -50.521  -27.801 0.4000000060
141317  -18.069  -52.248  -31.760 0.4000000060
19868  -12.026  -49.932  -27.466 0.4000000060
19877  -14.279  -50.026  -28.575 0.4000000060
19883  -14.625  -50.731  -29.480 0.4000000060
152262  -11.563  -49.531  -27.239 0.4000000060
20803  -13.500  -49.417  -27.929 0.4000000060
19894  -16.841  -50.252  -31.185 0.4000000060
21698  -12.684  -48.600  -27.601 0.4000000060
21704  -13.568  -48.582  -27.814 0.4000000060
20816  -16.474  -49.019  -29.704 0.4000000060
21696  -11.458  -47.932  -26.941 0.4000000060
146213  -12.322  -47.711  -27.361 0.4000000060
22594  -10.428  -47.369  -25.910 0.4000000060
22603  -11.870  -47.408  -27.031 0.4000000060
146659  -11.235  -47.940  -23.614 0.3000000119
22555  -11.403  -47.300  -24.020 0.4000000060
20767  -13.543  -49.392  -23.357 0.3000000119
21665  -13.155  -48.418  -23.906 0.3000000119
22570  -11.596  -46.551  -24.546 0.3000000119
22556  -12.350  -47.360  -24.162 0.3000000119
19027  -16.483  -51.828  -31.838 0.4000000060
19892  -15.517  -51.016  -30.899 0.4000000060
18154  -14.733  -51.459  -30.310 0.4000000060
19017  -15.244  -51.897  -31.063 0.4000000060
19884  -15.300  -50.586  -30.132 0.4000000060
20814  -15.088  -50.021  -29.268 0.4000000060
19906  -17.703  -50.333  -31.627 0.4000000060
20815  -15.875  -49.838  -29.909 0.4000000060
20809  -15.611  -49.246  -29.087 0.4000000060
143399  -14.777  -49.331  -28.555 0.4000000060
4657  -32.322  -71.952  -22.135 0.3000000119
5194  -31.996  -71.426  -22.885 0.3000000119
4207  -32.840  -72.981  -22.697 0.4000000060
4664  -32.381  -72.342  -23.194 0.3000000119
4663  -31.741  -71.931  -23.552 0.4000000060
4227  -33.142  -74.019  -24.001 0.3000000119
4676  -32.218  -72.730  -23.997 0.3000000119
4225  -31.885  -73.184  -24.687 0.4000000060
3396  -33.478  -75.396  -24.612 0.3000000119
4234  -32.338  -73.869  -25.136 0.3000000119
4233  -31.491  -73.687  -25.307 0.3000000119
3797  -33.208  -74.941  -25.140 0.3000000119
3796  -32.678  -74.565  -25.469 0.3000000119
3794  -31.085  -74.289  -25.790 0.3000000119
3399  -33.118  -75.559  -25.293 0.3000000119
3804  -32.346  -74.882  -25.868 0.3000000119
3803  -31.671  -74.911  -26.062 0.3000000119
2788  -32.602  -76.540  -25.520 0.3000000119
3093  -32.085  -76.538  -26.260 0.3000000119
3092  -31.532  -75.996  -26.517 0.3000000119
2150  -31.079  -78.734  -24.896 0.3000000119
2495  -31.904  -78.050  -24.886 0.3000000119
146922  -32.099  -77.445  -25.754 0.3000000119
140778  -31.749  -77.237  -26.539 0.3000000119
2794  -31.383  -76.647  -26.919 0.3000000119
2158  -30.759  -78.840  -25.806 0.4000000060
5204  -30.944  -71.556  -23.860 0.3000000119
4216  -33.266  -73.824  -23.168 0.4000000060
4674  -30.405  -72.208  -24.376 0.4000000060
3785  -33.557  -74.584  -23.534 0.3000000119
4232  -30.503  -73.593  -25.427 0.4000000060
154275  -33.272  -75.950  -24.723 0.3000000119
3793  -30.063  -74.211  -25.897 0.4000000060
3802  -30.652  -74.950  -26.238 0.4000000060
2781  -32.820  -76.973  -24.091 0.3000000119
3409  -30.696  -76.050  -27.231 0.4000000060
2128  -31.112  -78.868  -23.342 0.3000000119
2477  -31.923  -78.240  -23.145 0.4000000060
3097  -30.793  -76.298  -27.441 0.4000000060
2799  -30.825  -77.571  -27.833 0.3000000119
142137  -31.405  -78.692  -22.677 0.3000000119
5193  -31.321  -70.915  -23.234 0.3000000119
5192  -30.605  -70.705  -23.648 0.3000000119
5794  -31.431  -70.135  -22.880 0.3000000119
5203  -29.879  -71.177  -24.008 0.3000000119
5202  -28.983  -71.300  -24.326 0.3000000119
3777  -33.225  -74.725  -21.673 0.4000000060
4673  -29.407  -72.005  -24.525 0.3000000119
4672  -28.555  -71.888  -24.711 0.3000000119
147532  -33.612  -75.743  -23.352 0.3000000119
3388  -33.644  -75.213  -22.921 0.4000000060
4231  -28.865  -73.148  -25.383 0.4000000060
4682  -28.214  -72.539  -25.177 0.3000000119
3792  -28.964  -74.001  -25.925 0.4000000060
4230  -28.058  -73.298  -25.784 0.4000000060
158286  -33.040  -76.699  -23.499 0.3000000119
2762  -33.103  -76.693  -21.957 0.3000000119
3801  -29.600  -74.816  -26.404 0.4000000060
3800  -28.708  -74.589  -26.586 0.4000000060
2478  -32.655  -77.385  -23.177 0.3000000119
2459  -32.292  -77.942  -20.853 0.3000000119
3407  -29.608  -75.655  -27.595 0.4000000060
3413  -29.658  -75.415  -28.498 0.5000000000
2466  -32.404  -77.917  -21.774 0.3000000119
3096  -30.489  -76.183  -28.456 0.4000000060
3414  -30.345  -75.781  -28.882 0.4000000060
3099  -30.909  -75.730  -29.628 0.5000000000
2112  -30.436  -79.276  -21.851 0.3000000119
5793  -30.863  -69.948  -23.397 0.3000000119
3379  -33.202  -75.524  -21.362 0.4000000060
4681  -27.635  -72.426  -25.570 0.4000000060
4693  -27.395  -72.635  -26.965 0.4000000060
3068  -33.051  -76.129  -21.101 0.4000000060
3806  -28.501  -74.836  -27.354 0.4000000060
4240  -27.893  -74.156  -27.680 0.5000000000
151774  -28.697  -74.122  -29.091 0.4000000060
2753  -32.578  -77.235  -20.651 0.3000000119
3810  -29.431  -74.667  -29.199 0.4000000060
135670  -32.277  -77.670  -20.123 0.3000000119
3813  -29.985  -74.492  -29.848 0.4000000060
3817  -29.876  -74.069  -30.421 0.4000000060
2465  -31.814  -78.441  -21.436 0.3000000119
2118  -31.267  -78.828  -22.013 0.3000000119
2113  -31.114  -78.949  -21.155 0.3000000119
5805  -29.045  -70.448  -24.193 0.3000000119
4671  -27.857  -71.795  -24.958 0.3000000119
5220  -27.373  -72.134  -26.185 0.3000000119
3067  -32.637  -76.530  -20.446 0.4000000060
4699  -27.670  -72.133  -27.771 0.5000000000
4246  -28.458  -73.284  -29.297 0.4000000060
3062  -32.248  -76.699  -19.445 0.4000000060
3812  -29.091  -73.864  -29.796 0.4000000060
2736  -31.761  -77.613  -17.712 0.3000000119
2739  -32.089  -77.342  -18.721 0.3000000119
2452  -32.131  -77.825  -19.352 0.3000000119
2100  -31.414  -78.679  -19.659 0.3000000119
2099  -30.266  -79.430  -19.866 0.3000000119
2106  -30.942  -79.058  -20.208 0.3000000119
5814  -27.677  -70.769  -25.447 0.3000000119
5831  -27.725  -70.961  -26.902 0.4000000060
5234  -28.212  -71.529  -28.416 0.4000000060
2437  -31.603  -77.767  -16.934 0.3000000119
2726  -30.965  -77.711  -15.733 0.3000000119
2443  -31.484  -78.357  -17.363 0.3000000119
2436  -31.372  -78.235  -16.484 0.3000000119
2093  -30.890  -79.152  -18.297 0.3000000119
2725  -30.590  -77.519  -15.384 0.3000000119
2073  -30.543  -78.672  -15.414 0.3000000119
138943  -31.122  -78.565  -16.200 0.3000000119
1766  -30.575  -79.539  -17.014 0.3000000119
2088  -31.011  -79.082  -17.506 0.3000000119
5833  -29.108  -70.065  -27.667 0.3000000119
5842  -28.623  -70.741  -28.107 0.4000000060
2425  -29.658  -78.385  -14.448 0.3000000119
2072  -29.939  -79.186  -15.006 0.3000000119
6384  -30.972  -68.869  -26.275 0.3000000119
6391  -30.490  -69.320  -27.164 0.3000000119
5844  -30.389  -69.995  -28.524 0.3000000119
6392  -31.435  -69.208  -27.278 0.3000000119
6399  -30.872  -69.546  -28.003 0.3000000119
6400  -31.763  -69.451  -28.117 0.3000000119
19008  -13.247  -51.851  -28.606 0.5000000000
23480  -11.040  -46.137  -24.968 0.5000000000
22596  -11.820  -46.645  -26.710 0.4000000060
19003  -13.385  -51.108  -28.371 0.4000000060
145794  -28.550  -79.382  -31.053 0.6000000238
2525  -29.887  -78.526  -30.650 0.5000000000
3822  -31.370  -74.778  -31.372 0.4000000060
4702  -28.463  -72.461  -29.422 0.4000000060
5241  -28.553  -71.736  -29.154 0.4000000060
5843  -29.519  -70.424  -28.551 0.4000000060
5845  -31.187  -69.912  -28.795 0.3000000119
17362  -14.500  -53.454  -30.717 0.5000000000
18160  -15.183  -52.859  -31.152 0.4000000060
19905  -16.840  -51.033  -31.746 0.4000000060
4215  -32.796  -73.207  -23.613 0.3000000119
139633  -32.520  -77.217  -24.874 0.3000000119
2488  -32.267  -77.760  -24.047 0.3000000119
4208  -33.197  -73.899  -22.216 0.4000000060
3402  -30.157  -75.603  -26.915 0.4000000060
3386  -33.486  -75.447  -22.059 0.4000000060
3078  -33.479  -76.043  -22.561 0.3000000119
2768  -33.109  -76.719  -22.778 0.3000000119
4688  -27.425  -73.013  -26.229 0.4000000060
2107  -31.964  -78.161  -19.959 0.3000000119
4244  -28.104  -73.734  -28.574 0.4000000060
2458  -31.624  -78.552  -20.552 0.3000000119
5227  -27.920  -71.219  -27.622 0.4000000060
3046  -31.840  -77.097  -17.884 0.3000000119
156929  -30.215  -79.565  -19.323 0.3000000119
5832  -28.310  -70.479  -27.278 0.3000000119
2078  -30.303  -79.243  -15.682 0.3000000119
1886  -24.471  -80.165  -33.517 0.5000000000
1879  -24.393  -80.333  -32.749 0.5000000000
1860  -25.182  -80.352  -31.682 0.5000000000
1854  -26.452  -80.340  -30.682 0.5000000000
153653  -28.024  -80.016  -30.174 0.4000000060
5952  -24.578  -70.430  -38.295 0.4000000060
153469  -30.181  -78.536  -29.113 0.5000000000
2518  -30.429  -78.144  -28.382 0.3000000119
2164  -29.368  -79.118  -27.125 0.3000000119
2501  -31.457  -78.040  -26.286 0.3000000119
2511  -31.206  -77.596  -27.128 0.3000000119
3054  -31.958  -76.843  -18.631 0.3000000119
3053  -31.682  -76.219  -19.161 0.3000000119
3369  -32.204  -75.900  -20.042 0.3000000119
4205  -32.747  -72.861  -21.657 0.3000000119
3360  -30.308  -75.406  -18.966 0.3000000119
3368  -31.532  -75.269  -19.784 0.3000000119
3378  -32.774  -75.645  -20.723 0.3000000119
3774  -32.833  -74.762  -20.970 0.3000000119
4203  -32.423  -73.347  -20.376 0.3000000119
3772  -31.970  -73.853  -20.087 0.3000000119
3367  -30.683  -74.772  -19.606 0.3000000119
3765  -31.369  -74.369  -19.954 0.3000000119
3766  -32.185  -74.822  -20.330 0.3000000119
142138  -31.251  -73.598  -19.720 0.3000000119
3776  -32.820  -73.769  -21.172 0.3000000119
153819  -30.195  -74.173  -19.682 0.3000000119
140849  -32.650  -72.846  -20.846 0.3000000119
1911  -21.538  -79.911  -36.510 0.3000000119
2186  -29.067  -79.526  -29.653 0.5000000000
1855  -27.320  -80.198  -30.409 0.4000000060
146400  -26.122  -80.270  -31.473 0.5000000000
2517  -29.727  -78.670  -27.869 0.3000000119
20832  -18.586  -49.775  -31.423 0.3000000119
20823  -17.722  -49.443  -31.063 0.3000000119
22605  -13.037  -47.564  -27.588 0.3000000119
150373  -23.348  -80.702  -34.441 0.4000000060
1534  -23.616  -80.798  -32.535 0.4000000060
2504  -20.821  -78.964  -27.123 0.4000000060
2180  -21.637  -79.545  -29.903 0.4000000060
2181  -23.164  -79.682  -29.852 0.4000000060
2182  -24.754  -79.957  -29.747 0.4000000060
1848  -25.766  -80.328  -30.199 0.4000000060
1847  -23.524  -80.246  -30.591 0.4000000060
1859  -24.108  -80.473  -31.366 0.4000000060
148041  -24.787  -80.331  -30.600 0.4000000060
1833  -21.512  -79.780  -25.863 0.3000000119
2505  -21.435  -78.326  -26.869 0.4000000060
2515  -23.678  -78.451  -28.354 0.4000000060
1869  -24.291  -80.507  -32.078 0.4000000060
2513  -21.189  -78.850  -27.884 0.4000000060
2153  -21.020  -79.257  -25.996 0.3000000119
2506  -22.253  -78.057  -27.364 0.4000000060
2170  -22.741  -79.090  -29.076 0.4000000060
2171  -24.162  -79.214  -29.015 0.4000000060
2172  -25.393  -79.444  -28.781 0.4000000060
137802  -22.751  -79.048  -24.624 0.3000000119
2142  -21.415  -78.610  -25.661 0.3000000119
2796  -23.035  -77.516  -26.934 0.3000000119
2785  -22.535  -77.484  -25.568 0.3000000119
2160  -25.819  -79.006  -27.932 0.3000000119
2174  -27.248  -79.751  -28.265 0.3000000119
2516  -24.857  -78.639  -28.225 0.3000000119
2175  -28.162  -79.567  -28.209 0.3000000119
139830  -29.675  -78.862  -28.534 0.3000000119
156468  -28.344  -79.776  -28.858 0.3000000119
2173  -26.376  -79.695  -28.469 0.3000000119
2184  -27.002  -80.142  -29.044 0.3000000119
1849  -26.735  -80.313  -29.870 0.3000000119
1762  -20.399  -80.331  -16.951 0.3000000119
2081  -19.158  -79.183  -17.717 0.3000000119
3034  -28.943  -76.188  -16.028 0.3000000119
3043  -20.730  -76.267  -17.593 0.3000000119
3032  -21.375  -76.202  -17.184 0.3000000119
3333  -22.323  -75.739  -15.351 0.3000000119
3010  -23.869  -76.005  -14.418 0.3000000119
3327  -24.788  -75.656  -14.284 0.3000000119
157857  -25.503  -75.455  -14.429 0.3000000119
3336  -26.677  -75.254  -15.073 0.3000000119
3337  -27.377  -75.549  -15.466 0.3000000119
3344  -21.538  -75.540  -16.328 0.3000000119
3334  -23.094  -75.441  -14.527 0.3000000119
3326  -24.082  -74.943  -14.388 0.3000000119
3729  -25.147  -74.842  -14.493 0.3000000119
134706  -24.385  -77.866  -27.639 0.3000000119
2441  -21.152  -78.433  -18.326 0.3000000119
3020  -22.642  -76.730  -15.583 0.3000000119
138619  -21.250  -76.731  -17.902 0.3000000119
2733  -20.443  -77.159  -18.203 0.3000000119
151182  -22.456  -77.174  -16.353 0.3000000119
3033  -22.037  -76.404  -16.373 0.3000000119
3325  -22.468  -74.795  -14.801 0.3000000119
1537  -23.152  -81.104  -32.978 0.4000000060
1759  -30.506  -79.406  -16.328 0.3000000119
1776  -30.429  -79.531  -18.450 0.3000000119
1782  -30.713  -79.255  -19.182 0.3000000119
1825  -22.579  -79.666  -25.149 0.3000000119
1832  -20.839  -79.775  -26.531 0.3000000119
1850  -27.578  -80.162  -29.641 0.4000000060
1853  -25.463  -80.419  -31.008 0.5000000000
1861  -27.035  -80.129  -31.150 0.6000000238
1862  -27.912  -79.838  -30.921 0.6000000238
1870  -25.227  -80.167  -32.279 0.5000000000
1885  -23.972  -80.506  -34.015 0.5000000000
1893  -23.958  -80.157  -34.775 0.5000000000
1898  -20.940  -80.469  -36.178 0.3000000119
1899  -22.368  -79.930  -36.231 0.5000000000
1900  -23.153  -79.995  -35.937 0.6000000238
1901  -23.844  -79.803  -35.542 0.6000000238
2064  -29.576  -78.963  -14.459 0.3000000119
2079  -30.841  -78.872  -15.978 0.3000000119
2082  -19.411  -79.899  -16.897 0.3000000119
2084  -31.061  -78.922  -16.641 0.3000000119
2086  -20.319  -79.157  -18.261 0.3000000119
2089  -31.306  -78.680  -18.078 0.3000000119
2094  -31.351  -78.719  -18.813 0.3000000119
2105  -30.371  -79.290  -20.786 0.3000000119
2117  -30.778  -79.121  -22.678 0.3000000119
2133  -22.552  -78.487  -24.665 0.3000000119
2139  -30.672  -79.129  -24.124 0.3000000119
2143  -21.869  -79.000  -25.208 0.3000000119
2159  -20.674  -79.424  -26.833 0.4000000060
2169  -21.373  -79.234  -28.973 0.4000000060
2183  -26.048  -80.075  -29.322 0.3000000119
2185  -28.395  -79.879  -29.492 0.5000000000
2189  -29.162  -79.023  -30.834 0.6000000238
2194  -28.089  -79.328  -31.682 0.6999999881
2205  -25.558  -79.504  -33.332 0.6000000238
2206  -26.260  -79.306  -33.263 0.6000000238
2208  -27.975  -78.467  -33.222 0.6999999881
2227  -23.033  -79.377  -36.465 0.6000000238
2236  -19.559  -79.589  -37.359 0.4000000060
2241  -23.800  -78.931  -36.702 0.6000000238
2426  -30.149  -78.533  -14.884 0.3000000119
2431  -30.652  -78.074  -15.309 0.3000000119
2432  -31.066  -78.239  -15.852 0.3000000119
2440  -20.433  -78.119  -18.439 0.3000000119
2446  -20.876  -77.772  -18.426 0.3000000119
2447  -31.791  -78.144  -18.450 0.3000000119
2487  -31.518  -78.508  -24.074 0.3000000119
2494  -31.522  -78.284  -25.547 0.4000000060
2496  -21.062  -78.779  -26.390 0.3000000119
2497  -21.669  -78.056  -25.958 0.3000000119
2500  -30.839  -78.436  -26.653 0.3000000119
2507  -23.303  -77.884  -27.609 0.3000000119
2510  -30.405  -78.400  -27.391 0.3000000119
2514  -22.409  -78.576  -28.213 0.4000000060
2526  -30.524  -77.847  -30.411 0.5000000000
2530  -30.244  -77.813  -31.188 0.5000000000
2533  -28.576  -78.385  -32.622 0.5000000000
2534  -29.099  -78.352  -32.027 0.6000000238
2554  -26.364  -77.654  -35.122 0.6999999881
2557  -24.663  -78.452  -36.501 0.6000000238
2564  -22.394  -78.492  -37.317 0.6000000238
2566  -24.696  -77.723  -37.051 0.6000000238
2567  -25.039  -77.389  -36.846 0.6000000238
2577  -22.448  -77.815  -37.761 0.6000000238
2724  -30.000  -77.235  -15.008 0.3000000119
2730  -31.361  -77.596  -16.339 0.3000000119
2735  -31.634  -77.277  -17.104 0.3000000119
2746  -32.350  -77.227  -19.785 0.3000000119
2754  -32.932  -76.660  -21.218 0.3000000119
2761  -32.720  -77.309  -21.444 0.3000000119
2767  -32.782  -77.337  -22.242 0.3000000119
2774  -33.190  -76.342  -24.098 0.3000000119
2782  -32.926  -76.469  -24.782 0.3000000119
2790  -22.339  -77.676  -26.476 0.3000000119
2800  -31.024  -76.844  -27.700 0.4000000060
2805  -31.030  -76.749  -29.657 0.6000000238
2808  -30.925  -77.161  -30.200 0.6000000238
2811  -30.925  -76.997  -30.979 0.5000000000
2812  -31.167  -76.366  -31.637 0.4000000060
2816  -30.043  -77.187  -32.414 0.5000000000
2838  -27.073  -77.034  -35.095 0.6999999881
2851  -15.572  -77.536  -38.173 0.5000000000
2858  -22.533  -77.140  -38.125 0.6000000238
3042  -20.121  -76.446  -17.598 0.3000000119
3045  -31.605  -76.936  -17.360 0.3000000119
3075  -33.300  -76.107  -21.680 0.4000000060
3083  -33.365  -76.227  -23.385 0.3000000119
3088  -32.518  -75.830  -25.849 0.3000000119
3089  -32.985  -76.057  -25.301 0.3000000119
3105  -31.613  -75.783  -30.754 0.5000000000
3112  -30.360  -76.145  -33.235 0.5000000000
3117  -29.348  -75.959  -34.452 0.6000000238
3118  -29.989  -75.747  -33.901 0.5000000000
3126  -26.330  -75.676  -34.897 0.6999999881
3127  -27.433  -75.745  -34.864 0.6999999881
3138  -15.403  -76.119  -37.939 0.5000000000
3142  -18.270  -76.426  -38.411 0.5000000000
3145  -20.929  -75.987  -38.448 0.5000000000
3146  -21.767  -76.175  -38.427 0.5000000000
3147  -22.537  -76.410  -38.316 0.6000000238
3148  -23.202  -75.874  -38.239 0.5000000000
3335  -25.950  -74.965  -14.768 0.3000000119
3338  -28.082  -75.888  -15.832 0.3000000119
3361  -31.033  -75.549  -19.266 0.3000000119
3393  -33.696  -75.272  -23.833 0.3000000119
3398  -32.755  -75.184  -25.701 0.3000000119
3401  -29.219  -75.233  -27.043 0.4000000060
3403  -31.203  -75.571  -26.441 0.3000000119
3404  -32.111  -75.380  -26.080 0.3000000119
3408  -30.163  -75.968  -27.937 0.4000000060
3412  -29.051  -75.320  -27.760 0.4000000060
3419  -31.793  -75.250  -31.073 0.4000000060
3422  -31.559  -75.306  -31.756 0.5000000000
3425  -31.101  -75.412  -32.438 0.5000000000
3433  -29.420  -75.241  -34.475 0.6000000238
3440  -27.055  -74.559  -34.629 0.5000000000
3441  -27.837  -74.635  -34.724 0.5000000000
3460  -16.204  -75.995  -38.200 0.5000000000
3461  -16.652  -75.326  -38.066 0.5000000000
3764  -30.726  -74.049  -19.829 0.3000000119
3773  -32.439  -74.070  -20.596 0.3000000119
3779  -33.472  -74.778  -22.329 0.4000000060
3789  -32.978  -74.250  -24.813 0.3000000119
3790  -33.466  -74.735  -24.371 0.3000000119
3795  -32.001  -74.344  -25.683 0.3000000119
3799  -27.980  -74.224  -26.826 0.4000000060
3809  -28.686  -74.722  -28.355 0.5000000000
3814  -30.781  -74.650  -30.249 0.4000000060
3818  -30.759  -74.280  -30.904 0.4000000060
3824  -29.346  -73.827  -33.093 0.5000000000
3826  -31.033  -74.844  -32.162 0.5000000000
3838  -12.286  -75.120  -34.048 0.5000000000
3860  -19.113  -73.667  -37.891 0.6999999881
4223  -29.801  -72.870  -25.011 0.4000000060
4224  -30.922  -73.028  -24.817 0.4000000060
4226  -32.603  -73.515  -24.417 0.3000000119
4236  -27.771  -73.639  -26.372 0.4000000060
4237  -28.249  -73.985  -26.253 0.4000000060
4239  -27.536  -73.519  -26.963 0.4000000060
4243  -27.623  -73.152  -27.804 0.5000000000
4248  -28.668  -72.860  -29.952 0.5000000000
4273  -23.387  -73.563  -37.489 0.5000000000
4276  -27.602  -72.863  -35.833 0.5000000000
4284  -13.525  -73.540  -36.743 0.6999999881
4285  -14.444  -73.460  -36.889 0.6999999881
4650  -32.737  -72.635  -20.286 0.3000000119
4675  -31.400  -72.448  -24.218 0.4000000060
4683  -28.916  -72.514  -24.935 0.3000000119
4700  -28.024  -72.568  -28.715 0.4000000060
4711  -28.761  -72.224  -32.949 0.5000000000
4742  -16.951  -72.625  -35.676 0.6999999881
4752  -10.610  -72.812  -37.419 0.5000000000
4756  -14.068  -73.041  -37.521 0.6999999881
4757  -15.410  -72.475  -37.642 0.6999999881
4767  -25.930  -71.894  -37.595 0.5000000000
4768  -26.589  -72.149  -37.217 0.5000000000
5200  -27.753  -71.033  -24.891 0.3000000119
5201  -28.333  -71.133  -24.583 0.3000000119
5213  -27.539  -71.585  -25.471 0.3000000119
5226  -27.500  -71.725  -26.938 0.4000000060
5235  -28.838  -71.069  -28.771 0.4000000060
5270  -19.540  -71.534  -30.856 0.6999999881
5271  -20.650  -71.979  -30.578 0.6999999881
5277  -20.356  -71.683  -31.725 0.6000000238
5297  -8.017  -71.141  -36.503 0.5000000000
5312  -11.282  -71.138  -37.483 0.6999999881
5319  -22.292  -71.436  -38.030 0.5000000000
5327  -13.566  -71.491  -38.014 0.6999999881
5822  -27.498  -71.247  -26.189 0.3000000119
5824  -28.764  -69.850  -26.797 0.3000000119
5834  -29.984  -69.758  -27.879 0.3000000119
5924  -9.103  -70.113  -36.668 0.5000000000
5934  -11.420  -70.343  -37.452 0.6999999881
5935  -12.142  -69.999  -37.557 0.6999999881
5948  -14.218  -70.434  -38.075 0.6999999881
6390  -29.598  -69.552  -27.046 0.3000000119
6459  -9.333  -69.357  -36.496 0.6000000238
6469  -10.563  -69.570  -37.140 0.6000000238
6471  -12.304  -69.262  -37.433 0.6999999881
6472  -13.117  -69.143  -37.588 0.6999999881
6485  -14.466  -69.722  -37.997 0.6999999881
6927  -16.718  -68.236  -32.225 0.5000000000
6928  -17.222  -68.354  -32.040 0.5000000000
6934  -16.681  -67.962  -32.852 0.5000000000
6935  -17.206  -68.256  -32.705 0.5000000000
6966  -11.127  -68.112  -36.748 0.6999999881
6974  -10.850  -68.866  -37.042 0.6999999881
6978  -14.419  -68.373  -37.454 0.6999999881
7482  -16.256  -67.796  -32.007 0.5000000000
7495  -16.962  -67.442  -33.488 0.6000000238
7519  -11.307  -67.385  -36.468 0.5000000000
7522  -14.158  -67.070  -36.718 0.6999999881
8019  -16.751  -66.749  -33.393 0.6000000238
8032  -17.400  -66.962  -33.773 0.6000000238
8063  -10.280  -66.325  -35.756 0.5000000000
8064  -11.076  -66.219  -36.000 0.6000000238
8075  -10.747  -66.892  -36.191 0.6000000238
8662  -16.198  -66.438  -32.399 0.6000000238
8739  -14.862  -65.244  -36.024 0.6000000238
8747  -12.433  -65.716  -35.983 0.6000000238
8748  -13.314  -65.814  -36.145 0.6000000238
8752  -17.424  -65.502  -36.536 0.6000000238
9367  -17.360  -64.767  -28.715 0.5000000000
9408  -17.067  -64.962  -31.579 0.6000000238
9424  -18.278  -64.965  -32.993 0.6000000238
9436  -18.910  -65.231  -33.763 0.6000000238
9460  -12.737  -64.429  -35.329 0.6000000238
10046  -11.650  -63.792  -27.760 0.6000000238
10065  -11.402  -63.629  -28.472 0.6000000238
10066  -11.760  -62.997  -27.873 0.6000000238
10084  -20.018  -63.573  -29.265 0.5000000000
10119  -20.719  -63.665  -32.706 0.6000000238
10128  -21.000  -63.805  -34.275 0.5000000000
10129  -21.469  -63.181  -33.951 0.6000000238
10132  -13.029  -63.253  -34.432 0.5000000000
10134  -14.753  -63.149  -34.830 0.6000000238
10136  -21.227  -63.238  -34.629 0.5000000000
10139  -12.521  -63.782  -34.881 0.5000000000
10140  -13.459  -63.893  -35.058 0.6000000238
10141  -15.573  -63.213  -35.256 0.6000000238
10143  -17.681  -63.019  -35.931 0.6000000238
10145  -19.506  -63.276  -35.967 0.6000000238
10681  -12.088  -62.056  -24.154 0.6000000238
10694  -12.284  -62.374  -24.749 0.6000000238
10752  -9.079  -62.473  -30.052 0.6000000238
10767  -21.189  -62.385  -30.591 0.5000000000
10779  -21.736  -62.292  -32.593 0.6000000238
10786  -13.471  -62.547  -34.142 0.6000000238
10793  -19.235  -62.367  -35.954 0.5000000000
11361  -9.674  -61.614  -22.444 0.5000000000
11373  -10.612  -61.963  -22.965 0.5000000000
11386  -11.546  -61.571  -24.343 0.6000000238
11399  -12.074  -61.760  -25.001 0.6000000238
11411  -10.988  -61.190  -26.466 0.6000000238
11412  -11.779  -61.604  -26.163 0.6000000238
11433  -10.511  -61.434  -27.369 0.6000000238
11455  -10.000  -61.763  -28.240 0.6000000238
11457  -11.538  -62.235  -27.767 0.6000000238
11471  -9.471  -62.073  -29.208 0.5000000000
11491  -12.405  -61.909  -33.658 0.6999999881
11495  -15.826  -61.163  -34.936 0.6000000238
11498  -19.380  -61.470  -35.725 0.4000000060
12084  -6.826  -60.163  -23.751 0.6999999881
12121  -8.146  -60.990  -26.883 0.6999999881
12156  -7.493  -60.694  -29.359 0.6000000238
12169  -8.053  -61.285  -29.658 0.6000000238
12183  -8.395  -61.009  -30.820 0.6000000238
12185  -21.600  -60.895  -30.054 0.5000000000
12192  -8.831  -60.631  -31.341 0.6999999881
12203  -10.390  -60.565  -32.733 0.5000000000
12213  -12.371  -60.570  -33.516 0.6999999881
12215  -13.836  -59.933  -33.932 0.6000000238
12222  -13.736  -60.792  -34.051 0.6999999881
12228  -20.900  -60.086  -34.988 0.6000000238
12229  -21.479  -60.635  -34.724 0.6000000238
12238  -21.029  -61.045  -35.211 0.6000000238
12809  -6.552  -59.591  -23.381 0.6999999881
12831  -6.852  -60.453  -25.414 0.8000000119
12843  -6.054  -59.730  -26.700 0.8000000119
12861  -6.587  -60.244  -27.361 0.8000000119
12876  -6.867  -60.178  -28.956 0.6000000238
12888  -7.146  -59.924  -29.786 0.6000000238
12900  -7.092  -59.071  -29.952 0.6000000238
12913  -9.025  -59.734  -31.212 0.6999999881
12929  -10.601  -59.769  -32.649 0.6000000238
12932  -21.764  -59.801  -32.624 0.5000000000
12943  -11.776  -60.023  -33.233 0.6999999881
12947  -15.993  -59.069  -34.205 0.6000000238
12948  -20.231  -58.923  -34.195 0.5000000000
12949  -21.028  -59.193  -33.828 0.5000000000
12961  -15.662  -59.883  -34.359 0.6000000238
12963  -18.015  -59.281  -34.851 0.6000000238
12965  -20.035  -59.454  -34.992 0.6999999881
13492  -8.908  -58.298  -20.344 0.5000000000
13498  -7.880  -58.120  -21.799 0.6000000238
13506  -7.422  -58.800  -22.135 0.6000000238
13521  -5.926  -58.158  -23.151 0.6999999881
13532  -5.889  -59.016  -23.678 0.6999999881
13553  -4.687  -58.052  -26.688 0.6999999881
13569  -5.525  -58.933  -28.020 0.6000000238
13585  -5.552  -58.131  -28.413 0.6000000238
13597  -6.640  -58.387  -29.463 0.6000000238
13598  -7.325  -58.391  -29.894 0.6000000238
13611  -9.610  -58.492  -30.813 0.8000000119
13624  -10.219  -58.487  -31.324 0.6999999881
13625  -11.006  -58.363  -31.822 0.6999999881
13637  -13.224  -58.284  -32.722 0.6000000238
13638  -19.643  -58.233  -32.765 0.6000000238
13647  -14.003  -59.151  -33.561 0.6999999881
13649  -16.315  -58.265  -33.906 0.6000000238
13652  -18.794  -58.244  -33.827 0.5000000000
13665  -17.619  -58.651  -34.363 0.6000000238
13666  -18.485  -58.673  -34.371 0.6000000238
14251  -8.175  -57.391  -21.405 0.6000000238
14252  -8.708  -57.603  -20.808 0.6000000238
14288  -4.591  -56.823  -25.060 0.6999999881
14329  -11.183  -57.395  -27.753 0.6000000238
14333  -14.611  -57.861  -27.335 0.6000000238
14347  -5.880  -57.449  -28.650 0.6000000238
14348  -11.176  -57.446  -28.772 0.6000000238
14366  -6.513  -57.572  -29.144 0.6000000238
14368  -8.254  -57.460  -29.661 0.6000000238
14369  -12.119  -57.866  -29.092 0.6999999881
14370  -13.327  -57.768  -28.925 0.6000000238
14371  -14.581  -57.317  -29.027 0.6999999881
14376  -19.213  -57.885  -29.586 0.5000000000
14388  -9.609  -57.904  -30.287 0.6999999881
14390  -11.232  -57.789  -30.759 0.8000000119
14391  -17.646  -57.113  -30.241 0.8000000119
14401  -10.755  -58.030  -31.074 0.8000000119
14403  -12.676  -57.502  -31.449 0.8000000119
14404  -13.410  -57.275  -31.706 0.6999999881
14405  -14.207  -57.002  -31.987 0.6000000238
14415  -15.478  -57.278  -32.879 0.6000000238
14417  -17.599  -57.395  -32.728 0.6000000238
14427  -16.636  -57.717  -33.391 0.5000000000
14428  -17.409  -57.712  -33.326 0.6000000238
14984  -7.578  -56.682  -21.427 0.6000000238
14992  -6.672  -56.926  -22.349 0.6999999881
14993  -6.937  -56.548  -21.941 0.6999999881
15000  -5.478  -56.382  -23.527 0.6999999881
15023  -4.604  -56.404  -26.126 0.6000000238
15024  -11.518  -56.375  -26.836 0.6000000238
15028  -4.778  -56.523  -26.856 0.6000000238
15029  -5.207  -56.642  -27.573 0.6000000238
15034  -5.788  -56.750  -28.213 0.6000000238
15035  -6.428  -56.912  -28.742 0.6000000238
15037  -10.972  -56.866  -28.068 0.6000000238
15043  -7.702  -56.996  -29.242 0.6000000238
15045  -9.469  -56.902  -29.217 0.6999999881
15062  -9.162  -57.390  -29.719 0.8000000119
15064  -10.641  -57.605  -29.989 0.8000000119
15071  -17.115  -56.750  -30.960 0.8000000119
15072  -17.792  -57.155  -31.191 0.6999999881
15075  -12.492  -57.435  -31.048 0.8000000119
15080  -16.611  -56.658  -31.648 0.6999999881
15085  -15.120  -56.876  -32.206 0.6999999881
15088  -17.832  -57.219  -32.067 0.6999999881
15727  -3.047  -54.612  -20.911 0.6999999881
15734  -3.266  -54.654  -21.746 0.6999999881
15745  -3.636  -55.112  -22.153 0.6999999881
15746  -4.351  -55.406  -22.543 0.8000000119
15757  -4.525  -55.069  -23.023 0.8000000119
15759  -5.076  -55.719  -23.040 0.8000000119
15769  -5.217  -55.452  -23.460 0.8000000119
15781  -5.089  -55.788  -25.022 0.8000000119
15794  -4.823  -55.863  -25.833 0.6000000238
15806  -6.136  -55.601  -27.494 0.6000000238
15817  -7.296  -56.020  -28.403 0.6000000238
15820  -11.167  -55.967  -27.641 0.6000000238
15822  -12.549  -54.963  -28.047 0.5000000000
15826  -8.038  -56.269  -28.789 0.6000000238
15827  -9.048  -56.256  -28.801 0.6000000238
15831  -11.552  -54.761  -28.137 0.5000000000
16515  -3.657  -54.109  -22.541 0.6999999881
16516  -4.064  -54.665  -22.818 0.6999999881
16529  -5.490  -55.026  -24.364 0.8000000119
16541  -5.717  -54.894  -25.958 0.6999999881
16554  -5.859  -55.219  -26.736 0.5000000000
16556  -7.522  -54.658  -27.412 0.6000000238
16571  -8.914  -54.934  -28.137 0.5000000000
16573  -10.411  -54.589  -28.059 0.5000000000
16594  -12.439  -54.121  -28.603 0.5000000000
17265  -3.195  -53.698  -19.726 0.6999999881
17278  -3.512  -53.569  -22.117 0.6999999881
17287  -4.477  -53.182  -23.164 0.6000000238
17294  -5.688  -53.562  -24.194 0.8000000119
17302  -5.936  -53.875  -24.897 0.6000000238
17314  -6.728  -53.785  -26.112 0.5000000000
17328  -7.864  -53.859  -27.140 0.6000000238
17330  -9.435  -53.425  -27.605 0.6000000238
17340  -9.990  -54.005  -27.940 0.5000000000
17342  -11.637  -53.416  -28.133 0.6000000238
17354  -12.098  -53.780  -28.407 0.5000000000
18054  -9.037  -52.054  -19.687 0.4000000060
18057  -11.864  -52.266  -20.001 0.4000000060
18063  -8.282  -52.027  -20.365 0.6000000238
18065  -10.271  -52.390  -20.454 0.5000000000
18074  -11.279  -52.000  -21.153 0.4000000060
18084  -3.919  -52.741  -22.284 0.6999999881
18097  -5.490  -52.173  -23.400 0.5000000000
18107  -6.494  -52.408  -24.373 0.6000000238
18119  -6.665  -52.688  -25.140 0.6000000238
18129  -6.974  -53.008  -25.871 0.6000000238
18138  -8.959  -52.931  -27.282 0.6000000238
18140  -10.436  -52.379  -27.480 0.6000000238
18147  -11.045  -52.941  -27.781 0.6000000238
18153  -13.976  -52.120  -29.984 0.5000000000
18909  -9.655  -51.850  -19.056 0.4000000060
18911  -11.630  -52.041  -19.222 0.4000000060
18919  -6.715  -51.474  -20.587 0.4000000060
18923  -13.286  -51.540  -20.482 0.4000000060
18929  -8.947  -51.876  -21.841 0.5000000000
18930  -9.905  -51.731  -21.715 0.5000000000
18941  -4.135  -52.163  -21.732 0.6999999881
18943  -4.870  -51.221  -22.423 0.6000000238
18945  -8.466  -51.497  -22.644 0.6000000238
18948  -11.585  -51.039  -22.103 0.4000000060
18960  -6.542  -51.748  -23.216 0.5000000000
18969  -6.890  -51.767  -23.973 0.5000000000
18981  -7.581  -51.484  -25.205 0.5000000000
18988  -7.908  -51.860  -25.951 0.6000000238
18990  -9.294  -51.188  -26.652 0.5000000000
18995  -9.928  -51.691  -27.109 0.5000000000
18996  -10.762  -51.635  -27.339 0.6000000238
18997  -11.114  -50.945  -27.296 0.5000000000
19000  -11.143  -52.203  -27.608 0.6000000238
19002  -12.555  -51.520  -27.989 0.5000000000
19010  -14.230  -51.355  -29.608 0.4000000060
19018  -15.989  -51.445  -31.482 0.4000000060
19026  -15.871  -52.304  -31.617 0.4000000060
19028  -17.349  -51.865  -31.910 0.4000000060
19767  -9.797  -50.565  -18.182 0.4000000060
19768  -10.736  -50.673  -18.339 0.4000000060
19770  -12.457  -50.534  -18.831 0.4000000060
19779  -6.725  -50.807  -19.299 0.4000000060
19780  -7.674  -50.960  -19.051 0.4000000060
19783  -14.729  -50.170  -20.204 0.3000000119
19794  -4.772  -51.364  -20.694 0.5000000000
19798  -12.510  -51.233  -21.748 0.4000000060
19810  -11.231  -50.187  -22.636 0.4000000060
19822  -5.483  -50.904  -22.317 0.6000000238
19824  -6.732  -51.699  -22.824 0.5000000000
19836  -7.807  -50.502  -24.115 0.4000000060
19850  -8.425  -50.120  -25.313 0.5000000000
19857  -8.807  -50.649  -26.067 0.5000000000
19867  -11.392  -50.206  -27.218 0.5000000000
19876  -13.501  -50.262  -28.155 0.4000000060
19882  -14.005  -50.844  -28.891 0.4000000060
19893  -16.189  -50.782  -31.253 0.4000000060
20729  -5.977  -50.800  -19.401 0.4000000060
20744  -6.033  -51.116  -21.168 0.5000000000
20747  -9.825  -48.992  -23.055 0.5000000000
20748  -11.616  -48.801  -23.340 0.4000000060
20766  -12.581  -49.034  -23.439 0.3000000119
20790  -9.242  -48.954  -25.655 0.5000000000
20796  -11.360  -48.784  -27.052 0.5000000000
20801  -11.011  -49.644  -26.938 0.4000000060
20802  -12.732  -49.622  -27.707 0.4000000060
20821  -16.018  -50.332  -30.716 0.4000000060
20822  -16.713  -49.599  -30.521 0.4000000060
21623  -12.241  -49.105  -18.914 0.4000000060
21648  -9.579  -48.434  -23.353 0.5000000000
21649  -10.092  -48.518  -23.230 0.5000000000
21660  -8.756  -48.443  -23.863 0.4000000060
21661  -9.251  -48.102  -23.692 0.5000000000
21664  -12.067  -48.126  -23.718 0.3000000119
21683  -8.750  -48.442  -24.415 0.4000000060
21688  -9.578  -48.362  -25.688 0.4000000060
21690  -10.835  -48.035  -26.571 0.4000000060
21697  -11.921  -48.246  -27.308 0.4000000060
21732  -18.503  -49.059  -31.054 0.3000000119
22567  -9.599  -47.509  -24.705 0.4000000060
22568  -10.112  -47.032  -24.522 0.5000000000
22569  -10.788  -46.742  -24.468 0.4000000060
22595  -11.246  -47.137  -26.448 0.4000000060
23479  -10.535  -46.599  -24.925 0.5000000000
23506  -10.873  -46.546  -25.568 0.4000000060
24295  -7.272  -45.058  -17.040 0.3000000119
131005  -16.446  -74.119  -36.585 0.6000000238
131006  -16.632  -72.991  -35.976 0.6999999881
131009  -17.992  -74.462  -33.287 0.6999999881
131012  -21.909  -73.411  -37.572 0.6000000238
131014  -22.105  -74.808  -38.418 0.5000000000
131015  -22.852  -74.163  -37.716 0.5000000000
131018  -24.921  -76.247  -36.817 0.6000000238
131268  -17.253  -71.932  -32.493 0.6999999881
131279  -22.408  -73.685  -32.656 0.6000000238
131284  -15.253  -73.749  -36.030 0.6999999881
131327  -17.051  -73.566  -35.246 0.6000000238
131334  -25.752  -74.476  -34.719 0.6000000238
131385  -17.075  -73.654  -36.455 0.6999999881
131422  -15.777  -72.915  -37.214 0.6999999881
131449  -15.110  -73.089  -37.282 0.6999999881
131460  -17.807  -73.553  -36.854 0.6999999881
131477  -22.246  -73.854  -37.790 0.6000000238
132962  -13.036  -62.005  -33.889 0.6000000238
133371  -28.925  -79.470  -28.853 0.3000000119
134475  -24.469  -76.547  -37.437 0.5000000000
134594  -26.894  -75.268  -34.684 0.6000000238
134794  -14.089  -75.403  -35.224 0.5000000000
135168  -14.102  -58.257  -33.089 0.6000000238
135523  -7.519  -56.362  -20.837 0.6000000238
136227  -27.822  -79.995  -28.891 0.3000000119
136321  -28.606  -76.163  -34.737 0.6000000238
136367  -16.802  -64.981  -36.214 0.6000000238
136794  -17.732  -51.064  -31.847 0.4000000060
137056  -14.843  -70.979  -38.139 0.6999999881
138084  -11.880  -59.152  -32.953 0.6000000238
138678  -21.258  -59.280  -32.086 0.5000000000
138758  -29.469  -79.132  -30.136 0.5000000000
138803  -5.207  -51.426  -22.951 0.5000000000
139256  -13.973  -51.142  -21.163 0.4000000060
139452  -28.929  -71.861  -33.673 0.5000000000
141132  -11.990  -49.098  -27.479 0.4000000060
141189  -18.710  -65.157  -36.396 0.5000000000
141300  -9.537  -49.572  -26.159 0.4000000060
142385  -21.242  -76.776  -38.302 0.5000000000
142544  -21.694  -61.231  -34.747 0.6000000238
143326  -3.934  -52.342  -20.968 0.6000000238
143494  -8.900  -61.744  -31.242 0.5000000000
144132  -18.369  -57.635  -32.136 0.6000000238
144241  -5.618  -59.347  -26.148 0.6999999881
144455  -12.819  -51.088  -19.162 0.4000000060
144958  -15.228  -59.299  -34.057 0.6000000238
145164  -12.208  -61.251  -33.534 0.6000000238
145334  -17.493  -76.148  -38.369 0.5000000000
146148  -17.361  -75.382  -38.259 0.5000000000
146565  -24.124  -73.634  -37.243 0.5000000000
146673  -20.043  -75.859  -38.504 0.5000000000
147369  -7.076  -51.913  -21.394 0.5000000000
147451  -10.060  -49.623  -17.948 0.4000000060
147497  -21.955  -61.742  -34.287 0.6000000238
147747  -17.506  -67.880  -33.325 0.5000000000
147757  -29.625  -73.563  -25.545 0.4000000060
147801  -14.369  -66.511  -36.511 0.6999999881
147834  -7.811  -55.669  -28.323 0.6000000238
148050  -12.575  -72.912  -37.511 0.6999999881
148066  -25.318  -78.922  -34.851 0.6000000238
148256  -18.683  -64.294  -31.282 0.6000000238
148311  -10.349  -70.121  -37.194 0.6000000238
148326  -33.502  -74.460  -22.834 0.4000000060
148510  -19.301  -74.670  -31.607 0.6999999881
148514  -15.329  -73.977  -35.147 0.6000000238
148532  -19.960  -73.616  -37.842 0.6000000238
148552  -16.637  -74.027  -33.809 0.6999999881
148553  -13.578  -75.179  -34.026 0.6000000238
148671  -15.846  -73.846  -35.770 0.6000000238
148675  -13.978  -74.469  -33.682 0.6000000238
148684  -15.389  -74.545  -35.790 0.6000000238
148690  -18.521  -73.573  -37.428 0.6999999881
148695  -16.663  -73.458  -34.852 0.6999999881
148859  -20.962  -73.614  -30.581 0.6999999881
150047  -14.687  -74.264  -34.322 0.6000000238
150307  -18.338  -77.124  -38.361 0.5000000000
150534  -31.188  -75.129  -30.129 0.5000000000
150555  -15.957  -69.865  -38.080 0.6999999881
151063  -33.530  -75.847  -24.030 0.3000000119
151395  -21.978  -77.160  -17.323 0.3000000119
151577  -19.956  -79.913  -17.617 0.3000000119
151631  -30.812  -71.288  -31.015 0.5000000000
151701  -14.107  -49.245  -28.131 0.4000000060
151783  -30.764  -76.480  -28.297 0.4000000060
151891  -12.664  -67.320  -36.575 0.6000000238
152017  -27.948  -76.325  -34.893 0.6000000238
152428  -31.793  -78.306  -19.229 0.3000000119
152568  -18.972  -58.119  -33.254 0.5000000000
152791  -29.774  -76.302  -33.816 0.5000000000
152800  -15.737  -61.886  -35.021 0.6000000238
152890  -25.138  -71.919  -37.902 0.5000000000
153516  -29.231  -73.315  -31.665 0.5000000000
154086  -29.803  -79.557  -15.455 0.3000000119
154389  -6.289  -60.007  -25.053 0.6999999881
154609  -3.727  -55.485  -20.825 0.6000000238
154699  -31.079  -70.266  -29.349 0.5000000000
154745  -6.536  -51.599  -22.135 0.6000000238
154997  -10.962  -61.657  -23.720 0.6000000238
155507  -21.922  -60.635  -31.605 0.5000000000
156016  -25.675  -80.239  -31.864 0.6000000238
156210  -11.266  -64.252  -35.013 0.4000000060
156381  -23.562  -78.541  -37.092 0.6000000238
156508  -27.455  -76.444  -34.992 0.6999999881
156574  -31.143  -70.906  -30.525 0.5000000000
156587  -16.682  -71.798  -37.444 0.6999999881
156921  -19.596  -60.799  -35.527 0.5000000000
157107  -30.428  -75.050  -33.445 0.5000000000
157150  -3.307  -53.922  -21.768 0.6999999881
157539  -6.597  -56.182  -21.929 0.6999999881
158052  -27.876  -70.544  -24.996 0.3000000119
158299  -18.944  -57.791  -30.267 0.5000000000
