#!ascii label  , from subject freesurfer vox2ras=TkReg
2005
6898  -37.105  -67.807  -23.133 0.1000000015
6359  -36.652  -69.190  -23.730 0.1000000015
6358  -35.690  -69.282  -23.957 0.1000000015
5796  -36.574  -70.272  -24.056 0.1000000015
5809  -36.298  -71.162  -24.532 0.1000000015
152476  -38.127  -71.128  -23.748 0.1000000015
5216  -36.040  -72.693  -25.174 0.1000000015
4677  -37.596  -72.746  -24.850 0.1000000015
5223  -38.165  -72.486  -26.299 0.1000000015
4690  -36.516  -73.232  -26.448 0.1000000015
4696  -37.639  -72.492  -27.328 0.1000000015
5231  -38.690  -71.744  -27.150 0.1000000015
5229  -36.439  -72.546  -27.762 0.1000000015
5239  -38.860  -71.151  -28.132 0.1000000015
6411  -39.590  -69.890  -29.607 0.1000000015
5238  -37.952  -71.815  -28.114 0.1000000015
5860  -38.678  -70.418  -29.542 0.1000000015
5850  -38.310  -71.107  -28.845 0.1000000015
138025  -37.968  -66.200  -22.789 0.1000000015
7452  -37.678  -66.910  -23.281 0.1000000015
6360  -37.440  -68.955  -23.717 0.1000000015
6900  -38.530  -68.230  -24.276 0.1000000015
151170  -38.431  -69.276  -23.982 0.1000000015
5798  -38.113  -70.067  -23.757 0.1000000015
6371  -39.040  -69.054  -24.355 0.1000000015
5208  -38.376  -72.040  -24.287 0.1000000015
151595  -39.689  -70.998  -24.636 0.1000000015
5828  -39.879  -71.038  -25.568 0.1000000015
5838  -39.518  -70.888  -27.411 0.1000000015
145072  -42.867  -62.766  -28.958 0.1000000015
9383  -42.682  -64.328  -30.477 0.1000000015
8658  -42.560  -64.994  -30.806 0.1000000015
8005  -42.543  -65.810  -30.541 0.1000000015
6917  -41.451  -68.015  -29.791 0.1000000015
6913  -41.131  -68.632  -29.104 0.1000000015
6412  -40.488  -69.317  -29.286 0.1000000015
6405  -40.023  -70.039  -28.678 0.1000000015
5851  -39.175  -70.569  -28.852 0.1000000015
141449  -39.811  -66.120  -21.341 0.1000000015
9274  -38.770  -64.892  -23.902 0.2000000030
8561  -38.766  -64.964  -23.162 0.2000000030
7960  -38.474  -65.590  -22.666 0.1000000015
9275  -39.435  -64.545  -24.233 0.1000000015
8577  -38.794  -65.761  -24.922 0.1000000015
153767  -38.125  -65.783  -23.152 0.1000000015
8578  -39.491  -65.600  -25.393 0.1000000015
7964  -38.417  -66.353  -24.615 0.1000000015
16609  -45.442  -54.612  -30.077 0.1000000015
15840  -46.273  -55.517  -30.342 0.1000000015
7967  -39.713  -66.436  -25.764 0.1000000015
6901  -39.234  -68.330  -24.926 0.1000000015
6372  -39.731  -69.461  -24.740 0.1000000015
143599  -45.462  -57.242  -30.278 0.1000000015
14385  -46.174  -57.220  -29.997 0.1000000015
13595  -46.411  -57.750  -29.033 0.1000000015
13583  -46.153  -58.571  -28.060 0.1000000015
12872  -46.646  -58.894  -27.501 0.1000000015
12151  -45.859  -60.448  -27.445 0.1000000015
149473  -39.573  -67.408  -25.604 0.1000000015
6379  -40.328  -69.568  -25.578 0.1000000015
144086  -39.516  -71.208  -26.540 0.1000000015
12871  -45.731  -59.257  -27.670 0.1000000015
157435  -45.622  -59.948  -27.566 0.1000000015
11447  -44.911  -61.559  -28.023 0.1000000015
10730  -44.757  -62.378  -28.230 0.1000000015
9361  -44.179  -63.765  -28.275 0.1000000015
8621  -43.092  -65.570  -28.556 0.1000000015
6387  -40.587  -69.660  -26.397 0.1000000015
5829  -40.192  -70.450  -26.660 0.1000000015
11446  -44.447  -61.210  -27.976 0.1000000015
11464  -44.290  -61.930  -28.424 0.1000000015
10746  -44.107  -62.586  -28.750 0.1000000015
9360  -43.739  -64.371  -28.749 0.1000000015
7469  -41.809  -67.607  -28.733 0.1000000015
9384  -43.452  -64.213  -29.667 0.1000000015
8640  -43.068  -65.060  -30.136 0.1000000015
7994  -42.895  -65.919  -29.350 0.1000000015
6914  -41.542  -67.986  -29.092 0.1000000015
136165  -40.736  -69.299  -28.277 0.1000000015
152973  -39.577  -70.588  -28.181 0.1000000015
9262  -39.873  -64.144  -23.738 0.1000000015
137467  -39.592  -64.287  -23.044 0.2000000030
7954  -40.273  -65.614  -21.381 0.1000000015
7955  -40.983  -65.747  -21.078 0.2000000030
7956  -41.728  -65.664  -20.903 0.2000000030
10012  -40.672  -63.774  -23.978 0.1000000015
9292  -39.770  -64.772  -25.006 0.1000000015
16588  -43.395  -54.234  -29.225 0.1000000015
147170  -44.472  -54.818  -30.265 0.1000000015
8579  -40.208  -65.133  -25.569 0.1000000015
8590  -40.399  -65.884  -26.069 0.1000000015
7460  -40.339  -66.945  -26.208 0.1000000015
15061  -46.709  -56.461  -30.003 0.1000000015
14345  -47.182  -57.279  -28.645 0.1000000015
13584  -46.889  -58.046  -28.042 0.1000000015
7458  -40.428  -67.942  -26.181 0.1000000015
12873  -47.323  -58.397  -27.194 0.1000000015
12152  -46.500  -59.795  -27.163 0.1000000015
11448  -45.933  -61.310  -27.054 0.1000000015
9336  -44.312  -63.820  -27.315 0.1000000015
8605  -42.902  -65.509  -27.807 0.1000000015
7462  -41.647  -66.966  -27.348 0.1000000015
145204  -40.983  -68.332  -26.683 0.1000000015
6911  -41.365  -68.300  -28.308 0.1000000015
5839  -40.177  -70.173  -27.748 0.1000000015
9985  -40.929  -63.057  -22.678 0.1000000015
153846  -40.429  -63.078  -22.136 0.1000000015
9998  -41.670  -63.110  -23.503 0.1000000015
9257  -39.908  -63.699  -22.126 0.1000000015
137869  -40.084  -64.602  -21.173 0.2000000030
9256  -39.975  -63.832  -22.601 0.2000000030
8558  -41.432  -65.100  -20.709 0.2000000030
8550  -42.606  -65.106  -20.640 0.2000000030
155577  -41.302  -63.693  -24.385 0.1000000015
142135  -41.393  -63.424  -23.903 0.1000000015
9278  -41.902  -63.715  -24.899 0.1000000015
9294  -41.463  -64.380  -25.510 0.1000000015
16589  -44.485  -54.184  -29.439 0.1000000015
16569  -46.784  -54.725  -28.022 0.1000000015
15813  -47.325  -55.378  -27.576 0.1000000015
15803  -47.122  -55.552  -26.661 0.1000000015
9293  -40.596  -64.548  -25.252 0.1000000015
9311  -41.815  -64.928  -26.217 0.1000000015
16587  -42.549  -54.260  -29.020 0.1000000015
17350  -42.122  -53.989  -28.382 0.1000000015
16590  -46.493  -54.716  -29.223 0.1000000015
154467  -47.250  -55.350  -28.584 0.1000000015
13567  -47.703  -57.989  -26.716 0.1000000015
140972  -47.783  -58.078  -25.990 0.1000000015
154767  -47.038  -60.436  -25.756 0.1000000015
10698  -45.680  -62.030  -25.395 0.1000000015
10027  -44.524  -63.206  -25.819 0.1000000015
9296  -43.175  -64.251  -26.181 0.1000000015
8591  -41.346  -65.685  -26.472 0.1000000015
153571  -41.524  -54.681  -29.075 0.1000000015
11449  -46.385  -60.541  -26.888 0.1000000015
10716  -45.463  -62.467  -26.272 0.1000000015
9313  -43.746  -64.279  -26.806 0.1000000015
142680  -43.131  -64.702  -26.792 0.1000000015
154379  -41.725  -66.185  -26.953 0.1000000015
16605  -40.355  -55.223  -29.138 0.1000000015
146891  -38.757  -55.071  -29.180 0.1000000015
16604  -39.407  -55.510  -29.412 0.1000000015
11369  -43.150  -61.427  -23.186 0.1000000015
9986  -41.896  -62.447  -22.942 0.1000000015
12079  -42.936  -60.706  -23.047 0.1000000015
10660  -43.221  -61.908  -23.439 0.1000000015
10650  -40.727  -62.670  -21.984 0.1000000015
9251  -39.691  -63.822  -21.297 0.1000000015
149279  -40.666  -64.528  -20.685 0.2000000030
11370  -44.125  -61.352  -23.696 0.1000000015
9987  -43.249  -62.274  -23.780 0.1000000015
153609  -42.562  -62.742  -23.774 0.1000000015
12090  -44.801  -60.531  -23.709 0.1000000015
10675  -44.290  -61.908  -24.053 0.1000000015
17335  -40.740  -53.860  -27.353 0.1000000015
17336  -41.804  -53.733  -27.465 0.1000000015
17337  -42.799  -53.669  -27.543 0.1000000015
17338  -43.852  -53.650  -27.566 0.1000000015
16567  -44.905  -53.845  -28.191 0.1000000015
16568  -45.991  -54.201  -28.220 0.1000000015
133815  -46.253  -54.434  -27.437 0.1000000015
12816  -44.844  -59.439  -23.559 0.1000000015
12091  -45.605  -60.625  -23.938 0.1000000015
9999  -43.923  -62.525  -24.373 0.1000000015
17352  -43.953  -53.881  -28.608 0.1000000015
15793  -47.441  -56.237  -26.164 0.1000000015
15022  -47.577  -56.954  -25.626 0.1000000015
138431  -47.657  -58.169  -25.346 0.1000000015
10689  -45.156  -62.113  -24.886 0.1000000015
10015  -44.534  -62.674  -24.986 0.1000000015
9295  -42.370  -64.255  -25.800 0.1000000015
16566  -38.809  -54.134  -27.537 0.1000000015
15033  -47.746  -56.704  -27.287 0.1000000015
15027  -47.758  -56.770  -26.386 0.1000000015
13538  -47.483  -58.666  -24.715 0.1000000015
11391  -46.473  -60.720  -24.500 0.1000000015
11390  -45.778  -61.503  -24.712 0.1000000015
9297  -43.858  -63.751  -25.933 0.1000000015
136664  -43.984  -63.176  -25.225 0.1000000015
17349  -41.059  -54.183  -28.245 0.1000000015
150409  -40.419  -54.677  -28.683 0.1000000015
147388  -39.778  -54.346  -28.054 0.1000000015
16586  -39.437  -54.969  -28.804 0.1000000015
16603  -38.249  -54.671  -29.327 0.1000000015
16617  -38.316  -54.600  -30.284 0.1000000015
16620  -38.661  -54.836  -31.195 0.1000000015
10659  -41.243  -61.952  -22.114 0.1000000015
12805  -43.895  -60.087  -23.416 0.1000000015
12804  -42.992  -59.699  -23.170 0.1000000015
11368  -42.238  -61.465  -22.632 0.1000000015
9981  -39.650  -63.763  -20.570 0.1000000015
12815  -43.768  -59.182  -23.406 0.1000000015
10649  -40.016  -62.507  -21.357 0.1000000015
13526  -45.041  -58.577  -23.629 0.1000000015
156865  -44.327  -58.663  -23.529 0.1000000015
9977  -41.169  -64.297  -19.684 0.2000000030
17323  -41.538  -53.433  -26.578 0.1000000015
17325  -44.755  -53.699  -26.932 0.1000000015
14286  -46.502  -58.246  -23.980 0.1000000015
12817  -45.773  -59.943  -23.720 0.1000000015
9976  -40.760  -64.121  -19.472 0.1000000015
150970  -41.851  -64.119  -19.189 0.2000000030
17324  -42.564  -53.405  -26.663 0.1000000015
16539  -46.384  -55.125  -26.315 0.1000000015
15021  -47.059  -56.501  -25.504 0.1000000015
14300  -46.917  -57.660  -24.575 0.1000000015
13537  -47.145  -58.443  -24.300 0.1000000015
11380  -46.270  -60.334  -23.971 0.1000000015
17348  -37.887  -54.144  -27.859 0.1000000015
16585  -38.514  -54.589  -28.470 0.1000000015
16584  -37.762  -54.222  -28.665 0.1000000015
155489  -37.791  -53.461  -29.559 0.1000000015
154083  -37.874  -54.110  -29.454 0.1000000015
156646  -38.140  -53.714  -30.232 0.1000000015
17370  -38.490  -54.035  -31.074 0.1000000015
155684  -42.869  -58.164  -23.360 0.1000000015
12814  -42.929  -58.831  -23.282 0.1000000015
144306  -42.185  -59.207  -22.997 0.1000000015
14284  -43.239  -57.625  -23.562 0.1000000015
12078  -42.182  -60.130  -22.806 0.1000000015
14285  -44.340  -57.768  -23.754 0.1000000015
12077  -41.422  -60.499  -22.431 0.1000000015
15018  -45.768  -56.567  -24.760 0.1000000015
10648  -40.650  -61.957  -21.677 0.1000000015
17322  -40.437  -53.557  -26.560 0.1000000015
17309  -41.168  -53.037  -25.853 0.1000000015
17310  -42.482  -52.926  -25.720 0.1000000015
156441  -43.337  -53.472  -26.818 0.1000000015
133185  -44.618  -53.662  -25.940 0.1000000015
16538  -45.606  -54.682  -25.966 0.1000000015
15791  -45.977  -55.367  -25.667 0.1000000015
15779  -45.472  -55.733  -25.123 0.1000000015
14298  -45.141  -57.127  -24.281 0.1000000015
9979  -39.758  -62.581  -20.907 0.1000000015
10642  -39.653  -63.434  -20.391 0.1000000015
133973  -39.260  -53.631  -26.659 0.1000000015
17312  -45.282  -54.079  -26.325 0.1000000015
15792  -46.770  -55.782  -25.921 0.1000000015
14299  -46.120  -57.415  -24.344 0.1000000015
135292  -41.309  -63.776  -18.459 0.1000000015
17334  -38.175  -53.790  -27.116 0.1000000015
149450  -37.263  -53.171  -27.557 0.1000000015
17347  -37.443  -53.702  -28.120 0.1000000015
18158  -37.648  -52.815  -29.265 0.1000000015
19024  -38.919  -51.632  -30.377 0.1000000015
18163  -38.268  -52.726  -30.102 0.1000000015
19025  -39.674  -50.969  -30.805 0.1000000015
14274  -42.428  -57.614  -23.310 0.1000000015
13516  -42.247  -58.367  -23.135 0.1000000015
13515  -41.377  -58.574  -22.774 0.1000000015
155881  -42.767  -56.747  -23.578 0.1000000015
12803  -41.428  -59.624  -22.640 0.1000000015
136854  -43.573  -57.027  -23.852 0.1000000015
15005  -43.472  -56.176  -24.058 0.1000000015
141991  -40.726  -60.097  -22.337 0.1000000015
11366  -41.197  -61.258  -22.114 0.1000000015
15017  -44.908  -56.186  -24.628 0.1000000015
15016  -44.140  -55.733  -24.493 0.1000000015
12076  -40.771  -60.806  -22.115 0.1000000015
17307  -39.189  -53.223  -26.011 0.1000000015
135255  -44.038  -53.459  -26.436 0.1000000015
16528  -45.169  -54.934  -25.390 0.1000000015
15778  -44.730  -55.310  -24.888 0.1000000015
15777  -44.172  -54.936  -24.638 0.1000000015
11354  -40.321  -61.470  -21.623 0.1000000015
9980  -39.493  -63.247  -20.253 0.1000000015
17321  -38.406  -53.342  -26.419 0.1000000015
17308  -40.054  -53.230  -25.906 0.1000000015
18126  -40.640  -52.597  -25.325 0.1000000015
132075  -43.383  -53.209  -26.011 0.1000000015
143610  -44.059  -53.288  -25.519 0.1000000015
16537  -44.817  -54.128  -25.498 0.1000000015
9978  -39.675  -62.801  -20.539 0.1000000015
18135  -37.231  -52.680  -26.896 0.1000000015
19007  -37.506  -50.971  -28.499 0.1000000015
18145  -37.114  -52.341  -27.652 0.1000000015
19881  -37.853  -50.299  -28.868 0.1000000015
152473  -37.564  -52.101  -29.008 0.1000000015
19016  -38.577  -50.983  -29.871 0.1000000015
144606  -39.161  -50.792  -30.363 0.1000000015
19891  -39.009  -50.215  -30.091 0.1000000015
16521  -43.481  -54.007  -23.983 0.1000000015
143474  -42.935  -54.739  -23.784 0.1000000015
152756  -42.186  -56.115  -23.419 0.1000000015
143091  -41.763  -57.802  -23.015 0.1000000015
17291  -43.576  -53.008  -23.679 0.1000000015
147047  -43.957  -53.095  -24.766 0.1000000015
17299  -43.811  -52.959  -24.173 0.1000000015
141891  -43.833  -53.483  -24.230 0.1000000015
15767  -43.525  -55.065  -24.251 0.1000000015
12802  -40.614  -59.225  -22.450 0.1000000015
18124  -37.932  -52.403  -25.482 0.1000000015
18112  -38.923  -52.405  -25.074 0.1000000015
18127  -41.842  -52.395  -25.171 0.1000000015
152993  -44.356  -53.550  -25.249 0.1000000015
17300  -44.186  -53.639  -24.767 0.1000000015
12067  -40.030  -60.570  -21.893 0.1000000015
18994  -37.193  -52.086  -26.165 0.1000000015
10647  -39.797  -62.225  -21.003 0.1000000015
9975  -39.531  -63.210  -19.834 0.1000000015
18999  -37.009  -51.996  -27.009 0.1000000015
19006  -37.128  -51.323  -27.717 0.1000000015
19880  -37.390  -50.369  -28.160 0.1000000015
20819  -38.277  -49.539  -29.192 0.1000000015
19890  -38.422  -50.281  -29.497 0.1000000015
146236  -38.705  -48.826  -29.478 0.1000000015
21716  -39.105  -48.167  -29.759 0.1000000015
20830  -39.467  -49.553  -30.289 0.1000000015
14273  -41.808  -56.931  -23.150 0.1000000015
14272  -41.005  -57.496  -22.710 0.1000000015
13514  -40.398  -58.305  -22.459 0.1000000015
18987  -38.270  -51.899  -24.810 0.1000000015
18114  -41.215  -51.872  -24.778 0.1000000015
18115  -42.437  -51.686  -24.586 0.1000000015
18104  -43.554  -52.494  -23.708 0.1000000015
145799  -36.901  -51.294  -26.753 0.1000000015
19864  -36.928  -51.190  -25.814 0.1000000015
18986  -37.456  -51.687  -25.251 0.1000000015
18113  -40.024  -52.153  -24.881 0.1000000015
18128  -42.985  -52.288  -24.801 0.1000000015
12790  -40.065  -59.769  -22.217 0.1000000015
19873  -36.999  -50.486  -27.362 0.1000000015
20812  -37.231  -49.647  -27.786 0.1000000015
21708  -37.518  -48.675  -28.147 0.1000000015
20813  -37.717  -49.544  -28.535 0.1000000015
137060  -37.630  -47.592  -28.150 0.1000000015
145211  -38.110  -48.783  -28.900 0.1000000015
22620  -38.289  -47.242  -28.888 0.1000000015
21715  -38.516  -48.078  -29.228 0.1000000015
22630  -38.933  -47.402  -29.559 0.1000000015
17290  -43.193  -52.721  -23.218 0.1000000015
15765  -42.168  -55.145  -23.378 0.1000000015
14998  -41.542  -56.011  -23.086 0.1000000015
144617  -41.128  -56.640  -22.809 0.1000000015
14997  -40.825  -55.971  -22.712 0.1000000015
18103  -43.461  -52.220  -23.327 0.1000000015
18117  -43.536  -52.484  -24.204 0.1000000015
20800  -36.776  -50.445  -26.489 0.1000000015
21703  -36.971  -49.016  -27.287 0.1000000015
158409  -37.217  -47.398  -27.541 0.1000000015
152813  -38.864  -46.428  -29.454 0.1000000015
16514  -42.748  -53.814  -23.365 0.1000000015
15756  -41.307  -55.185  -22.923 0.1000000015
18967  -43.375  -51.973  -23.549 0.1000000015
19856  -37.091  -50.917  -24.919 0.1000000015
18974  -37.833  -51.260  -24.518 0.1000000015
18975  -39.297  -51.732  -24.562 0.1000000015
18976  -40.521  -51.238  -24.400 0.1000000015
18978  -42.825  -51.065  -24.034 0.1000000015
21702  -36.721  -48.422  -26.687 0.1000000015
22609  -37.136  -48.111  -27.483 0.1000000015
146016  -37.465  -46.847  -27.821 0.1000000015
23536  -38.224  -46.306  -28.724 0.1000000015
24438  -38.532  -45.569  -29.076 0.1000000015
25315  -38.771  -44.750  -29.233 0.1000000015
18094  -43.111  -52.083  -22.859 0.1000000015
19847  -42.328  -50.316  -23.899 0.1000000015
19848  -42.974  -50.729  -23.440 0.1000000015
18966  -43.346  -51.437  -23.101 0.1000000015
19863  -36.694  -50.305  -25.559 0.1000000015
19842  -36.797  -50.103  -24.649 0.1000000015
153019  -38.643  -51.384  -24.366 0.1000000015
19845  -39.501  -50.986  -24.107 0.1000000015
19846  -41.383  -50.298  -24.075 0.1000000015
20799  -36.650  -49.449  -26.315 0.1000000015
24425  -37.525  -45.501  -27.838 0.1000000015
25304  -37.803  -44.711  -28.195 0.1000000015
26180  -37.926  -43.792  -28.149 0.1000000015
141554  -38.371  -44.220  -28.719 0.1000000015
19832  -40.904  -49.636  -23.671 0.1000000015
19843  -37.551  -50.422  -24.076 0.1000000015
19844  -38.562  -50.772  -23.969 0.1000000015
148386  -40.400  -50.453  -23.975 0.1000000015
21695  -36.447  -48.614  -25.745 0.1000000015
134441  -37.013  -46.866  -27.234 0.1000000015
23524  -37.280  -46.196  -27.514 0.1000000015
143889  -37.529  -44.174  -27.683 0.1000000015
26168  -37.540  -43.411  -27.447 0.1000000015
20793  -36.496  -49.448  -25.223 0.1000000015
144770  -36.499  -47.753  -26.179 0.1000000015
22600  -36.622  -46.957  -26.537 0.1000000015
23523  -36.826  -46.225  -26.871 0.1000000015
24413  -37.054  -45.525  -27.195 0.1000000015
25279  -37.144  -44.147  -27.076 0.1000000015
27037  -37.449  -42.663  -26.910 0.1000000015
26154  -37.074  -43.423  -26.636 0.1000000015
150417  -36.314  -47.057  -25.713 0.1000000015
25278  -36.600  -44.972  -26.219 0.1000000015
25291  -36.868  -44.866  -26.824 0.1000000015
26153  -36.731  -43.446  -25.846 0.1000000015
5795  -35.834  -70.326  -24.378 0.1000000015
5797  -37.419  -70.212  -23.776 0.1000000015
5206  -36.587  -72.067  -24.624 0.1000000015
5811  -38.821  -70.371  -23.877 0.1000000015
5217  -36.742  -72.900  -24.838 0.1000000015
4684  -36.274  -73.186  -25.677 0.1000000015
5209  -39.196  -71.674  -24.838 0.1000000015
152446  -37.727  -67.964  -23.708 0.1000000015
7962  -38.029  -66.147  -23.721 0.1000000015
7457  -38.725  -67.302  -24.880 0.1000000015
147245  -39.091  -71.204  -24.038 0.1000000015
6903  -40.026  -68.585  -25.525 0.1000000015
5820  -40.302  -70.256  -25.811 0.1000000015
10077  -43.524  -63.199  -29.276 0.1000000015
8004  -41.902  -66.209  -31.155 0.1000000015
7993  -42.467  -66.578  -29.728 0.1000000015
7480  -41.689  -67.291  -30.644 0.1000000015
8562  -39.048  -65.127  -22.468 0.1000000015
8569  -38.483  -65.550  -24.263 0.1000000015
8555  -39.923  -64.936  -21.869 0.2000000030
7966  -39.011  -66.439  -25.294 0.1000000015
137417  -45.507  -54.187  -29.095 0.1000000015
15040  -47.348  -56.440  -29.056 0.1000000015
148872  -45.416  -61.189  -27.647 0.1000000015
12150  -45.166  -60.691  -27.751 0.1000000015
138410  -43.955  -63.777  -29.033 0.1000000015
157546  -45.366  -62.513  -26.912 0.1000000015
9335  -43.827  -64.380  -27.803 0.1000000015
7984  -42.307  -66.873  -28.763 0.1000000015
7985  -42.635  -66.154  -28.268 0.1000000015
6907  -40.964  -68.957  -26.918 0.1000000015
7976  -42.204  -66.762  -27.932 0.1000000015
6910  -41.061  -68.877  -27.617 0.1000000015
155095  -40.623  -63.577  -23.311 0.1000000015
9249  -39.813  -64.629  -21.924 0.2000000030
8556  -40.250  -65.141  -21.468 0.2000000030
8580  -40.957  -65.060  -25.904 0.1000000015
7461  -41.037  -67.505  -26.731 0.1000000015
14346  -47.534  -57.494  -27.541 0.1000000015
12856  -47.458  -59.381  -26.037 0.1000000015
11426  -46.616  -60.950  -26.127 0.1000000015
10043  -44.998  -62.926  -26.214 0.1000000015
7977  -42.262  -66.056  -27.463 0.1000000015
10013  -42.426  -63.214  -24.329 0.1000000015
15032  -47.621  -56.039  -28.108 0.1000000015
13551  -47.641  -58.901  -25.413 0.1000000015
12826  -47.372  -59.469  -24.605 0.1000000015
12114  -46.904  -60.645  -25.204 0.1000000015
10028  -45.075  -62.601  -25.532 0.1000000015
136173  -42.126  -65.530  -26.776 0.1000000015
147449  -41.134  -55.422  -29.415 0.1000000015
141488  -42.112  -61.944  -22.734 0.1000000015
11378  -45.035  -61.215  -24.017 0.1000000015
13527  -45.963  -58.974  -23.635 0.1000000015
11379  -45.765  -61.020  -24.233 0.1000000015
10676  -45.160  -61.674  -24.394 0.1000000015
156120  -44.058  -62.835  -24.792 0.1000000015
143259  -46.610  -56.887  -24.916 0.1000000015
12819  -47.190  -59.186  -24.070 0.1000000015
12818  -46.587  -59.572  -23.794 0.1000000015
133068  -40.487  -63.942  -19.168 0.1000000015
19023  -38.098  -51.895  -29.645 0.1000000015
147037  -38.668  -53.173  -30.881 0.1000000015
15006  -44.228  -56.695  -24.220 0.1000000015
18152  -37.300  -52.845  -28.409 0.1000000015
16527  -44.511  -54.478  -24.971 0.1000000015
16526  -43.976  -54.215  -24.491 0.1000000015
20820  -38.868  -49.540  -29.769 0.1000000015
22631  -39.463  -47.580  -30.067 0.1000000015
18977  -41.859  -50.992  -24.433 0.1000000015
17936  -43.097  -51.964  -7.417 0.5000000000
135335  -49.066  -59.682  -7.772 0.5000000000
12670  -48.638  -58.995  -6.418 0.5000000000
18752  -42.283  -51.724  -7.101 0.5000000000
17937  -43.777  -52.392  -7.622 0.5000000000
17929  -44.268  -52.757  -7.008 0.5000000000
12684  -49.449  -58.580  -7.797 0.5000000000
147755  -40.858  -51.212  -7.983 0.5000000000
18759  -41.590  -51.467  -7.610 0.5000000000
14143  -49.315  -57.237  -7.685 0.5000000000
18760  -42.400  -51.718  -8.171 0.5000000000
18766  -41.507  -51.495  -8.534 0.5000000000
157844  -42.809  -51.943  -8.948 0.5000000000
17957  -43.333  -52.419  -9.142 0.4000000060
135454  -49.140  -59.352  -11.310 0.5000000000
11993  -48.837  -60.095  -11.807 0.5000000000
13446  -48.457  -58.938  -11.252 0.5000000000
12728  -47.877  -59.449  -12.016 0.5000000000
133312  -46.649  -59.848  -13.014 0.5000000000
12727  -46.658  -59.572  -12.084 0.5000000000
12744  -44.973  -59.896  -13.747 0.4000000060
141847  -43.904  -59.656  -13.418 0.4000000060
11898  -44.387  -61.369  -4.464 0.1000000015
12669  -48.030  -59.646  -5.878 0.5000000000
18758  -40.994  -51.207  -7.195 0.5000000000
17928  -43.630  -52.405  -6.806 0.5000000000
17169  -45.282  -53.719  -6.636 0.4000000060
13390  -48.780  -58.011  -6.637 0.5000000000
19624  -39.335  -50.532  -7.820 0.5000000000
20550  -37.883  -49.449  -8.424 0.5000000000
20540  -38.565  -50.039  -8.163 0.5000000000
19630  -40.047  -50.883  -8.341 0.5000000000
20549  -37.403  -48.892  -8.718 0.4000000060
18765  -40.711  -51.250  -8.809 0.4000000060
19629  -39.158  -50.369  -8.789 0.3000000119
16424  -44.894  -53.713  -9.080 0.6999999881
16413  -45.633  -54.257  -8.525 0.5000000000
20551  -38.387  -49.752  -8.925 0.3000000119
18767  -42.111  -51.753  -9.194 0.4000000060
17198  -44.022  -53.060  -9.352 0.5000000000
15654  -44.612  -54.455  -9.671 0.6000000238
15655  -46.658  -55.759  -9.024 0.6000000238
14884  -48.117  -56.305  -7.854 0.6000000238
12685  -49.567  -57.654  -8.158 0.5000000000
12706  -49.459  -59.409  -9.870 0.3000000119
19638  -39.893  -50.916  -9.139 0.3000000119
18777  -41.284  -51.626  -9.350 0.3000000119
17212  -42.341  -52.907  -10.162 0.4000000060
15672  -44.321  -55.308  -9.949 0.5000000000
14902  -45.888  -55.694  -9.448 0.6000000238
14921  -46.828  -56.771  -9.619 0.6000000238
14181  -48.735  -57.557  -9.638 0.5000000000
13434  -48.754  -58.253  -10.389 0.5000000000
18788  -40.921  -51.869  -9.873 0.4000000060
17955  -41.709  -52.180  -10.001 0.4000000060
15653  -43.639  -54.591  -10.047 0.5000000000
14178  -46.286  -57.435  -10.123 0.5000000000
14179  -47.345  -57.522  -10.000 0.5000000000
18787  -40.223  -51.756  -10.136 0.4000000060
17211  -41.462  -53.181  -10.281 0.4000000060
131831  -41.935  -54.858  -10.161 0.5000000000
14918  -44.170  -56.219  -10.113 0.5000000000
14177  -45.200  -57.373  -10.261 0.4000000060
13432  -46.775  -58.283  -10.612 0.5000000000
13444  -46.106  -58.943  -11.280 0.5000000000
133805  -41.239  -54.187  -10.330 0.4000000060
147046  -44.088  -57.236  -10.335 0.5000000000
13430  -44.545  -58.156  -10.729 0.4000000060
13443  -44.999  -58.877  -11.255 0.4000000060
12726  -45.407  -59.472  -11.883 0.5000000000
14916  -41.735  -56.455  -10.459 0.5000000000
14188  -42.546  -58.051  -11.121 0.4000000060
12736  -43.527  -59.306  -12.324 0.4000000060
14175  -42.098  -57.277  -10.726 0.3000000119
13441  -42.185  -58.610  -12.043 0.4000000060
149325  -42.583  -59.092  -12.798 0.3000000119
13447  -41.780  -58.743  -13.124 0.3000000119
13450  -42.363  -59.158  -13.892 0.3000000119
136878  -43.383  -60.999  -4.083 0.1000000015
11189  -43.999  -61.600  -4.701 0.1000000015
144585  -43.616  -60.288  -3.964 0.1000000015
134632  -44.060  -61.009  -4.120 0.1000000015
12642  -45.124  -59.891  -4.339 0.4000000060
12643  -46.068  -59.640  -4.797 0.4000000060
11913  -47.121  -60.177  -5.307 0.4000000060
12656  -47.734  -59.141  -5.765 0.5000000000
12655  -46.927  -59.410  -5.274 0.4000000060
13379  -47.461  -58.382  -5.852 0.5000000000
12657  -48.298  -58.797  -6.178 0.5000000000
18751  -41.496  -51.508  -6.730 0.5000000000
18746  -42.079  -51.957  -6.261 0.5000000000
17927  -42.893  -52.139  -6.537 0.5000000000
17168  -44.709  -53.164  -6.405 0.4000000060
14128  -47.986  -57.463  -6.418 0.5000000000
14129  -48.547  -57.486  -6.690 0.5000000000
19623  -38.623  -50.259  -7.321 0.5000000000
19625  -40.176  -50.950  -7.312 0.5000000000
20539  -37.893  -49.761  -7.672 0.5000000000
14877  -47.154  -56.079  -6.935 0.6000000238
21483  -36.828  -48.204  -8.683 0.4000000060
21494  -37.439  -48.516  -9.323 0.2000000030
22393  -37.211  -47.700  -9.536 0.2000000030
20562  -37.856  -49.162  -9.144 0.3000000119
20564  -38.644  -49.983  -9.419 0.3000000119
19637  -39.127  -50.527  -9.614 0.4000000060
20563  -38.267  -49.436  -9.638 0.3000000119
21506  -37.645  -48.210  -9.884 0.3000000119
19636  -38.577  -49.987  -10.190 0.3000000119
18775  -39.704  -51.138  -9.845 0.4000000060
17210  -40.602  -53.569  -10.421 0.4000000060
16438  -40.376  -54.485  -10.514 0.4000000060
18774  -39.019  -50.806  -10.368 0.3000000119
17966  -39.772  -52.400  -10.470 0.3000000119
151970  -41.535  -55.689  -10.324 0.4000000060
16437  -39.546  -54.698  -10.753 0.3000000119
15669  -39.874  -56.208  -11.090 0.3000000119
14187  -41.638  -57.880  -11.445 0.4000000060
14193  -41.274  -58.228  -12.417 0.3000000119
134162  -38.861  -54.869  -11.063 0.2000000030
14929  -39.163  -56.262  -11.625 0.2000000030
14939  -39.996  -57.354  -12.086 0.3000000119
14197  -41.041  -58.305  -13.444 0.3000000119
15679  -37.464  -54.867  -11.818 0.1000000015
150973  -38.939  -57.068  -12.935 0.2000000030
14192  -40.514  -57.822  -12.775 0.4000000060
17233  -35.761  -52.704  -13.028 0.1000000015
136843  -44.276  -59.617  -4.130 0.1000000015
12641  -44.404  -60.411  -4.097 0.1000000015
13369  -44.767  -58.958  -4.444 0.2000000030
13370  -45.618  -58.850  -4.836 0.5000000000
13378  -46.536  -58.609  -5.370 0.4000000060
18745  -41.286  -51.804  -5.948 0.5000000000
17922  -42.616  -52.535  -5.783 0.4000000060
17159  -43.314  -53.079  -5.533 0.4000000060
16383  -45.205  -54.511  -6.011 0.4000000060
152135  -46.161  -55.938  -6.454 0.5000000000
14127  -47.000  -57.382  -6.069 0.5000000000
142523  -39.317  -50.636  -6.886 0.5000000000
19618  -39.870  -50.930  -6.451 0.5000000000
18750  -40.660  -51.219  -6.377 0.4000000060
14870  -47.624  -56.702  -6.709 0.4000000060
21475  -36.409  -48.267  -7.775 0.4000000060
20538  -37.138  -49.023  -8.000 0.4000000060
22385  -36.373  -47.402  -8.073 0.4000000060
23301  -36.474  -46.498  -8.223 0.3000000119
22386  -36.683  -47.190  -8.882 0.3000000119
140844  -37.068  -46.901  -9.445 0.3000000119
23306  -37.272  -46.346  -9.607 0.2000000030
23312  -37.582  -46.948  -10.038 0.2000000030
24184  -37.850  -45.060  -9.816 0.1000000015
23313  -38.263  -46.498  -10.568 0.3000000119
22402  -38.211  -47.399  -10.529 0.3000000119
21507  -38.159  -48.248  -10.378 0.3000000119
21508  -38.653  -48.595  -10.817 0.2000000030
17965  -38.895  -52.312  -10.718 0.2000000030
20595  -38.556  -49.928  -10.953 0.2000000030
18785  -38.578  -51.469  -10.831 0.2000000030
17226  -38.463  -53.107  -10.958 0.2000000030
18799  -37.895  -51.450  -11.352 0.1000000015
16449  -38.212  -54.532  -11.274 0.2000000030
135433  -38.422  -55.518  -11.601 0.2000000030
19657  -37.865  -50.918  -11.658 0.1000000015
17977  -37.309  -52.107  -11.534 0.1000000015
15688  -37.102  -55.248  -12.478 0.1000000015
18798  -37.247  -51.356  -11.811 0.1000000015
17976  -36.702  -51.846  -12.025 0.1000000015
151249  -36.819  -54.672  -12.287 0.1000000015
17990  -36.196  -52.335  -12.449 0.1000000015
18827  -35.809  -51.440  -13.364 0.1000000015
20635  -36.689  -50.127  -13.866 0.1000000015
158333  -44.184  -58.973  -4.246 0.3000000119
141961  -45.048  -58.007  -5.019 0.3000000119
141579  -41.990  -55.901  -4.650 0.3000000119
139199  -42.973  -55.764  -5.084 0.3000000119
143287  -44.331  -57.090  -5.199 0.3000000119
14112  -45.336  -56.911  -5.649 0.3000000119
14113  -45.962  -57.757  -5.533 0.4000000060
16374  -42.232  -54.245  -4.864 0.3000000119
15599  -43.751  -54.995  -5.376 0.3000000119
14855  -44.854  -56.016  -5.677 0.5000000000
14126  -46.183  -56.668  -6.107 0.5000000000
18744  -40.473  -51.731  -5.458 0.4000000060
17917  -41.677  -52.890  -5.241 0.5000000000
17155  -43.071  -53.558  -5.235 0.4000000060
16382  -44.454  -53.896  -5.586 0.4000000060
14856  -45.573  -55.948  -6.096 0.5000000000
21462  -35.909  -48.311  -7.034 0.4000000060
20529  -37.843  -50.229  -6.902 0.4000000060
19617  -38.604  -50.490  -6.563 0.5000000000
18749  -39.964  -51.167  -5.833 0.5000000000
24151  -36.458  -45.949  -6.775 0.4000000060
23287  -36.247  -46.604  -7.428 0.4000000060
20528  -37.009  -49.686  -7.281 0.5000000000
24160  -36.568  -45.812  -7.580 0.4000000060
24152  -37.109  -45.320  -6.882 0.4000000060
158418  -37.736  -45.040  -6.616 0.3000000119
24161  -37.089  -45.114  -7.913 0.3000000119
24174  -37.040  -45.484  -8.696 0.3000000119
25039  -38.326  -44.202  -8.355 0.3000000119
25038  -37.553  -44.802  -8.825 0.2000000030
25054  -39.036  -43.843  -9.691 0.1000000015
25061  -38.600  -44.594  -10.228 0.1000000015
24187  -39.118  -45.139  -10.904 0.1000000015
143692  -38.988  -46.084  -10.988 0.1000000015
154361  -38.802  -47.883  -10.887 0.2000000030
24196  -39.709  -45.711  -11.284 0.1000000015
23320  -39.680  -46.586  -11.289 0.1000000015
21516  -39.259  -48.457  -11.225 0.2000000030
20583  -38.841  -49.258  -11.242 0.1000000015
140612  -39.608  -48.991  -11.640 0.1000000015
19659  -38.739  -50.097  -11.739 0.1000000015
20596  -39.548  -49.602  -11.927 0.1000000015
19679  -38.083  -50.548  -12.050 0.1000000015
18797  -36.805  -51.221  -12.284 0.1000000015
19680  -38.680  -50.305  -12.589 0.1000000015
19704  -37.940  -50.393  -12.831 0.1000000015
19703  -37.206  -50.399  -13.223 0.1000000015
157380  -37.940  -50.186  -13.498 0.1000000015
19724  -37.468  -49.934  -13.936 0.1000000015
20651  -38.887  -49.655  -14.704 0.1000000015
19742  -39.891  -49.947  -15.011 0.1000000015
20671  -40.334  -49.581  -15.523 0.1000000015
20677  -41.076  -49.664  -15.864 0.1000000015
14852  -41.052  -56.202  -4.526 0.3000000119
14853  -41.735  -57.009  -4.482 0.2000000030
149382  -40.809  -54.050  -4.504 0.3000000119
17915  -40.464  -52.920  -4.799 0.4000000060
141278  -39.982  -52.998  -4.572 0.3000000119
20527  -35.980  -49.383  -6.758 0.3000000119
19616  -36.890  -50.328  -6.559 0.4000000060
18743  -39.553  -51.460  -5.251 0.4000000060
18737  -39.068  -51.983  -4.826 0.3000000119
136989  -35.905  -46.639  -5.930 0.3000000119
18742  -38.614  -51.324  -5.245 0.4000000060
18736  -38.210  -51.955  -4.884 0.3000000119
24143  -38.761  -45.357  -5.725 0.3000000119
23275  -36.933  -45.656  -6.222 0.3000000119
24142  -37.754  -45.373  -6.068 0.3000000119
132831  -39.251  -45.013  -6.085 0.3000000119
24153  -38.447  -44.874  -6.486 0.3000000119
25024  -39.364  -44.627  -6.683 0.3000000119
24162  -37.742  -44.780  -7.163 0.3000000119
132521  -39.036  -43.923  -7.988 0.3000000119
139891  -38.949  -43.741  -8.761 0.2000000030
147368  -39.562  -43.553  -9.117 0.1000000015
25926  -40.552  -43.338  -9.819 0.1000000015
138318  -41.467  -42.965  -10.353 0.1000000015
25062  -39.485  -44.189  -10.597 0.1000000015
142997  -41.379  -43.126  -11.038 0.1000000015
154286  -40.160  -44.182  -11.094 0.1000000015
25073  -40.600  -44.627  -11.450 0.1000000015
140990  -40.278  -46.193  -11.440 0.1000000015
23321  -40.517  -46.948  -11.467 0.2000000030
158159  -41.133  -46.872  -11.558 0.2000000030
22417  -41.174  -47.424  -11.591 0.2000000030
22418  -41.861  -47.755  -11.731 0.1000000015
20597  -40.527  -49.182  -11.973 0.1000000015
20616  -39.625  -50.079  -12.567 0.1000000015
19660  -41.228  -49.782  -12.370 0.1000000015
158151  -40.338  -49.775  -12.354 0.1000000015
152521  -39.431  -50.286  -13.152 0.1000000015
20617  -40.766  -50.157  -12.819 0.1000000015
132088  -39.901  -50.380  -13.836 0.1000000015
19726  -39.415  -50.122  -14.311 0.1000000015
19743  -40.746  -50.189  -15.336 0.1000000015
18870  -41.820  -51.032  -15.217 0.1000000015
19728  -41.345  -50.639  -15.265 0.1000000015
156023  -40.904  -49.957  -15.624 0.1000000015
20672  -41.399  -50.281  -15.740 0.1000000015
20679  -42.333  -49.951  -16.336 0.1000000015
20678  -41.647  -49.940  -16.101 0.1000000015
21595  -42.505  -48.856  -16.361 0.1000000015
14851  -39.785  -56.695  -4.683 0.2000000030
139570  -40.484  -56.889  -4.502 0.2000000030
16370  -38.641  -54.794  -4.848 0.2000000030
134497  -40.137  -54.862  -4.413 0.3000000119
135272  -38.410  -54.091  -4.798 0.2000000030
16371  -39.127  -54.229  -4.607 0.3000000119
17151  -39.671  -53.624  -4.512 0.3000000119
137223  -38.669  -52.529  -4.723 0.3000000119
22347  -35.668  -47.374  -6.455 0.3000000119
21446  -35.369  -48.266  -6.209 0.3000000119
19611  -35.901  -50.267  -6.071 0.3000000119
137306  -36.820  -50.960  -5.855 0.3000000119
18741  -37.622  -51.461  -5.346 0.3000000119
23257  -38.221  -45.815  -5.276 0.3000000119
23239  -37.688  -46.255  -4.797 0.3000000119
155420  -35.934  -50.911  -5.584 0.3000000119
23258  -39.227  -45.866  -5.096 0.2000000030
24144  -39.673  -45.421  -5.601 0.3000000119
24154  -39.999  -44.995  -6.145 0.3000000119
25025  -40.266  -44.602  -6.800 0.3000000119
25031  -39.612  -44.181  -7.410 0.3000000119
25032  -40.583  -44.167  -7.529 0.2000000030
25908  -40.281  -43.426  -9.064 0.1000000015
25041  -40.988  -43.750  -8.386 0.2000000030
25909  -41.633  -43.470  -8.995 0.1000000015
25928  -42.065  -43.008  -9.689 0.1000000015
26805  -42.899  -42.000  -10.810 0.1000000015
26806  -43.927  -41.779  -10.445 0.1000000015
28687  -45.515  -40.153  -11.768 0.1000000015
26819  -42.333  -42.409  -11.580 0.1000000015
150637  -42.870  -41.768  -11.844 0.1000000015
27756  -43.373  -41.264  -12.210 0.1000000015
143962  -45.636  -40.278  -13.457 0.1000000015
28703  -47.194  -39.841  -12.707 0.1000000015
143217  -48.905  -40.460  -13.282 0.1000000015
146739  -41.563  -43.568  -11.668 0.1000000015
25966  -42.244  -43.219  -12.158 0.1000000015
26839  -44.045  -42.126  -13.343 0.1000000015
27762  -45.585  -41.056  -14.088 0.1000000015
27770  -47.774  -41.341  -14.478 0.1000000015
27771  -48.761  -41.553  -14.288 0.1000000015
24198  -41.175  -45.295  -11.673 0.1000000015
25075  -42.002  -44.205  -12.152 0.1000000015
23322  -41.732  -46.875  -11.701 0.2000000030
141354  -41.664  -49.132  -12.019 0.1000000015
20618  -42.260  -49.838  -12.361 0.1000000015
19682  -41.642  -50.332  -12.806 0.1000000015
19707  -41.231  -50.554  -13.396 0.1000000015
19706  -40.873  -50.601  -14.019 0.1000000015
18828  -41.635  -50.905  -14.047 0.1000000015
18851  -41.396  -50.827  -14.695 0.1000000015
18871  -42.384  -51.298  -15.387 0.1000000015
18878  -42.705  -51.273  -15.889 0.1000000015
19749  -42.689  -50.873  -16.242 0.1000000015
146929  -34.893  -52.101  -4.346 0.2000000030
17149  -37.660  -53.575  -4.881 0.2000000030
17150  -38.709  -53.363  -4.695 0.3000000119
17910  -35.415  -52.893  -4.647 0.2000000030
17912  -37.149  -52.853  -4.900 0.2000000030
17913  -37.955  -52.693  -4.820 0.3000000119
22331  -35.546  -47.166  -5.420 0.3000000119
21445  -35.011  -48.159  -5.232 0.3000000119
20516  -35.201  -49.241  -5.817 0.3000000119
19608  -35.122  -50.153  -5.233 0.3000000119
22314  -37.124  -46.596  -4.244 0.3000000119
22313  -36.153  -46.758  -4.507 0.3000000119
20515  -34.701  -49.032  -4.884 0.3000000119
22332  -40.727  -46.529  -4.609 0.2000000030
23240  -38.738  -46.349  -4.638 0.3000000119
18740  -36.579  -51.509  -5.356 0.2000000030
18735  -37.197  -52.105  -4.995 0.2000000030
23259  -40.203  -45.920  -5.069 0.2000000030
24145  -40.537  -45.480  -5.691 0.2000000030
23260  -41.228  -45.997  -5.278 0.2000000030
24155  -40.816  -45.084  -6.287 0.3000000119
24146  -41.234  -45.526  -5.904 0.3000000119
24163  -41.163  -44.710  -6.912 0.3000000119
138240  -41.551  -44.349  -7.618 0.2000000030
24156  -41.604  -45.287  -6.426 0.3000000119
24164  -42.037  -44.944  -7.027 0.2000000030
25033  -42.452  -44.647  -7.712 0.2000000030
25043  -42.889  -44.267  -8.314 0.2000000030
25929  -43.146  -43.229  -9.364 0.1000000015
25092  -43.850  -44.230  -13.026 0.1000000015
142023  -44.692  -42.777  -13.634 0.1000000015
25997  -45.967  -42.845  -14.283 0.1000000015
25998  -46.821  -43.035  -14.452 0.1000000015
24215  -42.571  -44.988  -12.291 0.1000000015
24216  -43.418  -45.071  -12.551 0.1000000015
25093  -44.897  -44.866  -13.265 0.1000000015
25105  -45.738  -44.469  -13.728 0.1000000015
24200  -43.068  -45.795  -12.209 0.1000000015
23336  -43.874  -45.924  -12.407 0.1000000015
158094  -44.546  -46.092  -12.591 0.1000000015
24218  -45.180  -45.863  -12.940 0.1000000015
24219  -46.039  -46.005  -13.232 0.1000000015
23323  -42.602  -46.535  -11.936 0.1000000015
23324  -43.521  -46.625  -12.145 0.1000000015
22436  -44.759  -47.381  -12.370 0.1000000015
22420  -44.483  -47.989  -12.184 0.1000000015
22419  -43.215  -47.458  -11.937 0.1000000015
139380  -42.613  -48.059  -11.823 0.1000000015
21520  -43.383  -48.327  -11.945 0.1000000015
20599  -43.687  -48.984  -12.078 0.1000000015
20619  -43.256  -49.578  -12.313 0.1000000015
19683  -42.306  -50.478  -12.840 0.1000000015
18813  -41.965  -50.784  -13.366 0.1000000015
18852  -42.026  -51.193  -14.728 0.1000000015
18727  -33.867  -51.454  -2.512 0.3000000119
19603  -34.330  -50.582  -3.583 0.3000000119
18732  -34.568  -51.343  -4.041 0.3000000119
18733  -35.201  -51.515  -4.626 0.2000000030
18734  -36.105  -51.864  -4.985 0.2000000030
19607  -34.761  -50.605  -4.422 0.3000000119
153729  -35.443  -47.611  -3.542 0.3000000119
20503  -34.549  -48.812  -3.815 0.3000000119
22308  -40.338  -47.142  -3.935 0.2000000030
22306  -37.702  -46.995  -3.537 0.3000000119
21411  -37.254  -47.291  -2.854 0.3000000119
152294  -41.203  -46.984  -4.237 0.2000000030
22333  -41.638  -46.652  -4.740 0.2000000030
23261  -42.178  -46.362  -5.369 0.2000000030
23276  -41.911  -45.816  -5.920 0.2000000030
23277  -42.732  -46.141  -6.019 0.3000000119
24165  -42.848  -45.328  -7.235 0.2000000030
25034  -43.304  -44.999  -7.906 0.2000000030
21522  -44.918  -48.583  -12.261 0.1000000015
20620  -44.032  -49.448  -12.333 0.1000000015
19684  -42.986  -50.267  -12.715 0.1000000015
19708  -42.704  -50.847  -13.301 0.1000000015
18710  -34.104  -51.177  -0.928 0.1000000015
132967  -34.035  -50.898  -1.797 0.3000000119
137503  -34.256  -50.177  -1.893 0.3000000119
20449  -34.645  -49.586  -1.533 0.3000000119
20467  -34.404  -49.697  -2.359 0.3000000119
21410  -36.206  -47.488  -2.793 0.3000000119
21409  -35.129  -48.167  -2.769 0.3000000119
21413  -39.209  -47.540  -2.999 0.3000000119
21412  -38.276  -47.377  -2.896 0.3000000119
150466  -36.929  -47.577  -2.237 0.3000000119
157941  -40.836  -47.677  -3.378 0.2000000030
22317  -41.935  -47.203  -4.284 0.2000000030
22318  -42.740  -47.427  -4.317 0.1000000015
149181  -44.237  -47.528  -4.730 0.1000000015
22348  -43.581  -46.815  -5.463 0.2000000030
23278  -43.640  -46.466  -6.056 0.2000000030
22349  -44.254  -47.014  -5.492 0.2000000030
23288  -44.030  -46.215  -6.932 0.3000000119
20450  -35.319  -48.896  -1.152 0.3000000119
21379  -36.154  -48.308  -1.274 0.3000000119
21395  -36.125  -47.835  -1.993 0.3000000119
21398  -39.755  -47.934  -2.429 0.3000000119
21396  -37.823  -47.614  -2.188 0.3000000119
21399  -40.781  -48.034  -2.611 0.2000000030
21415  -41.671  -47.909  -3.174 0.2000000030
21416  -43.103  -48.108  -3.280 0.1000000015
135060  -44.306  -47.963  -3.962 0.1000000015
21431  -45.097  -47.802  -4.570 0.1000000015
22335  -44.923  -47.438  -5.171 0.1000000015
20429  -36.561  -48.934  -0.105 0.3000000119
20430  -37.501  -48.864  -0.101 0.2000000030
21364  -36.905  -48.492  -0.722 0.3000000119
21380  -37.179  -47.979  -1.498 0.3000000119
21365  -37.899  -48.432  -0.797 0.3000000119
21383  -40.286  -48.310  -1.746 0.2000000030
21382  -39.334  -48.186  -1.639 0.3000000119
21381  -38.341  -48.059  -1.537 0.3000000119
21385  -42.094  -48.589  -1.860 0.2000000030
21384  -41.206  -48.459  -1.802 0.2000000030
20453  -44.876  -49.030  -1.685 0.1000000015
20469  -43.999  -48.727  -1.989 0.1000000015
20454  -45.663  -49.366  -1.418 0.1000000015
20470  -44.806  -48.624  -2.470 0.1000000015
21418  -44.653  -48.344  -3.246 0.1000000015
20489  -45.538  -48.547  -3.035 0.1000000015
141830  -45.334  -48.240  -3.870 0.1000000015
21432  -46.019  -48.194  -4.600 0.1000000015
20431  -38.470  -48.922  -0.164 0.2000000030
20432  -39.420  -49.012  -0.248 0.2000000030
21366  -38.899  -48.492  -0.868 0.2000000030
20433  -40.756  -48.755  -1.055 0.2000000030
21367  -39.847  -48.606  -0.964 0.2000000030
20452  -42.574  -49.027  -1.185 0.1000000015
147421  -44.233  -49.213  -1.305 0.1000000015
20471  -45.616  -48.894  -2.186 0.1000000015
20490  -46.388  -48.834  -2.695 0.1000000015
20504  -46.437  -48.600  -3.740 0.1000000015
21433  -46.949  -48.640  -4.737 0.1000000015
135392  -47.299  -49.607  -1.572 0.1000000015
144766  -47.043  -49.116  -2.297 0.1000000015
20473  -47.835  -49.323  -2.366 0.1000000015
146478  -48.376  -49.289  -3.254 0.1000000015
19570  -47.968  -50.344  -0.936 0.1000000015
20455  -48.371  -49.819  -1.722 0.1000000015
148180  -48.638  -49.558  -2.410 0.1000000015
151450  -45.816  -54.233  -7.653 0.4000000060
17938  -44.317  -52.782  -7.751 0.5000000000
17944  -43.274  -52.083  -8.322 0.5000000000
17179  -44.916  -53.204  -7.326 0.4000000060
17945  -43.932  -52.587  -8.458 0.5000000000
17187  -44.604  -53.109  -8.369 0.6000000238
15625  -46.522  -55.427  -7.031 0.5000000000
17161  -44.993  -53.729  -6.018 0.4000000060
12699  -49.482  -59.265  -8.757 0.5000000000
16395  -45.941  -54.796  -6.815 0.4000000060
16414  -46.242  -54.841  -8.076 0.5000000000
14137  -48.938  -57.141  -7.182 0.5000000000
15633  -46.782  -55.437  -7.725 0.6000000238
14147  -49.250  -57.094  -8.359 0.5000000000
12707  -49.558  -58.445  -9.485 0.3000000119
144347  -49.060  -60.216  -11.063 0.5000000000
14885  -48.598  -56.647  -7.555 0.5000000000
11954  -48.164  -61.067  -7.429 0.5000000000
14142  -49.002  -56.806  -7.891 0.5000000000
136259  -43.165  -52.871  -9.896 0.4000000060
12715  -49.322  -58.724  -10.465 0.4000000060
13445  -47.325  -58.951  -11.297 0.5000000000
12738  -45.722  -59.801  -12.790 0.4000000060
12745  -46.144  -59.949  -13.759 0.4000000060
12725  -44.486  -59.314  -11.812 0.4000000060
12735  -43.096  -59.394  -13.335 0.3000000119
11899  -44.810  -60.842  -4.294 0.2000000030
17923  -43.489  -52.649  -6.057 0.5000000000
16406  -45.744  -54.266  -6.943 0.4000000060
17956  -42.607  -52.287  -9.630 0.3000000119
16423  -44.179  -53.821  -9.740 0.4000000060
15637  -46.015  -54.979  -8.963 0.6000000238
17197  -43.470  -53.626  -10.030 0.5000000000
14901  -45.196  -55.088  -9.537 0.6000000238
14903  -47.210  -56.336  -9.153 0.6000000238
15656  -47.426  -56.065  -8.667 0.6000000238
15638  -46.779  -55.522  -8.427 0.6000000238
15634  -47.369  -55.971  -7.482 0.6000000238
14905  -48.578  -56.671  -8.664 0.5000000000
13418  -49.439  -57.630  -8.951 0.5000000000
16439  -42.078  -53.825  -10.212 0.4000000060
149075  -42.774  -54.241  -10.169 0.4000000060
134314  -43.308  -55.737  -10.087 0.5000000000
14919  -45.045  -55.866  -9.861 0.5000000000
14180  -48.236  -57.572  -9.860 0.5000000000
14904  -48.008  -56.487  -8.937 0.5000000000
13433  -47.902  -58.265  -10.580 0.5000000000
14161  -48.951  -57.130  -9.010 0.5000000000
15671  -42.775  -55.047  -10.107 0.5000000000
157450  -44.864  -56.622  -10.076 0.5000000000
13431  -45.632  -58.223  -10.674 0.4000000060
14920  -45.827  -56.502  -9.814 0.5000000000
17967  -40.703  -52.547  -10.291 0.4000000060
14917  -42.635  -56.547  -10.309 0.5000000000
139915  -42.305  -55.738  -10.176 0.5000000000
14176  -43.028  -57.339  -10.540 0.4000000060
13442  -43.981  -58.854  -11.326 0.4000000060
13429  -43.506  -58.116  -10.856 0.4000000060
14931  -41.174  -57.139  -10.936 0.4000000060
152620  -40.788  -56.178  -10.653 0.4000000060
137228  -43.050  -58.723  -11.572 0.4000000060
135791  -41.821  -52.350  -5.656 0.5000000000
17160  -44.188  -53.222  -5.796 0.4000000060
14136  -48.399  -56.902  -6.959 0.5000000000
15615  -46.361  -55.701  -6.685 0.5000000000
21495  -37.934  -48.791  -9.813 0.3000000119
20582  -38.348  -49.161  -10.445 0.3000000119
18786  -39.388  -51.602  -10.416 0.3000000119
133399  -39.772  -53.856  -10.564 0.3000000119
148892  -40.036  -53.108  -10.498 0.3000000119
15670  -40.990  -55.142  -10.421 0.3000000119
17209  -39.288  -53.145  -10.647 0.3000000119
150241  -40.132  -55.389  -10.709 0.3000000119
15680  -39.316  -55.509  -11.095 0.3000000119
16450  -38.860  -54.021  -10.796 0.2000000030
132546  -39.711  -56.767  -11.629 0.3000000119
14930  -40.349  -56.927  -11.295 0.4000000060
14928  -38.545  -56.432  -12.400 0.2000000030
14938  -39.308  -56.934  -12.263 0.3000000119
14191  -39.681  -57.478  -13.088 0.2000000030
17225  -37.609  -54.061  -11.437 0.2000000030
15689  -37.723  -55.834  -12.472 0.2000000030
17242  -35.811  -53.609  -13.242 0.1000000015
17989  -35.843  -51.991  -12.974 0.1000000015
17921  -41.126  -52.313  -5.396 0.4000000060
17158  -42.501  -53.052  -5.345 0.5000000000
15601  -45.103  -55.191  -5.891 0.4000000060
15614  -45.707  -55.328  -6.341 0.5000000000
23302  -36.845  -46.248  -8.971 0.3000000119
24183  -37.314  -45.630  -9.374 0.2000000030
23307  -37.682  -45.973  -10.077 0.2000000030
24186  -38.370  -45.543  -10.498 0.1000000015
25053  -38.290  -44.271  -9.330 0.1000000015
22403  -38.934  -47.009  -10.961 0.2000000030
19658  -38.426  -50.687  -10.983 0.2000000030
17978  -38.078  -52.240  -11.118 0.2000000030
157641  -38.326  -50.466  -11.433 0.1000000015
139110  -37.554  -53.139  -11.356 0.2000000030
17224  -36.723  -52.769  -11.840 0.1000000015
16458  -36.844  -53.900  -11.843 0.1000000015
15687  -36.601  -55.019  -12.926 0.1000000015
19678  -37.336  -50.796  -12.341 0.1000000015
17234  -36.200  -53.276  -12.443 0.1000000015
133091  -36.318  -54.211  -12.668 0.1000000015
19677  -36.682  -50.845  -12.821 0.1000000015
143129  -36.551  -50.536  -13.378 0.1000000015
14110  -43.401  -57.647  -4.617 0.3000000119
15597  -41.338  -55.362  -4.530 0.3000000119
15598  -41.893  -54.878  -4.706 0.3000000119
156071  -42.394  -55.292  -4.863 0.3000000119
143602  -42.624  -56.850  -4.739 0.3000000119
14854  -43.444  -56.678  -5.073 0.3000000119
146115  -43.979  -55.955  -5.428 0.3000000119
147947  -42.813  -54.019  -5.029 0.3000000119
17154  -42.131  -53.605  -5.016 0.3000000119
16373  -41.518  -54.125  -4.693 0.3000000119
17153  -41.092  -53.426  -4.831 0.3000000119
17919  -39.947  -52.269  -4.844 0.4000000060
17916  -40.972  -52.794  -5.064 0.4000000060
22368  -36.025  -47.443  -7.269 0.4000000060
19613  -39.155  -50.835  -5.923 0.4000000060
144174  -36.037  -46.638  -6.644 0.4000000060
25030  -38.604  -44.370  -7.383 0.3000000119
25925  -39.815  -43.553  -9.845 0.1000000015
25072  -39.868  -44.846  -11.236 0.1000000015
22415  -39.691  -47.573  -11.297 0.2000000030
24197  -40.434  -45.474  -11.480 0.1000000015
22416  -40.545  -47.740  -11.520 0.1000000015
21517  -40.136  -48.405  -11.538 0.1000000015
19705  -38.788  -50.217  -13.461 0.1000000015
19727  -40.542  -50.411  -14.671 0.1000000015
137624  -40.158  -55.837  -4.559 0.2000000030
15596  -40.717  -55.231  -4.453 0.2000000030
14108  -41.452  -57.855  -4.250 0.2000000030
17152  -40.372  -53.511  -4.572 0.3000000119
19612  -37.957  -50.777  -5.988 0.4000000060
23256  -37.216  -45.859  -5.540 0.3000000119
25040  -39.847  -43.709  -8.274 0.1000000015
25941  -40.895  -43.274  -10.509 0.1000000015
141287  -40.946  -43.354  -9.156 0.1000000015
25942  -42.013  -42.605  -10.726 0.1000000015
25063  -40.230  -43.648  -10.593 0.1000000015
25951  -40.806  -43.760  -11.235 0.1000000015
25952  -41.825  -42.900  -11.489 0.1000000015
25074  -41.310  -44.400  -11.719 0.1000000015
136006  -41.028  -46.236  -11.571 0.1000000015
21518  -41.143  -48.327  -11.735 0.1000000015
21519  -42.010  -48.467  -11.832 0.1000000015
19681  -40.323  -50.372  -13.317 0.1000000015
16369  -37.800  -54.478  -4.996 0.2000000030
15595  -39.464  -55.081  -4.615 0.3000000119
23238  -36.503  -46.353  -5.148 0.3000000119
23241  -39.749  -46.470  -4.552 0.3000000119
25042  -42.015  -43.977  -8.269 0.1000000015
25943  -42.685  -42.593  -10.078 0.1000000015
27742  -43.566  -41.224  -11.348 0.1000000015
28674  -45.002  -40.610  -11.154 0.1000000015
147786  -44.228  -40.734  -11.446 0.1000000015
28702  -46.024  -39.865  -12.613 0.1000000015
28701  -45.108  -40.225  -12.656 0.1000000015
26832  -42.679  -42.475  -12.268 0.1000000015
26833  -43.302  -42.086  -12.737 0.1000000015
28700  -44.403  -40.593  -12.625 0.1000000015
27757  -43.949  -41.212  -12.960 0.1000000015
28711  -46.289  -40.461  -14.040 0.1000000015
27763  -46.318  -41.037  -14.373 0.1000000015
28720  -47.704  -40.501  -14.193 0.1000000015
132093  -48.021  -40.138  -13.481 0.1000000015
28713  -48.470  -40.720  -14.075 0.1000000015
25967  -43.075  -43.177  -12.736 0.1000000015
26840  -44.806  -41.747  -13.725 0.1000000015
25968  -43.894  -43.029  -13.243 0.1000000015
26852  -45.658  -41.991  -14.245 0.1000000015
26853  -46.436  -42.216  -14.444 0.1000000015
137140  -41.864  -45.081  -11.956 0.1000000015
25091  -42.826  -44.142  -12.554 0.1000000015
24199  -41.801  -45.958  -11.820 0.1000000015
152368  -42.419  -47.337  -11.801 0.1000000015
20598  -42.707  -48.940  -11.985 0.1000000015
144453  -34.249  -52.044  -3.799 0.2000000030
144975  -35.617  -52.157  -4.703 0.2000000030
17148  -36.482  -53.432  -4.915 0.2000000030
18730  -34.092  -51.321  -3.340 0.3000000119
17911  -36.356  -52.537  -4.854 0.2000000030
21426  -35.477  -47.369  -4.407 0.3000000119
22315  -38.224  -46.734  -4.156 0.3000000119
136696  -34.877  -48.123  -4.271 0.3000000119
140451  -34.605  -49.694  -4.463 0.3000000119
19609  -35.547  -51.140  -5.073 0.3000000119
22316  -39.233  -46.878  -4.077 0.3000000119
24157  -42.399  -45.601  -6.567 0.3000000119
139839  -43.237  -43.900  -8.787 0.2000000030
26789  -43.550  -42.518  -9.947 0.1000000015
25980  -44.764  -43.810  -13.466 0.1000000015
25981  -45.449  -43.391  -13.918 0.1000000015
25999  -47.739  -43.112  -14.522 0.1000000015
24217  -44.293  -45.351  -12.806 0.1000000015
149214  -45.639  -45.324  -13.374 0.1000000015
23337  -44.296  -46.678  -12.365 0.1000000015
23325  -44.023  -47.358  -12.147 0.1000000015
21521  -44.146  -48.497  -12.087 0.1000000015
19591  -34.104  -50.553  -2.673 0.3000000119
17905  -33.852  -52.063  -3.094 0.3000000119
20487  -34.290  -49.939  -3.066 0.3000000119
20502  -34.398  -49.794  -3.738 0.3000000119
22305  -36.451  -47.001  -3.615 0.3000000119
158017  -34.910  -48.116  -3.589 0.3000000119
153388  -39.527  -47.296  -3.571 0.3000000119
21427  -41.354  -47.450  -3.809 0.2000000030
22307  -38.717  -47.157  -3.556 0.3000000119
22334  -42.496  -46.903  -4.824 0.2000000030
24158  -43.213  -45.933  -6.726 0.2000000030
24166  -43.646  -45.684  -7.450 0.2000000030
18709  -33.753  -51.823  -1.627 0.1000000015
19568  -34.964  -49.725  -0.667 0.2000000030
19567  -34.383  -50.326  -1.141 0.3000000119
20488  -34.476  -49.158  -2.945 0.3000000119
20468  -34.819  -48.916  -2.070 0.3000000119
21414  -40.075  -47.647  -3.188 0.3000000119
21397  -38.808  -47.781  -2.284 0.3000000119
21428  -42.176  -47.648  -3.807 0.2000000030
135633  -43.404  -47.165  -4.926 0.1000000015
22319  -43.515  -47.658  -4.250 0.1000000015
20428  -35.714  -49.227  -0.314 0.3000000119
21400  -41.640  -48.272  -2.447 0.2000000030
21401  -42.479  -48.280  -2.691 0.2000000030
145758  -42.465  -47.952  -3.368 0.2000000030
21429  -42.913  -47.826  -3.817 0.1000000015
21417  -43.853  -48.196  -3.286 0.1000000015
21403  -44.144  -48.446  -2.737 0.1000000015
21402  -43.427  -48.396  -2.659 0.1000000015
21386  -43.009  -48.650  -1.930 0.1000000015
139145  -43.469  -49.124  -1.290 0.1000000015
20472  -46.403  -49.219  -1.874 0.1000000015
144236  -40.321  -49.137  -0.352 0.2000000030
20436  -43.930  -49.636  -0.732 0.1000000015
20491  -47.278  -48.955  -3.068 0.1000000015
11264  -48.519  -61.069  -10.508 0.3000000119
10570  -47.297  -62.466  -11.480 0.3000000119
11263  -47.811  -61.948  -10.805 0.3000000119
7351  -41.956  -67.226  -13.085 0.2000000030
6775  -40.141  -68.657  -13.253 0.2000000030
10569  -46.069  -63.243  -11.133 0.4000000060
9202  -43.753  -64.132  -12.853 0.3000000119
11277  -48.204  -61.562  -11.897 0.4000000060
9904  -45.108  -63.250  -12.240 0.3000000119
8476  -42.690  -64.959  -13.056 0.3000000119
11278  -48.626  -60.933  -11.448 0.4000000060
10595  -46.069  -62.825  -12.848 0.4000000060
152157  -43.079  -65.272  -13.554 0.3000000119
152741  -42.276  -67.610  -13.461 0.2000000030
11287  -48.413  -61.228  -12.837 0.4000000060
144815  -47.813  -61.954  -12.348 0.4000000060
9914  -44.651  -63.882  -13.696 0.4000000060
11288  -48.648  -60.663  -12.341 0.4000000060
12741  -48.651  -60.066  -12.465 0.4000000060
9915  -45.301  -63.215  -13.257 0.4000000060
9213  -43.665  -65.006  -14.001 0.3000000119
6790  -42.272  -68.256  -13.811 0.3000000119
11302  -48.428  -61.036  -13.794 0.4000000060
10612  -46.345  -62.773  -13.937 0.4000000060
9214  -44.627  -64.578  -14.638 0.3000000119
7903  -43.056  -66.529  -14.350 0.4000000060
12740  -48.251  -59.908  -12.687 0.4000000060
8523  -43.773  -66.140  -15.101 0.3000000119
12739  -47.520  -59.787  -12.865 0.4000000060
10597  -47.972  -61.640  -14.227 0.4000000060
10613  -47.339  -62.264  -14.629 0.4000000060
9215  -45.374  -63.936  -14.780 0.4000000060
12005  -48.015  -60.083  -13.591 0.4000000060
9932  -46.713  -62.871  -15.034 0.4000000060
9232  -45.204  -65.077  -15.932 0.3000000119
12746  -47.184  -59.993  -13.756 0.4000000060
10614  -48.005  -61.532  -15.314 0.4000000060
145055  -47.491  -62.262  -15.720 0.4000000060
9233  -45.696  -64.259  -15.713 0.4000000060
12023  -47.938  -60.551  -15.098 0.4000000060
11317  -48.136  -60.846  -15.822 0.4000000060
151196  -47.052  -62.898  -16.010 0.4000000060
137432  -45.067  -65.775  -16.621 0.3000000119
12018  -47.684  -60.228  -14.467 0.4000000060
10621  -47.385  -62.266  -16.817 0.4000000060
9947  -46.867  -63.169  -16.753 0.4000000060
9946  -46.377  -63.810  -16.530 0.3000000119
7929  -44.810  -66.419  -17.113 0.2000000030
12017  -46.683  -60.135  -14.699 0.3000000119
12029  -47.403  -60.534  -15.939 0.4000000060
12021  -46.764  -60.285  -15.517 0.4000000060
12039  -46.964  -60.644  -16.737 0.4000000060
10626  -47.155  -61.804  -17.533 0.4000000060
9949  -46.541  -63.498  -17.517 0.4000000060
9239  -45.828  -65.003  -17.367 0.2000000030
8539  -45.476  -65.668  -17.807 0.2000000030
149183  -44.127  -67.267  -18.188 0.3000000119
133358  -45.669  -60.019  -14.534 0.3000000119
12028  -46.439  -60.380  -16.084 0.3000000119
9241  -46.280  -64.024  -18.289 0.3000000119
8542  -45.546  -65.428  -19.012 0.2000000030
155672  -44.644  -66.668  -18.500 0.2000000030
6842  -43.258  -68.027  -18.670 0.2000000030
134319  -44.096  -59.812  -14.290 0.3000000119
12751  -45.782  -60.171  -15.378 0.3000000119
145927  -47.214  -61.085  -17.302 0.4000000060
8543  -45.987  -64.799  -18.628 0.1000000015
12749  -43.693  -59.773  -14.956 0.3000000119
12027  -45.463  -60.334  -15.955 0.3000000119
11324  -45.722  -60.882  -16.970 0.2000000030
156757  -45.839  -62.567  -18.203 0.2000000030
7405  -44.397  -66.696  -19.220 0.1000000015
6841  -42.691  -68.351  -19.058 0.2000000030
11323  -44.775  -60.948  -16.714 0.2000000030
11331  -45.277  -61.406  -17.197 0.2000000030
152573  -44.785  -63.022  -18.233 0.1000000015
8546  -45.581  -64.490  -19.610 0.1000000015
7941  -43.950  -66.764  -19.952 0.1000000015
6855  -43.356  -67.575  -19.572 0.1000000015
12743  -43.268  -59.550  -14.175 0.2000000030
12755  -44.650  -60.118  -15.437 0.3000000119
12026  -44.487  -60.254  -15.797 0.3000000119
13449  -41.531  -58.715  -14.075 0.2000000030
136827  -42.198  -59.248  -15.019 0.1000000015
131679  -42.862  -59.615  -15.148 0.3000000119
12035  -43.172  -60.483  -16.108 0.2000000030
143191  -44.206  -62.564  -17.607 0.1000000015
9243  -45.125  -63.733  -19.623 0.1000000015
7942  -44.488  -65.808  -20.298 0.1000000015
7434  -43.252  -66.797  -20.514 0.1000000015
13454  -41.907  -59.010  -14.644 0.2000000030
154163  -42.961  -59.820  -15.393 0.2000000030
12761  -42.609  -59.963  -15.699 0.2000000030
11322  -43.727  -61.045  -16.602 0.1000000015
10625  -44.253  -61.790  -17.143 0.1000000015
9965  -44.289  -63.565  -18.962 0.1000000015
8547  -44.158  -64.741  -20.542 0.1000000015
7432  -41.475  -67.285  -20.580 0.1000000015
12760  -41.662  -59.765  -15.723 0.1000000015
11321  -42.716  -61.158  -16.581 0.2000000030
10623  -42.203  -61.852  -17.011 0.1000000015
9955  -43.395  -63.084  -17.814 0.1000000015
9971  -42.922  -63.858  -18.995 0.1000000015
7442  -39.864  -66.977  -20.881 0.1000000015
10631  -42.411  -62.456  -17.308 0.1000000015
9245  -42.495  -64.121  -19.520 0.1000000015
8559  -41.729  -64.719  -20.364 0.1000000015
23289  -44.844  -46.371  -7.241 0.2000000030
14196  -40.343  -57.963  -13.738 0.2000000030
13453  -41.327  -58.727  -14.644 0.1000000015
12753  -42.155  -59.455  -15.322 0.1000000015
12752  -41.282  -59.197  -15.352 0.1000000015
147967  -41.942  -61.322  -16.700 0.1000000015
12033  -40.912  -60.386  -16.163 0.1000000015
11330  -41.412  -61.869  -17.058 0.1000000015
9954  -42.457  -63.030  -17.636 0.1000000015
7948  -41.717  -66.409  -20.837 0.1000000015
7949  -42.513  -66.185  -20.827 0.1000000015
8551  -42.958  -64.665  -20.436 0.1000000015
9970  -41.887  -63.939  -18.719 0.1000000015
10583  -45.820  -63.069  -11.935 0.3000000119
8493  -42.622  -65.898  -13.580 0.3000000119
135913  -43.918  -64.458  -13.628 0.3000000119
7902  -42.424  -66.864  -13.590 0.3000000119
10596  -47.124  -62.304  -13.516 0.4000000060
8505  -43.344  -65.705  -14.229 0.3000000119
12006  -48.543  -60.392  -13.211 0.4000000060
9931  -45.739  -63.360  -14.366 0.4000000060
12019  -48.239  -60.480  -14.199 0.4000000060
11326  -47.698  -60.874  -16.691 0.4000000060
7938  -44.461  -66.924  -17.599 0.2000000030
11325  -46.544  -60.907  -17.231 0.3000000119
9957  -46.422  -62.144  -17.818 0.2000000030
7419  -43.790  -67.425  -18.908 0.2000000030
12750  -44.796  -59.973  -14.813 0.3000000119
9956  -46.253  -63.016  -18.335 0.2000000030
11332  -46.086  -61.420  -17.504 0.4000000060
12037  -45.179  -60.554  -16.325 0.2000000030
10633  -45.307  -62.172  -17.657 0.2000000030
133274  -45.641  -63.458  -18.977 0.1000000015
6854  -42.749  -67.776  -20.039 0.1000000015
8545  -45.152  -65.082  -20.085 0.1000000015
12025  -43.543  -60.123  -15.697 0.3000000119
8548  -44.650  -64.226  -20.096 0.1000000015
7945  -43.620  -65.244  -20.763 0.1000000015
7433  -42.359  -67.099  -20.609 0.1000000015
13459  -41.507  -58.957  -15.027 0.1000000015
12034  -42.059  -60.559  -16.204 0.1000000015
10624  -43.108  -61.814  -16.985 0.1000000015
9964  -43.275  -63.542  -18.391 0.1000000015
8552  -43.364  -64.179  -20.133 0.1000000015
7443  -40.740  -66.524  -20.945 0.1000000015
9963  -42.323  -63.510  -18.098 0.1000000015
146510  -39.111  -66.564  -21.324 0.1000000015
9953  -41.772  -62.897  -17.594 0.1000000015
11320  -41.242  -61.222  -16.586 0.1000000015
10520  -45.867  -62.868  -7.159 0.3000000119
10529  -46.280  -62.935  -7.698 0.2000000030
10528  -45.527  -63.096  -8.001 0.3000000119
139450  -45.905  -63.444  -8.548 0.2000000030
11926  -47.650  -60.616  -5.771 0.4000000060
11213  -46.518  -62.355  -6.731 0.2000000030
11202  -47.136  -61.523  -6.076 0.4000000060
11227  -46.943  -62.339  -7.562 0.3000000119
9860  -43.998  -63.308  -9.906 0.2000000030
11927  -48.391  -59.994  -6.323 0.4000000060
10530  -46.881  -62.618  -8.500 0.2000000030
9861  -44.656  -63.853  -9.833 0.2000000030
9871  -43.449  -63.015  -10.902 0.1000000015
138392  -43.721  -63.284  -10.847 0.2000000030
9888  -43.254  -63.334  -11.370 0.1000000015
9887  -42.390  -63.620  -11.762 0.1000000015
9873  -44.899  -63.762  -10.640 0.2000000030
9170  -42.616  -64.094  -12.021 0.1000000015
8474  -41.803  -65.068  -12.751 0.1000000015
9171  -43.081  -63.868  -11.887 0.1000000015
8475  -42.231  -64.981  -12.839 0.1000000015
7890  -40.043  -66.647  -13.887 0.1000000015
8473  -41.276  -65.002  -12.794 0.1000000015
8490  -41.348  -65.606  -13.082 0.1000000015
142085  -40.736  -66.126  -13.468 0.1000000015
11229  -48.420  -60.987  -8.471 0.3000000119
9862  -45.725  -63.697  -10.091 0.2000000030
9889  -44.233  -63.441  -11.175 0.2000000030
137631  -43.527  -63.470  -11.487 0.2000000030
142363  -42.653  -64.405  -12.424 0.2000000030
7349  -40.120  -67.679  -13.629 0.1000000015
7362  -38.763  -67.655  -14.402 0.1000000015
11247  -48.455  -61.062  -9.552 0.2000000030
144700  -47.750  -61.826  -8.958 0.3000000119
9189  -43.134  -64.295  -12.499 0.2000000030
7891  -40.778  -67.164  -13.371 0.1000000015
6787  -38.611  -68.526  -14.263 0.1000000015
7363  -39.413  -68.140  -13.881 0.1000000015
10555  -47.199  -62.511  -9.980 0.3000000119
142891  -44.438  -63.555  -11.780 0.3000000119
11971  -49.073  -60.239  -9.226 0.2000000030
7892  -42.104  -66.350  -13.192 0.2000000030
146724  -41.365  -67.621  -13.093 0.1000000015
6788  -39.411  -69.102  -13.553 0.1000000015
155440  -41.298  -68.192  -12.959 0.1000000015
144604  -38.680  -69.461  -13.920 0.1000000015
11246  -47.817  -61.824  -9.868 0.2000000030
6240  -40.177  -69.647  -13.050 0.1000000015
6777  -41.256  -68.694  -12.925 0.1000000015
6255  -38.547  -70.323  -13.741 0.1000000015
6239  -39.313  -70.041  -13.405 0.1000000015
142747  -49.091  -60.288  -10.196 0.2000000030
6789  -41.718  -68.907  -13.319 0.1000000015
5686  -40.488  -70.189  -13.136 0.1000000015
6804  -42.071  -69.015  -14.450 0.1000000015
5104  -36.857  -71.820  -14.536 0.1000000015
5699  -39.081  -71.254  -13.539 0.1000000015
5685  -39.738  -70.572  -13.296 0.1000000015
6256  -40.981  -70.157  -13.614 0.1000000015
7364  -42.764  -67.474  -14.379 0.3000000119
5119  -39.402  -71.790  -15.091 0.1000000015
147697  -48.988  -60.156  -8.400 0.3000000119
11214  -47.418  -61.708  -7.008 0.3000000119
11228  -47.624  -61.801  -7.973 0.2000000030
140854  -46.764  -62.957  -10.460 0.3000000119
7350  -40.836  -68.182  -13.071 0.1000000015
9172  -43.751  -63.817  -12.022 0.2000000030
136229  -46.428  -63.199  -9.428 0.2000000030
151945  -47.215  -62.435  -9.353 0.3000000119
8491  -41.889  -65.716  -13.031 0.1000000015
136515  -37.893  -70.573  -14.075 0.1000000015
5105  -37.659  -71.852  -14.197 0.1000000015
5700  -40.249  -70.704  -13.642 0.1000000015
5696  -36.612  -71.000  -14.687 0.1000000015
5107  -39.174  -71.627  -14.072 0.1000000015
5725  -40.398  -70.812  -16.157 0.1000000015
5143  -39.769  -71.366  -16.898 0.1000000015
5737  -40.287  -70.784  -17.426 0.2000000030
5141  -39.096  -71.762  -18.311 0.1000000015
6288  -41.846  -69.354  -15.653 0.2000000030
5726  -41.161  -70.023  -15.824 0.2000000030
5736  -39.669  -71.318  -17.879 0.2000000030
137296  -40.980  -70.138  -17.029 0.1000000015
151597  -38.956  -71.713  -18.863 0.1000000015
135307  -40.078  -70.818  -18.217 0.2000000030
141564  -41.551  -69.555  -17.732 0.1000000015
6805  -42.650  -68.259  -14.927 0.2000000030
6289  -42.204  -69.043  -16.498 0.1000000015
5748  -39.505  -71.192  -18.639 0.1000000015
5749  -40.113  -70.517  -18.730 0.1000000015
7377  -43.533  -67.038  -15.396 0.2000000030
7390  -42.984  -68.203  -15.982 0.2000000030
6296  -42.215  -69.044  -17.385 0.1000000015
6306  -41.398  -69.433  -18.572 0.1000000015
6814  -42.781  -68.540  -16.898 0.1000000015
8524  -44.500  -65.779  -15.695 0.2000000030
7391  -43.505  -67.665  -16.189 0.2000000030
150481  -43.337  -68.056  -16.801 0.2000000030
6307  -42.135  -68.987  -18.324 0.1000000015
7912  -44.325  -66.418  -16.046 0.2000000030
6825  -42.804  -68.548  -18.026 0.1000000015
6316  -41.189  -69.166  -19.159 0.1000000015
11201  -46.198  -61.942  -5.715 0.2000000030
10527  -44.898  -62.992  -8.346 0.1000000015
14109  -42.374  -57.990  -4.247 0.2000000030
148802  -42.284  -59.083  -3.905 0.1000000015
17909  -34.459  -52.775  -4.181 0.1000000015
14850  -39.054  -56.486  -4.964 0.1000000015
132902  -39.482  -55.939  -4.743 0.1000000015
17907  -33.899  -52.733  -3.535 0.2000000030
17146  -34.644  -53.548  -4.491 0.1000000015
14848  -37.307  -55.830  -5.430 0.1000000015
17147  -35.471  -53.802  -4.872 0.1000000015
143198  -36.191  -54.284  -5.111 0.1000000015
15593  -37.995  -55.301  -5.130 0.1000000015
11925  -46.708  -61.169  -5.317 0.2000000030
13368  -43.402  -58.974  -4.097 0.1000000015
15594  -38.851  -55.618  -4.927 0.1000000015
16368  -37.026  -54.144  -5.025 0.1000000015
14849  -38.240  -56.138  -5.233 0.1000000015
11200  -45.280  -62.005  -5.466 0.1000000015
11212  -45.688  -62.467  -6.352 0.1000000015
20420  -38.032  -49.359  0.528 0.1000000015
20419  -37.072  -49.319  0.504 0.1000000015
19534  -36.635  -49.847  0.953 0.1000000015
145481  -35.929  -50.034  0.733 0.1000000015
18683  -34.238  -51.615  -0.157 0.1000000015
19548  -36.193  -49.491  0.364 0.1000000015
19547  -35.423  -49.924  0.151 0.1000000015
19536  -38.550  -49.929  1.261 0.1000000015
19525  -36.979  -50.258  1.535 0.1000000015
18658  -36.532  -50.833  1.860 0.1000000015
17839  -34.809  -51.948  1.125 0.1000000015
19535  -37.520  -49.791  1.119 0.1000000015
19533  -35.386  -50.675  0.754 0.1000000015
153946  -35.189  -51.356  1.130 0.1000000015
17109  -34.089  -53.170  0.429 0.1000000015
20421  -39.007  -49.428  0.492 0.1000000015
18648  -37.103  -51.276  2.470 0.1000000015
19527  -39.258  -50.488  1.713 0.1000000015
148412  -38.532  -50.520  1.853 0.1000000015
18659  -37.280  -50.682  1.986 0.1000000015
19537  -39.565  -49.963  1.099 0.1000000015
18657  -35.753  -51.065  1.499 0.1000000015
17840  -34.952  -52.367  1.627 0.1000000015
20422  -39.931  -49.530  0.368 0.1000000015
20424  -41.493  -49.737  0.147 0.1000000015
17841  -39.820  -51.573  2.382 0.1000000015
18660  -37.989  -50.857  2.211 0.1000000015
19528  -40.085  -50.595  1.553 0.1000000015
19539  -41.258  -50.186  0.732 0.1000000015
138664  -41.184  -49.288  -0.429 0.1000000015
151487  -44.330  -45.961  -7.573 0.1000000015
24175  -44.218  -45.380  -8.165 0.1000000015
25046  -45.293  -44.694  -9.063 0.1000000015
19540  -42.119  -50.200  0.478 0.1000000015
20434  -42.131  -49.484  -0.363 0.1000000015
20451  -41.663  -48.889  -1.096 0.1000000015
23279  -44.603  -46.665  -6.395 0.1000000015
25044  -43.743  -44.549  -8.573 0.1000000015
156843  -44.190  -44.358  -8.895 0.1000000015
23290  -45.681  -46.518  -7.697 0.1000000015
25931  -45.709  -43.020  -9.491 0.1000000015
25055  -44.646  -44.055  -9.114 0.1000000015
25056  -45.501  -43.902  -9.267 0.1000000015
145298  -39.741  -50.972  2.042 0.1000000015
18649  -38.176  -51.484  2.685 0.1000000015
17832  -37.425  -51.960  3.044 0.1000000015
25930  -44.147  -43.283  -9.432 0.1000000015
134604  -34.681  -50.648  -0.170 0.1000000015
17898  -33.890  -51.923  -0.788 0.1000000015
25045  -44.513  -44.794  -8.807 0.1000000015
19524  -36.171  -50.414  1.264 0.1000000015
17879  -33.941  -52.465  -0.239 0.1000000015
17856  -34.352  -52.209  0.496 0.1000000015
19538  -40.449  -50.086  0.940 0.1000000015
24176  -45.098  -45.389  -8.616 0.1000000015
145878  -44.947  -43.367  -9.395 0.1000000015
14195  -39.702  -57.754  -13.974 0.1000000015
14948  -38.972  -57.370  -13.743 0.1000000015
11224  -42.801  -61.097  -7.914 0.1000000015
11970  -42.778  -61.274  -8.846 0.1000000015
11225  -43.664  -61.738  -8.274 0.1000000015
11953  -42.204  -60.859  -8.435 0.1000000015
11969  -41.925  -60.951  -9.145 0.1000000015
11243  -42.517  -61.491  -9.734 0.1000000015
136771  -41.047  -60.528  -9.282 0.1000000015
148464  -42.543  -61.003  -6.910 0.1000000015
11211  -43.457  -61.459  -7.088 0.1000000015
11980  -40.451  -60.707  -10.147 0.1000000015
11968  -40.125  -60.116  -9.289 0.1000000015
11937  -41.994  -60.660  -7.692 0.1000000015
11967  -39.236  -59.762  -9.270 0.1000000015
11951  -40.630  -60.109  -8.421 0.1000000015
9832  -36.893  -63.354  -4.810 0.1000000015
9133  -34.535  -63.785  -7.510 0.1000000015
9850  -34.012  -63.038  -8.028 0.1000000015
10525  -33.547  -62.478  -8.682 0.1000000015
133373  -44.368  -62.013  -7.224 0.1000000015
9858  -33.044  -62.971  -9.169 0.1000000015
11222  -33.629  -61.531  -8.955 0.1000000015
11979  -39.527  -60.208  -9.971 0.1000000015
11966  -38.810  -59.831  -9.911 0.1000000015
10537  -44.252  -62.942  -9.205 0.1000000015
10551  -32.877  -61.739  -10.225 0.1000000015
11963  -33.768  -60.710  -10.293 0.1000000015
11988  -34.799  -60.390  -11.152 0.1000000015
145006  -38.033  -60.239  -10.872 0.1000000015
12714  -37.961  -59.709  -10.212 0.1000000015
134785  -38.351  -59.483  -9.357 0.1000000015
11950  -39.696  -59.755  -8.422 0.1000000015
9859  -43.758  -62.957  -10.239 0.1000000015
142583  -32.273  -62.974  -10.157 0.1000000015
11270  -34.325  -60.877  -11.697 0.1000000015
11976  -36.267  -59.799  -10.776 0.1000000015
12705  -37.388  -59.247  -9.456 0.1000000015
9837  -35.890  -63.190  -5.782 0.1000000015
9844  -35.050  -63.249  -6.875 0.1000000015
11210  -43.087  -61.393  -5.972 0.1000000015
137637  -44.033  -61.821  -6.061 0.1000000015
10517  -34.559  -62.661  -7.438 0.1000000015
10526  -34.117  -61.885  -8.138 0.1000000015
11226  -44.468  -62.469  -8.252 0.1000000015
11974  -34.385  -60.244  -10.284 0.1000000015
11975  -35.285  -59.876  -10.585 0.1000000015
11965  -34.927  -59.690  -9.744 0.1000000015
12703  -35.828  -59.444  -10.017 0.1000000015
12713  -36.853  -59.448  -10.169 0.1000000015
10499  -37.133  -62.711  -4.414 0.1000000015
142522  -36.283  -63.054  -5.292 0.1000000015
10490  -36.920  -62.145  -4.103 0.1000000015
11165  -37.145  -61.964  -3.145 0.1000000015
11198  -43.568  -61.685  -5.096 0.1000000015
137142  -35.913  -62.358  -5.662 0.1000000015
135860  -41.627  -60.687  -6.719 0.1000000015
11199  -44.452  -61.878  -5.242 0.1000000015
10518  -35.054  -62.310  -6.866 0.1000000015
11936  -41.119  -60.303  -7.541 0.1000000015
148135  -34.709  -61.690  -7.437 0.1000000015
11223  -34.092  -60.948  -8.676 0.1000000015
135691  -34.300  -60.308  -9.313 0.1000000015
11241  -33.822  -60.879  -9.277 0.1000000015
12704  -36.369  -59.169  -9.407 0.1000000015
11949  -34.796  -59.754  -8.920 0.1000000015
12694  -35.463  -59.348  -9.227 0.1000000015
148410  -36.591  -61.632  -3.769 0.1000000015
11924  -42.123  -61.137  -5.863 0.1000000015
10498  -36.537  -62.418  -4.860 0.1000000015
11179  -36.379  -61.655  -4.470 0.1000000015
11171  -36.386  -61.300  -3.156 0.1000000015
11164  -36.541  -61.500  -2.269 0.1000000015
146645  -40.685  -60.419  -6.493 0.1000000015
11923  -41.190  -60.945  -5.684 0.1000000015
11188  -43.104  -61.452  -4.651 0.1000000015
11186  -36.061  -61.666  -5.221 0.1000000015
12698  -40.094  -59.979  -7.379 0.1000000015
134446  -44.888  -62.210  -6.219 0.1000000015
156894  -35.124  -61.542  -6.929 0.1000000015
144514  -35.429  -61.909  -6.364 0.1000000015
12696  -37.813  -59.090  -8.695 0.1000000015
12695  -35.867  -58.978  -8.715 0.1000000015
11208  -34.526  -60.937  -8.041 0.1000000015
150125  -34.474  -60.348  -8.596 0.1000000015
148323  -36.081  -61.040  -3.977 0.1000000015
11190  -44.787  -61.669  -4.825 0.1000000015
144239  -36.837  -58.875  -8.796 0.1000000015
12682  -38.173  -59.053  -7.867 0.1000000015
11948  -34.811  -59.960  -8.085 0.1000000015
11209  -34.938  -60.833  -7.379 0.1000000015
158009  -39.539  -59.816  -6.897 0.1000000015
11922  -40.324  -60.647  -5.510 0.1000000015
144919  -38.483  -59.140  -7.084 0.1000000015
12680  -36.263  -58.588  -8.208 0.1000000015
12681  -37.244  -58.642  -8.132 0.1000000015
11197  -35.661  -61.464  -5.886 0.1000000015
148157  -35.191  -59.362  -8.572 0.1000000015
11196  -35.287  -60.947  -6.599 0.1000000015
11934  -35.027  -59.943  -7.241 0.1000000015
12679  -35.272  -59.021  -7.967 0.1000000015
11907  -39.663  -60.060  -5.508 0.1000000015
12666  -37.616  -58.513  -7.310 0.1000000015
11894  -35.886  -61.050  -4.856 0.1000000015
12665  -35.796  -58.380  -7.618 0.1000000015
13399  -36.673  -58.322  -7.729 0.1000000015
12653  -39.372  -59.373  -5.309 0.1000000015
12667  -38.473  -58.935  -6.500 0.1000000015
13388  -36.507  -57.954  -7.188 0.1000000015
11921  -35.480  -60.778  -5.979 0.1000000015
11906  -35.713  -61.058  -5.487 0.1000000015
11865  -36.142  -61.012  -0.632 0.1000000015
11872  -36.022  -61.037  -1.574 0.1000000015
10536  -33.129  -62.032  -9.410 0.1000000015
11240  -33.428  -61.176  -9.777 0.1000000015
11964  -33.901  -60.622  -9.778 0.1000000015
11987  -33.980  -60.658  -10.954 0.1000000015
11989  -35.732  -60.289  -11.326 0.1000000015
11977  -37.253  -59.954  -10.849 0.1000000015
11991  -37.596  -60.607  -11.351 0.1000000015
10511  -35.485  -62.806  -6.293 0.1000000015
12697  -38.758  -59.418  -8.526 0.1000000015
11935  -39.842  -60.140  -6.313 0.1000000015
12683  -39.141  -59.508  -7.515 0.1000000015
12668  -39.124  -59.620  -6.457 0.1000000015
12664  -35.125  -59.031  -7.040 0.1000000015
150844  -39.074  -59.399  -5.867 0.1000000015
11158  -36.721  -61.696  -1.216 0.1000000015
154275  -33.272  -75.950  -24.723 0.1000000015
158286  -33.040  -76.699  -23.499 0.1000000015
3407  -29.608  -75.655  -27.595 0.1000000015
3402  -30.157  -75.603  -26.915 0.1000000015
3801  -29.600  -74.816  -26.404 0.1000000015
3802  -30.652  -74.950  -26.238 0.1000000015
2788  -32.602  -76.540  -25.520 0.1000000015
3413  -29.658  -75.415  -28.498 0.1000000015
151774  -28.697  -74.122  -29.091 0.1000000015
3812  -29.091  -73.864  -29.796 0.1000000015
3396  -33.478  -75.396  -24.612 0.1000000015
147532  -33.612  -75.743  -23.352 0.1000000015
3078  -33.479  -76.043  -22.561 0.1000000015
3797  -33.208  -74.941  -25.140 0.1000000015
3803  -31.671  -74.911  -26.062 0.1000000015
3804  -32.346  -74.882  -25.868 0.1000000015
3399  -33.118  -75.559  -25.293 0.1000000015
2768  -33.109  -76.719  -22.778 0.1000000015
3800  -28.708  -74.589  -26.586 0.1000000015
3093  -32.085  -76.538  -26.260 0.1000000015
3092  -31.532  -75.996  -26.517 0.1000000015
3806  -28.501  -74.836  -27.354 0.1000000015
4244  -28.104  -73.734  -28.574 0.1000000015
4246  -28.458  -73.284  -29.297 0.1000000015
4702  -28.463  -72.461  -29.422 0.1000000015
5139  -31.264  -71.501  -17.455 0.1000000015
4198  -30.421  -73.398  -19.627 0.1000000015
4616  -31.509  -72.143  -17.804 0.1000000015
3388  -33.644  -75.213  -22.921 0.1000000015
3386  -33.486  -75.447  -22.059 0.1000000015
3379  -33.202  -75.524  -21.362 0.1000000015
3766  -32.185  -74.822  -20.330 0.1000000015
3765  -31.369  -74.369  -19.954 0.1000000015
142138  -31.251  -73.598  -19.720 0.1000000015
3785  -33.557  -74.584  -23.534 0.1000000015
3378  -32.774  -75.645  -20.723 0.1000000015
4227  -33.142  -74.019  -24.001 0.1000000015
3068  -33.051  -76.129  -21.101 0.1000000015
3794  -31.085  -74.289  -25.790 0.1000000015
3796  -32.678  -74.565  -25.469 0.1000000015
4240  -27.893  -74.156  -27.680 0.1000000015
5140  -32.013  -71.884  -17.149 0.1000000015
4630  -31.019  -72.330  -18.552 0.1000000015
5735  -31.721  -71.071  -16.870 0.1000000015
3774  -32.833  -74.762  -20.970 0.1000000015
3772  -31.970  -73.853  -20.087 0.1000000015
3777  -33.225  -74.725  -21.673 0.1000000015
4208  -33.197  -73.899  -22.216 0.1000000015
3793  -30.063  -74.211  -25.897 0.1000000015
3792  -28.964  -74.001  -25.925 0.1000000015
4230  -28.058  -73.298  -25.784 0.1000000015
4688  -27.425  -73.013  -26.229 0.1000000015
4693  -27.395  -72.635  -26.965 0.1000000015
4234  -32.338  -73.869  -25.136 0.1000000015
5154  -30.894  -71.815  -18.146 0.1000000015
4188  -31.242  -72.863  -19.090 0.1000000015
4233  -31.491  -73.687  -25.307 0.1000000015
142707  -30.549  -72.673  -19.149 0.1000000015
4216  -33.266  -73.824  -23.168 0.1000000015
4215  -32.796  -73.207  -23.613 0.1000000015
4629  -30.273  -72.153  -18.864 0.1000000015
4663  -31.741  -71.931  -23.552 0.1000000015
5194  -31.996  -71.426  -22.885 0.1000000015
5184  -31.686  -70.663  -22.664 0.1000000015
4189  -32.083  -72.908  -18.515 0.1000000015
4203  -32.423  -73.347  -20.376 0.1000000015
3776  -32.820  -73.769  -21.172 0.1000000015
4207  -32.840  -72.981  -22.697 0.1000000015
4205  -32.747  -72.861  -21.657 0.1000000015
4664  -32.381  -72.342  -23.194 0.1000000015
4657  -32.322  -71.952  -22.135 0.1000000015
140849  -32.650  -72.846  -20.846 0.1000000015
4199  -32.135  -73.226  -19.496 0.1000000015
5169  -32.925  -71.784  -20.416 0.1000000015
5193  -31.321  -70.915  -23.234 0.1000000015
4654  -32.547  -71.927  -21.017 0.1000000015
2774  -33.190  -76.342  -24.098 0.1000000015
3075  -33.300  -76.107  -21.680 0.1000000015
3083  -33.365  -76.227  -23.385 0.1000000015
3088  -32.518  -75.830  -25.849 0.1000000015
3089  -32.985  -76.057  -25.301 0.1000000015
3393  -33.696  -75.272  -23.833 0.1000000015
3398  -32.755  -75.184  -25.701 0.1000000015
3401  -29.219  -75.233  -27.043 0.1000000015
3403  -31.203  -75.571  -26.441 0.1000000015
3404  -32.111  -75.380  -26.080 0.1000000015
3412  -29.051  -75.320  -27.760 0.1000000015
3773  -32.439  -74.070  -20.596 0.1000000015
3779  -33.472  -74.778  -22.329 0.1000000015
3789  -32.978  -74.250  -24.813 0.1000000015
3790  -33.466  -74.735  -24.371 0.1000000015
3795  -32.001  -74.344  -25.683 0.1000000015
3799  -27.980  -74.224  -26.826 0.1000000015
3809  -28.686  -74.722  -28.355 0.1000000015
4236  -27.771  -73.639  -26.372 0.1000000015
4237  -28.249  -73.985  -26.253 0.1000000015
4239  -27.536  -73.519  -26.963 0.1000000015
4243  -27.623  -73.152  -27.804 0.1000000015
4631  -31.611  -72.571  -18.269 0.1000000015
4650  -32.737  -72.635  -20.286 0.1000000015
4685  -36.974  -73.152  -25.587 0.1000000015
4686  -37.693  -72.917  -25.619 0.1000000015
4691  -37.289  -73.004  -26.455 0.1000000015
4695  -36.803  -72.916  -27.299 0.1000000015
4700  -28.024  -72.568  -28.715 0.1000000015
5126  -32.562  -71.513  -16.638 0.1000000015
5205  -35.858  -71.865  -25.054 0.1000000015
5207  -37.420  -72.124  -24.244 0.1000000015
5215  -35.509  -72.330  -25.644 0.1000000015
5218  -38.420  -72.437  -25.212 0.1000000015
5222  -35.711  -72.969  -25.813 0.1000000015
5224  -39.057  -71.835  -25.925 0.1000000015
5230  -37.120  -72.386  -28.048 0.1000000015
5684  -39.051  -70.754  -13.432 0.1000000015
5697  -37.430  -71.212  -14.211 0.1000000015
5698  -38.349  -71.194  -13.807 0.1000000015
5738  -40.751  -70.173  -18.138 0.1000000015
5810  -37.141  -71.232  -24.089 0.1000000015
5812  -39.541  -70.410  -24.278 0.1000000015
5819  -40.079  -70.353  -25.010 0.1000000015
6241  -41.073  -69.540  -12.951 0.1000000015
6257  -41.496  -69.517  -13.663 0.1000000015
6295  -41.669  -69.514  -16.710 0.1000000015
6396  -40.659  -69.586  -27.257 0.1000000015
6776  -40.738  -68.993  -12.944 0.2000000030
6778  -41.795  -68.117  -13.035 0.1000000015
6813  -42.443  -68.748  -15.745 0.2000000030
6826  -43.444  -67.974  -17.801 0.1000000015
6904  -40.630  -68.875  -26.212 0.1000000015
7431  -40.572  -67.515  -20.494 0.1000000015
7447  -37.152  -67.267  -22.255 0.1000000015
7464  -41.293  -68.089  -27.391 0.1000000015
7465  -41.821  -67.468  -28.050 0.1000000015
7474  -42.003  -67.357  -29.581 0.1000000015
7901  -39.333  -67.166  -14.201 0.1000000015
7928  -44.133  -67.082  -16.549 0.2000000030
7939  -45.019  -66.032  -19.321 0.1000000015
7944  -43.802  -66.057  -20.612 0.1000000015
7950  -43.119  -65.753  -20.814 0.1000000015
7953  -39.062  -65.799  -21.887 0.1000000015
7957  -42.368  -65.504  -20.802 0.1000000015
7969  -41.074  -66.534  -26.666 0.1000000015
8492  -42.239  -65.573  -13.180 0.2000000030
8506  -44.163  -65.391  -14.906 0.3000000119
8554  -39.628  -65.353  -21.852 0.1000000015
8557  -40.717  -65.193  -21.137 0.2000000030
8563  -39.514  -64.722  -22.411 0.2000000030
8565  -38.369  -65.423  -23.478 0.1000000015
8570  -39.058  -65.123  -24.655 0.1000000015
8592  -42.735  -65.266  -27.110 0.1000000015
8593  -43.301  -64.875  -27.402 0.1000000015
8606  -43.412  -64.997  -28.243 0.1000000015
8641  -43.385  -65.052  -29.184 0.1000000015
9169  -42.152  -64.218  -12.075 0.1000000015
9188  -42.223  -64.563  -12.385 0.1000000015
9201  -43.303  -64.704  -13.186 0.3000000119
9246  -43.824  -63.826  -19.615 0.1000000015
9247  -42.045  -64.373  -20.027 0.1000000015
9250  -39.749  -64.697  -21.823 0.2000000030
9252  -40.706  -64.321  -20.281 0.2000000030
9254  -39.083  -64.710  -23.054 0.2000000030
9255  -39.776  -64.266  -22.454 0.2000000030
9261  -39.226  -64.540  -23.510 0.2000000030
9276  -40.231  -64.252  -24.507 0.1000000015
9277  -41.046  -64.006  -24.778 0.1000000015
9312  -42.580  -64.803  -26.513 0.1000000015
9314  -44.268  -63.726  -26.481 0.1000000015
9872  -44.090  -63.501  -10.482 0.2000000030
9890  -45.062  -63.469  -11.413 0.3000000119
9903  -44.419  -63.651  -12.560 0.3000000119
9950  -46.954  -62.669  -17.664 0.4000000060
9968  -39.851  -63.350  -18.953 0.1000000015
9983  -40.104  -63.879  -23.188 0.1000000015
9984  -40.749  -63.354  -23.011 0.1000000015
10014  -43.444  -63.000  -24.619 0.1000000015
10026  -43.079  -63.590  -25.302 0.1000000015
10042  -44.719  -63.335  -26.729 0.1000000015
10061  -44.749  -63.145  -27.735 0.1000000015
10062  -45.126  -62.846  -26.906 0.1000000015
10078  -44.299  -63.153  -28.666 0.1000000015
10091  -42.928  -63.689  -29.907 0.1000000015
10538  -44.789  -63.594  -8.866 0.2000000030
10539  -45.473  -63.856  -9.284 0.2000000030
10584  -46.882  -62.522  -12.315 0.4000000060
10585  -47.894  -61.807  -13.183 0.4000000060
10622  -47.869  -61.500  -16.336 0.4000000060
10627  -47.616  -61.461  -17.086 0.4000000060
10630  -41.599  -62.458  -17.364 0.1000000015
10632  -43.309  -62.516  -17.362 0.1000000015
10688  -44.668  -62.187  -24.535 0.1000000015
10731  -45.167  -62.483  -27.443 0.1000000015
11180  -43.620  -61.323  -4.385 0.1000000015
11187  -42.570  -61.505  -5.056 0.1000000015
11191  -45.691  -61.522  -5.038 0.1000000015
11257  -33.339  -61.099  -10.640 0.1000000015
11315  -48.380  -60.922  -14.819 0.4000000060
11367  -41.986  -60.976  -22.534 0.1000000015
11406  -46.328  -61.347  -25.273 0.1000000015
11425  -46.043  -61.798  -26.174 0.1000000015
11897  -42.657  -61.138  -4.268 0.1000000015
11900  -45.636  -60.516  -4.538 0.2000000030
11911  -45.214  -61.215  -4.587 0.1000000015
11938  -47.973  -60.912  -6.517 0.4000000060
11939  -48.588  -60.270  -7.066 0.4000000060
11952  -41.499  -60.513  -8.446 0.1000000015
11955  -48.664  -60.456  -7.802 0.3000000119
11981  -49.329  -59.575  -10.661 0.5000000000
12022  -47.373  -60.314  -15.193 0.4000000060
12036  -44.195  -60.471  -16.174 0.3000000119
12038  -46.098  -60.591  -16.577 0.3000000119
12080  -43.827  -60.860  -23.453 0.1000000015
12101  -47.082  -60.164  -24.639 0.1000000015
12115  -47.347  -59.909  -25.369 0.1000000015
12131  -47.009  -60.084  -26.354 0.1000000015
12700  -49.647  -58.250  -8.654 0.5000000000
12729  -48.548  -59.617  -11.926 0.4000000060
12737  -44.644  -59.666  -12.597 0.4000000060
12748  -42.672  -59.389  -14.729 0.1000000015
12754  -43.694  -59.973  -15.392 0.3000000119
12855  -47.110  -59.216  -26.792 0.1000000015
13355  -41.508  -59.273  -3.898 0.1000000015
13380  -48.211  -58.198  -6.252 0.5000000000
13391  -49.182  -57.602  -7.161 0.5000000000
13400  -49.119  -58.322  -7.027 0.5000000000
13401  -49.419  -57.790  -7.522 0.5000000000
13417  -49.163  -57.879  -9.719 0.4000000060
13452  -40.839  -58.599  -14.825 0.1000000015
13458  -40.803  -58.799  -15.148 0.1000000015
13525  -43.578  -58.366  -23.454 0.1000000015
13528  -46.799  -58.910  -23.821 0.1000000015
14111  -44.209  -58.289  -4.545 0.3000000119
14146  -48.887  -56.776  -8.408 0.5000000000
14159  -47.725  -56.915  -9.434 0.6000000238
14160  -48.427  -57.008  -9.231 0.5000000000
14186  -40.777  -57.632  -11.775 0.4000000060
14199  -39.251  -57.811  -14.487 0.1000000015
14201  -40.874  -58.405  -14.279 0.2000000030
14301  -47.502  -57.783  -25.016 0.1000000015
14312  -47.740  -57.497  -25.797 0.1000000015
14326  -47.803  -57.389  -26.590 0.1000000015
14365  -46.821  -57.062  -29.461 0.1000000015
14869  -46.811  -56.346  -6.526 0.4000000060
14878  -47.956  -56.415  -7.251 0.5000000000
14888  -48.120  -56.338  -8.427 0.6000000238
14889  -48.635  -56.558  -8.159 0.5000000000
14946  -37.083  -55.694  -13.085 0.1000000015
15019  -47.206  -57.153  -25.120 0.1000000015
15041  -47.545  -56.764  -28.162 0.1000000015
15060  -45.798  -56.615  -30.604 0.1000000015
15600  -44.488  -55.269  -5.633 0.3000000119
15624  -45.845  -55.018  -6.555 0.5000000000
15639  -47.483  -55.947  -8.131 0.6000000238
15766  -42.820  -55.677  -23.755 0.1000000015
15780  -46.293  -56.125  -25.325 0.1000000015
15814  -47.673  -56.058  -27.011 0.1000000015
15825  -47.102  -55.668  -29.473 0.1000000015
15846  -38.678  -55.249  -30.692 0.1000000015
16372  -40.227  -54.156  -4.415 0.3000000119
16375  -43.652  -54.124  -5.259 0.4000000060
16394  -45.499  -54.331  -6.446 0.4000000060
16407  -46.196  -54.834  -7.306 0.4000000060
16425  -45.309  -54.431  -9.194 0.6000000238
16513  -41.858  -54.451  -23.029 0.1000000015
16552  -45.994  -54.524  -26.695 0.1000000015
16553  -46.704  -54.908  -27.087 0.1000000015
17156  -43.791  -53.547  -5.407 0.4000000060
17180  -45.287  -53.650  -8.052 0.4000000060
17311  -43.535  -52.815  -25.123 0.1000000015
17320  -37.623  -53.331  -26.917 0.1000000015
17326  -45.587  -54.035  -27.270 0.1000000015
17351  -43.107  -53.883  -28.425 0.1000000015
17361  -37.528  -53.609  -28.887 0.1000000015
17914  -39.357  -52.774  -4.632 0.3000000119
17920  -40.606  -52.374  -5.059 0.4000000060
17924  -44.095  -52.802  -6.349 0.4000000060
18116  -43.204  -51.771  -24.061 0.1000000015
18125  -39.578  -52.796  -25.455 0.1000000015
18136  -37.745  -52.844  -26.244 0.1000000015
18137  -38.605  -52.891  -25.751 0.1000000015
18164  -39.008  -52.383  -30.728 0.1000000015
18656  -34.738  -51.387  0.554 0.1000000015
18661  -38.972  -51.071  2.286 0.1000000015
18776  -40.480  -51.436  -9.488 0.4000000060
18812  -36.265  -51.473  -12.693 0.1000000015
18979  -43.214  -51.378  -23.554 0.1000000015
19015  -37.871  -51.166  -29.156 0.1000000015
19526  -37.816  -50.325  1.679 0.1000000015
19685  -43.849  -50.034  -12.625 0.1000000015
19702  -36.122  -50.494  -13.809 0.1000000015
19725  -38.389  -49.958  -14.082 0.1000000015
19744  -42.029  -50.894  -15.753 0.1000000015
19748  -41.988  -50.450  -16.095 0.1000000015
19831  -39.624  -50.050  -23.617 0.1000000015
19903  -39.626  -50.237  -30.558 0.1000000015
20423  -40.772  -49.656  0.232 0.1000000015
20537  -36.466  -48.967  -7.400 0.5000000000
20808  -36.877  -49.811  -27.077 0.1000000015
21378  -35.468  -48.381  -1.835 0.3000000119
21430  -43.530  -47.947  -3.731 0.1000000015
21709  -38.005  -48.069  -28.679 0.1000000015
22401  -37.725  -47.718  -10.111 0.3000000119
22608  -36.831  -47.583  -26.973 0.1000000015
22619  -37.858  -46.836  -28.357 0.1000000015
23262  -43.008  -46.646  -5.442 0.2000000030
23274  -36.430  -46.110  -6.015 0.3000000119
23513  -36.473  -46.261  -26.098 0.1000000015
23535  -37.725  -46.206  -28.128 0.1000000015
24173  -36.702  -45.785  -8.291 0.3000000119
24412  -36.685  -45.556  -26.512 0.1000000015
24426  -38.008  -45.544  -28.463 0.1000000015
25029  -37.809  -44.576  -7.925 0.3000000119
25292  -37.303  -44.818  -27.484 0.1000000015
25305  -38.280  -44.961  -28.755 0.1000000015
25910  -42.503  -43.609  -8.858 0.1000000015
25911  -43.861  -43.903  -9.013 0.2000000030
25927  -41.245  -43.147  -9.717 0.1000000015
26854  -47.306  -42.263  -14.541 0.1000000015
27724  -44.434  -41.128  -10.799 0.1000000015
27743  -43.872  -40.725  -12.089 0.1000000015
27768  -46.131  -41.555  -14.396 0.1000000015
27769  -46.815  -41.525  -14.507 0.1000000015
28686  -44.629  -40.424  -11.940 0.1000000015
28710  -44.808  -40.758  -13.372 0.1000000015
28712  -47.099  -40.078  -13.841 0.1000000015
28714  -49.483  -40.829  -13.186 0.1000000015
28719  -46.980  -40.748  -14.406 0.1000000015
134397  -42.205  -66.692  -30.388 0.1000000015
134798  -44.491  -54.578  -5.599 0.4000000060
134975  -41.126  -54.672  -4.487 0.3000000119
135082  -38.081  -67.155  -24.134 0.1000000015
135118  -45.344  -61.859  -27.662 0.1000000015
137757  -45.584  -62.107  -26.948 0.1000000015
138798  -39.621  -71.108  -13.662 0.1000000015
139026  -42.810  -54.717  -5.052 0.3000000119
139050  -46.077  -59.472  -27.568 0.1000000015
139092  -46.414  -39.963  -13.398 0.1000000015
141126  -36.719  -44.226  -26.280 0.1000000015
141756  -37.373  -51.779  -28.426 0.1000000015
142083  -43.856  -47.940  -12.027 0.1000000015
142187  -42.900  -63.648  -11.683 0.1000000015
142429  -45.561  -58.017  -23.841 0.1000000015
142970  -45.087  -66.263  -18.221 0.2000000030
144191  -46.131  -64.328  -16.946 0.3000000119
144211  -46.008  -64.022  -19.238 0.1000000015
144874  -46.290  -63.526  -15.588 0.4000000060
145240  -45.190  -59.754  -27.620 0.1000000015
145695  -46.388  -60.177  -4.890 0.4000000060
145797  -45.288  -42.562  -14.004 0.1000000015
145802  -35.341  -51.751  1.663 0.1000000015
146048  -41.076  -57.158  -4.393 0.2000000030
146335  -46.483  -56.185  -9.388 0.6000000238
146916  -49.215  -41.034  -13.785 0.1000000015
147498  -48.919  -59.301  -6.998 0.5000000000
148326  -33.502  -74.460  -22.834 0.1000000015
149230  -41.552  -61.558  -22.215 0.1000000015
149810  -45.464  -53.785  -7.272 0.4000000060
150244  -46.762  -61.418  -17.576 0.4000000060
150335  -46.906  -59.924  -24.147 0.1000000015
150856  -39.726  -54.389  -4.449 0.3000000119
151063  -33.530  -75.847  -24.030 0.1000000015
151755  -47.583  -58.656  -26.329 0.1000000015
152309  -42.377  -45.675  -12.054 0.1000000015
153198  -39.154  -69.769  -24.181 0.1000000015
153404  -36.097  -48.699  -0.674 0.3000000119
153602  -38.139  -53.777  -11.152 0.2000000030
153639  -41.497  -66.576  -13.182 0.1000000015
153947  -36.151  -50.913  -13.262 0.1000000015
154254  -43.431  -56.625  -10.238 0.5000000000
154623  -42.797  -58.992  -12.148 0.4000000060
154666  -43.119  -67.760  -15.354 0.2000000030
155136  -49.034  -58.745  -10.973 0.5000000000
155556  -38.066  -56.378  -12.868 0.2000000030
156638  -40.596  -54.568  -4.393 0.3000000119
156651  -42.145  -52.713  -5.483 0.5000000000
157097  -47.413  -55.849  -28.851 0.1000000015
157121  -42.782  -53.475  -10.187 0.4000000060
158037  -37.580  -53.699  -27.492 0.1000000015
158570  -39.796  -53.909  -27.227 0.1000000015
