#!ascii label  , from subject freesurfer vox2ras=TkReg
507
11278  -48.626  -60.933  -11.448 0.0000000000
9973  -39.344  -62.850  -19.765 0.0000000000
147046  -44.088  -57.236  -10.335 0.0000000000
11324  -45.722  -60.882  -16.970 0.0000000000
14207  -39.714  -58.249  -14.990 0.0000000000
14870  -47.624  -56.702  -6.709 0.0000000000
18766  -41.507  -51.495  -8.534 0.0000000000
21462  -35.909  -48.311  -7.034 0.0000000000
15670  -40.990  -55.142  -10.421 0.0000000000
14193  -41.274  -58.228  -12.417 0.0000000000
14928  -38.545  -56.432  -12.400 0.0000000000
17929  -44.268  -52.757  -7.008 0.0000000000
18745  -41.286  -51.804  -5.948 0.0000000000
158418  -37.736  -45.040  -6.616 0.0000000000
22386  -36.683  -47.190  -8.882 0.0000000000
9215  -45.374  -63.936  -14.780 0.0000000000
10631  -42.411  -62.456  -17.308 0.0000000000
8548  -44.650  -64.226  -20.096 0.0000000000
9977  -41.169  -64.297  -19.684 0.0000000000
13432  -46.775  -58.283  -10.612 0.0000000000
12023  -47.938  -60.551  -15.098 0.0000000000
154163  -42.961  -59.820  -15.393 0.0000000000
12042  -39.176  -60.927  -16.764 0.0000000000
15655  -46.658  -55.759  -9.024 0.0000000000
17197  -43.470  -53.626  -10.030 0.0000000000
18787  -40.223  -51.756  -10.136 0.0000000000
18742  -38.614  -51.324  -5.245 0.0000000000
19623  -38.623  -50.259  -7.321 0.0000000000
20551  -38.387  -49.752  -8.925 0.0000000000
20582  -38.348  -49.161  -10.445 0.0000000000
9241  -46.280  -64.024  -18.289 0.0000000000
14258  -38.373  -57.452  -21.491 0.0000000000
12790  -40.065  -59.769  -22.217 0.0000000000
12805  -43.895  -60.087  -23.416 0.0000000000
133399  -39.772  -53.856  -10.564 0.0000000000
15680  -39.316  -55.509  -11.095 0.0000000000
10596  -47.124  -62.304  -13.516 0.0000000000
148142  -40.948  -63.021  -17.808 0.0000000000
9970  -41.887  -63.939  -18.719 0.0000000000
133068  -40.487  -63.942  -19.168 0.0000000000
9981  -39.650  -63.763  -20.570 0.0000000000
9979  -39.758  -62.581  -20.907 0.0000000000
13431  -45.632  -58.223  -10.674 0.0000000000
13442  -43.981  -58.854  -11.326 0.0000000000
14196  -40.343  -57.963  -13.738 0.0000000000
13450  -42.363  -59.158  -13.892 0.0000000000
13459  -41.507  -58.957  -15.027 0.0000000000
12033  -40.912  -60.386  -16.163 0.0000000000
13467  -40.116  -59.218  -15.657 0.0000000000
14905  -48.578  -56.671  -8.664 0.0000000000
15634  -47.369  -55.971  -7.482 0.0000000000
17936  -43.097  -51.964  -7.417 0.0000000000
17945  -43.932  -52.587  -8.458 0.0000000000
157844  -42.809  -51.943  -8.948 0.0000000000
17955  -41.709  -52.180  -10.001 0.0000000000
18777  -41.284  -51.626  -9.350 0.0000000000
19616  -36.890  -50.328  -6.559 0.0000000000
19617  -38.604  -50.490  -6.563 0.0000000000
20528  -37.009  -49.686  -7.281 0.0000000000
23312  -37.582  -46.948  -10.038 0.0000000000
21494  -37.439  -48.516  -9.323 0.0000000000
21506  -37.645  -48.210  -9.884 0.0000000000
20563  -38.267  -49.436  -9.638 0.0000000000
12039  -46.964  -60.644  -16.737 0.0000000000
10621  -47.385  -62.266  -16.817 0.0000000000
9957  -46.422  -62.144  -17.818 0.0000000000
7942  -44.488  -65.808  -20.298 0.0000000000
15744  -39.092  -55.270  -21.823 0.0000000000
13502  -38.960  -58.276  -21.863 0.0000000000
12814  -42.929  -58.831  -23.282 0.0000000000
139915  -42.305  -55.738  -10.176 0.0000000000
14188  -42.546  -58.051  -11.121 0.0000000000
14931  -41.174  -57.139  -10.936 0.0000000000
14939  -39.996  -57.354  -12.086 0.0000000000
14948  -38.972  -57.370  -13.743 0.0000000000
16395  -45.941  -54.796  -6.815 0.0000000000
17927  -42.893  -52.139  -6.537 0.0000000000
18758  -40.994  -51.207  -7.195 0.0000000000
24151  -36.458  -45.949  -6.775 0.0000000000
21475  -36.409  -48.267  -7.775 0.0000000000
24160  -36.568  -45.812  -7.580 0.0000000000
24183  -37.314  -45.630  -9.374 0.0000000000
24186  -38.370  -45.543  -10.498 0.0000000000
10625  -44.253  -61.790  -17.143 0.0000000000
152573  -44.785  -63.022  -18.233 0.0000000000
9964  -43.275  -63.542  -18.391 0.0000000000
9245  -42.495  -64.121  -19.520 0.0000000000
8558  -41.432  -65.100  -20.709 0.0000000000
9257  -39.908  -63.699  -22.126 0.0000000000
9985  -40.929  -63.057  -22.678 0.0000000000
153609  -42.562  -62.742  -23.774 0.0000000000
13446  -48.457  -58.938  -11.252 0.0000000000
12006  -48.543  -60.392  -13.211 0.0000000000
12017  -46.683  -60.135  -14.699 0.0000000000
12751  -45.782  -60.171  -15.378 0.0000000000
12736  -43.527  -59.306  -12.324 0.0000000000
12749  -43.693  -59.773  -14.956 0.0000000000
12026  -44.487  -60.254  -15.797 0.0000000000
11321  -42.716  -61.158  -16.581 0.0000000000
11330  -41.412  -61.869  -17.058 0.0000000000
11335  -38.991  -62.108  -17.918 0.0000000000
14181  -48.735  -57.557  -9.638 0.0000000000
14921  -46.828  -56.771  -9.619 0.0000000000
14919  -45.045  -55.866  -9.861 0.0000000000
151450  -45.816  -54.233  -7.653 0.0000000000
15654  -44.612  -54.455  -9.671 0.0000000000
134314  -43.308  -55.737  -10.087 0.0000000000
131831  -41.935  -54.858  -10.161 0.0000000000
17210  -40.602  -53.569  -10.421 0.0000000000
17966  -39.772  -52.400  -10.470 0.0000000000
18743  -39.553  -51.460  -5.251 0.0000000000
19618  -39.870  -50.930  -6.451 0.0000000000
19624  -39.335  -50.532  -7.820 0.0000000000
20538  -37.138  -49.023  -8.000 0.0000000000
20540  -38.565  -50.039  -8.163 0.0000000000
19629  -39.158  -50.369  -8.789 0.0000000000
19637  -39.127  -50.527  -9.614 0.0000000000
18774  -39.019  -50.806  -10.368 0.0000000000
145055  -47.491  -62.262  -15.720 0.0000000000
9946  -46.377  -63.810  -16.530 0.0000000000
8546  -45.581  -64.490  -19.610 0.0000000000
7405  -44.397  -66.696  -19.220 0.0000000000
154472  -37.895  -59.361  -16.509 0.0000000000
154539  -37.963  -61.273  -18.044 0.0000000000
11338  -38.097  -61.548  -19.713 0.0000000000
12065  -38.638  -60.155  -21.216 0.0000000000
10646  -39.612  -61.913  -20.989 0.0000000000
11366  -41.197  -61.258  -22.114 0.0000000000
11369  -43.150  -61.427  -23.186 0.0000000000
17226  -38.463  -53.107  -10.958 0.0000000000
16450  -38.860  -54.021  -10.796 0.0000000000
144815  -47.813  -61.954  -12.348 0.0000000000
11287  -48.413  -61.228  -12.837 0.0000000000
9961  -40.213  -63.207  -18.388 0.0000000000
135811  -40.527  -63.356  -18.332 0.0000000000
9975  -39.531  -63.210  -19.834 0.0000000000
9980  -39.493  -63.247  -20.253 0.0000000000
9978  -39.675  -62.801  -20.539 0.0000000000
14177  -45.200  -57.373  -10.261 0.0000000000
13430  -44.545  -58.156  -10.729 0.0000000000
14200  -40.170  -58.179  -14.538 0.0000000000
13453  -41.327  -58.727  -14.644 0.0000000000
14208  -40.350  -58.484  -15.000 0.0000000000
157282  -40.657  -59.022  -15.401 0.0000000000
13457  -40.101  -58.698  -15.301 0.0000000000
14128  -47.986  -57.463  -6.418 0.0000000000
14136  -48.399  -56.902  -6.959 0.0000000000
14885  -48.598  -56.647  -7.555 0.0000000000
14877  -47.154  -56.079  -6.935 0.0000000000
18760  -42.400  -51.718  -8.171 0.0000000000
18767  -42.111  -51.753  -9.194 0.0000000000
18765  -40.711  -51.250  -8.809 0.0000000000
22347  -35.668  -47.374  -6.455 0.0000000000
22331  -35.546  -47.166  -5.420 0.0000000000
21446  -35.369  -48.266  -6.209 0.0000000000
20527  -35.980  -49.383  -6.758 0.0000000000
23313  -38.263  -46.498  -10.568 0.0000000000
21507  -38.159  -48.248  -10.378 0.0000000000
22402  -38.211  -47.399  -10.529 0.0000000000
11325  -46.544  -60.907  -17.231 0.0000000000
145927  -47.214  -61.085  -17.302 0.0000000000
11332  -46.086  -61.420  -17.504 0.0000000000
13514  -40.398  -58.305  -22.459 0.0000000000
13515  -41.377  -58.574  -22.774 0.0000000000
13516  -42.247  -58.367  -23.135 0.0000000000
151970  -41.535  -55.689  -10.324 0.0000000000
14916  -41.735  -56.455  -10.459 0.0000000000
152620  -40.788  -56.178  -10.653 0.0000000000
14929  -39.163  -56.262  -11.625 0.0000000000
132546  -39.711  -56.767  -11.629 0.0000000000
14938  -39.308  -56.934  -12.263 0.0000000000
14191  -39.681  -57.478  -13.088 0.0000000000
150973  -38.939  -57.068  -12.935 0.0000000000
18752  -42.283  -51.724  -7.101 0.0000000000
18751  -41.496  -51.508  -6.730 0.0000000000
23275  -36.933  -45.656  -6.222 0.0000000000
24152  -37.109  -45.320  -6.882 0.0000000000
24162  -37.742  -44.780  -7.163 0.0000000000
24184  -37.850  -45.060  -9.816 0.0000000000
9232  -45.204  -65.077  -15.932 0.0000000000
10624  -43.108  -61.814  -16.985 0.0000000000
143191  -44.206  -62.564  -17.607 0.0000000000
9955  -43.395  -63.084  -17.814 0.0000000000
150970  -41.851  -64.119  -19.189 0.0000000000
149279  -40.666  -64.528  -20.685 0.0000000000
137869  -40.084  -64.602  -21.173 0.0000000000
10650  -40.727  -62.670  -21.984 0.0000000000
153846  -40.429  -63.078  -22.136 0.0000000000
9998  -41.670  -63.110  -23.503 0.0000000000
9986  -41.896  -62.447  -22.942 0.0000000000
12728  -47.877  -59.449  -12.016 0.0000000000
133358  -45.669  -60.019  -14.534 0.0000000000
13441  -42.185  -58.610  -12.043 0.0000000000
137228  -43.050  -58.723  -11.572 0.0000000000
149325  -42.583  -59.092  -12.798 0.0000000000
12743  -43.268  -59.550  -14.175 0.0000000000
131679  -42.862  -59.615  -15.148 0.0000000000
12755  -44.650  -60.118  -15.437 0.0000000000
12025  -43.543  -60.123  -15.697 0.0000000000
12035  -43.172  -60.483  -16.108 0.0000000000
11320  -41.242  -61.222  -16.586 0.0000000000
11319  -40.469  -61.189  -16.618 0.0000000000
11329  -40.593  -61.830  -17.084 0.0000000000
11328  -39.646  -61.581  -17.080 0.0000000000
15656  -47.426  -56.065  -8.667 0.0000000000
14904  -48.008  -56.487  -8.937 0.0000000000
14903  -47.210  -56.336  -9.153 0.0000000000
14902  -45.888  -55.694  -9.448 0.0000000000
17169  -45.282  -53.719  -6.636 0.0000000000
16406  -45.744  -54.266  -6.943 0.0000000000
17179  -44.916  -53.204  -7.326 0.0000000000
17198  -44.022  -53.060  -9.352 0.0000000000
16424  -44.894  -53.713  -9.080 0.0000000000
16423  -44.179  -53.821  -9.740 0.0000000000
15672  -44.321  -55.308  -9.949 0.0000000000
15653  -43.639  -54.591  -10.047 0.0000000000
15671  -42.775  -55.047  -10.107 0.0000000000
149075  -42.774  -54.241  -10.169 0.0000000000
18788  -40.921  -51.869  -9.873 0.0000000000
17211  -41.462  -53.181  -10.281 0.0000000000
17967  -40.703  -52.547  -10.291 0.0000000000
148892  -40.036  -53.108  -10.498 0.0000000000
20529  -37.843  -50.229  -6.902 0.0000000000
142523  -39.317  -50.636  -6.886 0.0000000000
19625  -40.176  -50.950  -7.312 0.0000000000
22385  -36.373  -47.402  -8.073 0.0000000000
21483  -36.828  -48.204  -8.683 0.0000000000
20562  -37.856  -49.162  -9.144 0.0000000000
20549  -37.403  -48.892  -8.718 0.0000000000
19638  -39.893  -50.916  -9.139 0.0000000000
20564  -38.644  -49.983  -9.419 0.0000000000
19636  -38.577  -49.987  -10.190 0.0000000000
12019  -48.239  -60.480  -14.199 0.0000000000
10597  -47.972  -61.640  -14.227 0.0000000000
10614  -48.005  -61.532  -15.314 0.0000000000
9949  -46.541  -63.498  -17.517 0.0000000000
9947  -46.867  -63.169  -16.753 0.0000000000
9239  -45.828  -65.003  -17.367 0.0000000000
8539  -45.476  -65.668  -17.807 0.0000000000
9965  -44.289  -63.565  -18.962 0.0000000000
133274  -45.641  -63.458  -18.977 0.0000000000
9243  -45.125  -63.733  -19.623 0.0000000000
7434  -43.252  -66.797  -20.514 0.0000000000
7941  -43.950  -66.764  -19.952 0.0000000000
13466  -38.600  -59.001  -15.917 0.0000000000
13465  -37.427  -58.664  -16.306 0.0000000000
12050  -37.227  -60.356  -19.206 0.0000000000
11334  -37.958  -61.435  -18.819 0.0000000000
11337  -37.601  -60.928  -19.443 0.0000000000
139030  -39.667  -58.977  -22.172 0.0000000000
12789  -38.771  -59.203  -21.635 0.0000000000
156495  -39.325  -60.575  -21.458 0.0000000000
11352  -38.892  -60.998  -21.044 0.0000000000
12067  -40.030  -60.570  -21.893 0.0000000000
11354  -40.321  -61.470  -21.623 0.0000000000
12076  -40.771  -60.806  -22.115 0.0000000000
12804  -42.992  -59.699  -23.170 0.0000000000
12079  -42.936  -60.706  -23.047 0.0000000000
16438  -40.376  -54.485  -10.514 0.0000000000
150241  -40.132  -55.389  -10.709 0.0000000000
16437  -39.546  -54.698  -10.753 0.0000000000
134162  -38.861  -54.869  -11.063 0.0000000000
135433  -38.422  -55.518  -11.601 0.0000000000
132521  -39.036  -43.923  -7.988 0.0000000000
10612  -46.345  -62.773  -13.937 0.0000000000
9953  -41.772  -62.897  -17.594 0.0000000000
9954  -42.457  -63.030  -17.636 0.0000000000
9962  -41.396  -63.399  -18.007 0.0000000000
135292  -41.309  -63.776  -18.459 0.0000000000
9976  -40.760  -64.121  -19.472 0.0000000000
10642  -39.653  -63.434  -20.391 0.0000000000
10649  -40.016  -62.507  -21.357 0.0000000000
13444  -46.106  -58.943  -11.280 0.0000000000
13443  -44.999  -58.877  -11.255 0.0000000000
12725  -44.486  -59.314  -11.812 0.0000000000
14197  -41.041  -58.305  -13.444 0.0000000000
13447  -41.780  -58.743  -13.124 0.0000000000
13449  -41.531  -58.715  -14.075 0.0000000000
13454  -41.907  -59.010  -14.644 0.0000000000
12753  -42.155  -59.455  -15.322 0.0000000000
12760  -41.662  -59.765  -15.723 0.0000000000
12752  -41.282  -59.197  -15.352 0.0000000000
12759  -40.814  -59.514  -15.696 0.0000000000
132906  -40.091  -59.893  -16.072 0.0000000000
14884  -48.117  -56.305  -7.854 0.0000000000
15638  -46.779  -55.522  -8.427 0.0000000000
17937  -43.777  -52.392  -7.622 0.0000000000
17938  -44.317  -52.782  -7.751 0.0000000000
17944  -43.274  -52.083  -8.322 0.0000000000
17957  -43.333  -52.419  -9.142 0.0000000000
136259  -43.165  -52.871  -9.896 0.0000000000
17212  -42.341  -52.907  -10.162 0.0000000000
17956  -42.607  -52.287  -9.630 0.0000000000
19611  -35.901  -50.267  -6.071 0.0000000000
19612  -37.957  -50.777  -5.988 0.0000000000
140844  -37.068  -46.901  -9.445 0.0000000000
22393  -37.211  -47.700  -9.536 0.0000000000
21495  -37.934  -48.791  -9.813 0.0000000000
21508  -38.653  -48.595  -10.817 0.0000000000
12029  -47.403  -60.534  -15.939 0.0000000000
11317  -48.136  -60.846  -15.822 0.0000000000
11326  -47.698  -60.874  -16.691 0.0000000000
10626  -47.155  -61.804  -17.533 0.0000000000
8547  -44.158  -64.741  -20.542 0.0000000000
145681  -39.672  -56.712  -22.214 0.0000000000
14259  -39.262  -57.441  -22.022 0.0000000000
13513  -39.656  -58.096  -22.222 0.0000000000
12802  -40.614  -59.225  -22.450 0.0000000000
141991  -40.726  -60.097  -22.337 0.0000000000
144306  -42.185  -59.207  -22.997 0.0000000000
14917  -42.635  -56.547  -10.309 0.0000000000
14176  -43.028  -57.339  -10.540 0.0000000000
14175  -42.098  -57.277  -10.726 0.0000000000
14187  -41.638  -57.880  -11.445 0.0000000000
15669  -39.874  -56.208  -11.090 0.0000000000
14930  -40.349  -56.927  -11.295 0.0000000000
14192  -40.514  -57.822  -12.775 0.0000000000
14195  -39.702  -57.754  -13.974 0.0000000000
15615  -46.361  -55.701  -6.685 0.0000000000
17168  -44.709  -53.164  -6.405 0.0000000000
17923  -43.489  -52.649  -6.057 0.0000000000
17928  -43.630  -52.405  -6.806 0.0000000000
18759  -41.590  -51.467  -7.610 0.0000000000
136989  -35.905  -46.639  -5.930 0.0000000000
144174  -36.037  -46.638  -6.644 0.0000000000
22368  -36.025  -47.443  -7.269 0.0000000000
23287  -36.247  -46.604  -7.428 0.0000000000
23301  -36.474  -46.498  -8.223 0.0000000000
24161  -37.089  -45.114  -7.913 0.0000000000
24174  -37.040  -45.484  -8.696 0.0000000000
23302  -36.845  -46.248  -8.971 0.0000000000
23306  -37.272  -46.346  -9.607 0.0000000000
23307  -37.682  -45.973  -10.077 0.0000000000
11331  -45.277  -61.406  -17.197 0.0000000000
10633  -45.307  -62.172  -17.657 0.0000000000
8552  -43.364  -64.179  -20.133 0.0000000000
8550  -42.606  -65.106  -20.640 0.0000000000
9251  -39.691  -63.822  -21.297 0.0000000000
155095  -40.623  -63.577  -23.311 0.0000000000
142135  -41.393  -63.424  -23.903 0.0000000000
11993  -48.837  -60.095  -11.807 0.0000000000
11288  -48.648  -60.663  -12.341 0.0000000000
12741  -48.651  -60.066  -12.465 0.0000000000
12740  -48.251  -59.908  -12.687 0.0000000000
12005  -48.015  -60.083  -13.591 0.0000000000
12746  -47.184  -59.993  -13.756 0.0000000000
12018  -47.684  -60.228  -14.467 0.0000000000
12021  -46.764  -60.285  -15.517 0.0000000000
12028  -46.439  -60.380  -16.084 0.0000000000
12027  -45.463  -60.334  -15.955 0.0000000000
13429  -43.506  -58.116  -10.856 0.0000000000
12735  -43.096  -59.394  -13.335 0.0000000000
141847  -43.904  -59.656  -13.418 0.0000000000
12750  -44.796  -59.973  -14.813 0.0000000000
12037  -45.179  -60.554  -16.325 0.0000000000
11323  -44.775  -60.948  -16.714 0.0000000000
11322  -43.727  -61.045  -16.602 0.0000000000
10623  -42.203  -61.852  -17.011 0.0000000000
12034  -42.059  -60.559  -16.204 0.0000000000
147967  -41.942  -61.322  -16.700 0.0000000000
9952  -40.810  -62.476  -17.463 0.0000000000
152033  -40.344  -62.914  -17.929 0.0000000000
9959  -39.406  -62.942  -19.055 0.0000000000
135454  -49.140  -59.352  -11.310 0.0000000000
13434  -48.754  -58.253  -10.389 0.0000000000
13433  -47.902  -58.265  -10.580 0.0000000000
14161  -48.951  -57.130  -9.010 0.0000000000
14180  -48.236  -57.572  -9.860 0.0000000000
14179  -47.345  -57.522  -10.000 0.0000000000
14178  -46.286  -57.435  -10.123 0.0000000000
14920  -45.827  -56.502  -9.814 0.0000000000
157450  -44.864  -56.622  -10.076 0.0000000000
15625  -46.522  -55.427  -7.031 0.0000000000
15633  -46.782  -55.437  -7.725 0.0000000000
16414  -46.242  -54.841  -8.076 0.0000000000
17187  -44.604  -53.109  -8.369 0.0000000000
16413  -45.633  -54.257  -8.525 0.0000000000
15637  -46.015  -54.979  -8.963 0.0000000000
14901  -45.196  -55.088  -9.537 0.0000000000
14918  -44.170  -56.219  -10.113 0.0000000000
133805  -41.239  -54.187  -10.330 0.0000000000
16439  -42.078  -53.825  -10.212 0.0000000000
17209  -39.288  -53.145  -10.647 0.0000000000
19613  -39.155  -50.835  -5.923 0.0000000000
18749  -39.964  -51.167  -5.833 0.0000000000
18750  -40.660  -51.219  -6.377 0.0000000000
147755  -40.858  -51.212  -7.983 0.0000000000
20539  -37.893  -49.761  -7.672 0.0000000000
20550  -37.883  -49.449  -8.424 0.0000000000
19630  -40.047  -50.883  -8.341 0.0000000000
18775  -39.704  -51.138  -9.845 0.0000000000
18786  -39.388  -51.602  -10.416 0.0000000000
18785  -38.578  -51.469  -10.831 0.0000000000
11302  -48.428  -61.036  -13.794 0.0000000000
10613  -47.339  -62.264  -14.629 0.0000000000
9932  -46.713  -62.871  -15.034 0.0000000000
151196  -47.052  -62.898  -16.010 0.0000000000
9233  -45.696  -64.259  -15.713 0.0000000000
137432  -45.067  -65.775  -16.621 0.0000000000
156757  -45.839  -62.567  -18.203 0.0000000000
9956  -46.253  -63.016  -18.335 0.0000000000
8543  -45.987  -64.799  -18.628 0.0000000000
8545  -45.152  -65.082  -20.085 0.0000000000
8542  -45.546  -65.428  -19.012 0.0000000000
17225  -37.609  -54.061  -11.437 0.0000000000
131806  -38.389  -56.781  -13.246 0.0000000000
157115  -38.722  -57.457  -14.255 0.0000000000
14206  -38.461  -57.536  -14.619 0.0000000000
143421  -38.858  -58.016  -15.024 0.0000000000
150394  -39.513  -58.950  -15.625 0.0000000000
12758  -39.308  -59.544  -16.055 0.0000000000
12031  -38.566  -60.451  -16.800 0.0000000000
13475  -37.303  -59.376  -17.126 0.0000000000
12040  -37.887  -60.694  -17.524 0.0000000000
12041  -38.604  -61.324  -17.420 0.0000000000
145617  -38.373  -61.717  -18.206 0.0000000000
10635  -38.587  -62.055  -18.960 0.0000000000
10639  -38.981  -62.540  -19.470 0.0000000000
13501  -38.157  -58.484  -21.369 0.0000000000
12784  -37.975  -59.371  -21.073 0.0000000000
12059  -37.866  -60.177  -20.618 0.0000000000
11344  -38.510  -61.419  -20.449 0.0000000000
151584  -38.829  -61.793  -20.389 0.0000000000
10641  -39.552  -62.563  -20.498 0.0000000000
10647  -39.797  -62.225  -21.003 0.0000000000
10648  -40.650  -61.957  -21.677 0.0000000000
10659  -41.243  -61.952  -22.114 0.0000000000
11368  -42.238  -61.465  -22.632 0.0000000000
141488  -42.112  -61.944  -22.734 0.0000000000
10660  -43.221  -61.908  -23.439 0.0000000000
7939  -45.019  -66.032  -19.321 0.0000000000
7944  -43.802  -66.057  -20.612 0.0000000000
9246  -43.824  -63.826  -19.615 0.0000000000
9252  -40.706  -64.321  -20.281 0.0000000000
9950  -46.954  -62.669  -17.664 0.0000000000
9960  -39.816  -62.979  -18.428 0.0000000000
9967  -39.798  -63.157  -18.825 0.0000000000
9968  -39.851  -63.350  -18.953 0.0000000000
9969  -40.293  -63.621  -18.822 0.0000000000
9974  -39.545  -63.085  -19.827 0.0000000000
9984  -40.749  -63.354  -23.011 0.0000000000
10585  -47.894  -61.807  -13.183 0.0000000000
10622  -47.869  -61.500  -16.336 0.0000000000
10627  -47.616  -61.461  -17.086 0.0000000000
10629  -39.905  -62.459  -17.722 0.0000000000
10630  -41.599  -62.458  -17.364 0.0000000000
10632  -43.309  -62.516  -17.362 0.0000000000
10636  -39.256  -62.617  -18.567 0.0000000000
10638  -38.621  -61.990  -19.943 0.0000000000
10640  -38.891  -62.056  -20.223 0.0000000000
11315  -48.380  -60.922  -14.819 0.0000000000
11343  -37.863  -60.929  -20.227 0.0000000000
11345  -39.083  -61.605  -20.786 0.0000000000
11353  -39.582  -61.208  -21.311 0.0000000000
11367  -41.986  -60.976  -22.534 0.0000000000
12022  -47.373  -60.314  -15.193 0.0000000000
12032  -39.932  -60.726  -16.471 0.0000000000
12036  -44.195  -60.471  -16.174 0.0000000000
12038  -46.098  -60.591  -16.577 0.0000000000
12044  -37.501  -60.714  -18.476 0.0000000000
12066  -39.405  -59.889  -21.809 0.0000000000
12726  -45.407  -59.472  -11.883 0.0000000000
12729  -48.548  -59.617  -11.926 0.0000000000
12737  -44.644  -59.666  -12.597 0.0000000000
12754  -43.694  -59.973  -15.392 0.0000000000
12757  -38.499  -59.723  -16.421 0.0000000000
13452  -40.839  -58.599  -14.825 0.0000000000
13456  -39.228  -58.516  -15.363 0.0000000000
13458  -40.803  -58.799  -15.148 0.0000000000
14159  -47.725  -56.915  -9.434 0.0000000000
14160  -48.427  -57.008  -9.231 0.0000000000
14186  -40.777  -57.632  -11.775 0.0000000000
14199  -39.251  -57.811  -14.487 0.0000000000
14201  -40.874  -58.405  -14.279 0.0000000000
14869  -46.811  -56.346  -6.526 0.0000000000
14878  -47.956  -56.415  -7.251 0.0000000000
14888  -48.120  -56.338  -8.427 0.0000000000
14952  -38.199  -57.000  -14.054 0.0000000000
14990  -39.355  -55.973  -22.001 0.0000000000
15639  -47.483  -55.947  -8.131 0.0000000000
16394  -45.499  -54.331  -6.446 0.0000000000
16407  -46.196  -54.834  -7.306 0.0000000000
16425  -45.309  -54.431  -9.194 0.0000000000
17180  -45.287  -53.650  -8.052 0.0000000000
17924  -44.095  -52.802  -6.349 0.0000000000
18776  -40.480  -51.436  -9.488 0.0000000000
20537  -36.466  -48.967  -7.400 0.0000000000
22401  -37.725  -47.718  -10.111 0.0000000000
23274  -36.430  -46.110  -6.015 0.0000000000
24173  -36.702  -45.785  -8.291 0.0000000000
25029  -37.809  -44.576  -7.925 0.0000000000
142988  -38.328  -60.765  -20.736 0.0000000000
143091  -41.763  -57.802  -23.015 0.0000000000
143483  -39.319  -60.264  -16.397 0.0000000000
144191  -46.131  -64.328  -16.946 0.0000000000
144211  -46.008  -64.022  -19.238 0.0000000000
144874  -46.290  -63.526  -15.588 0.0000000000
146335  -46.483  -56.185  -9.388 0.0000000000
149230  -41.552  -61.558  -22.215 0.0000000000
149810  -45.464  -53.785  -7.272 0.0000000000
150244  -46.762  -61.418  -17.576 0.0000000000
154254  -43.431  -56.625  -10.238 0.0000000000
154623  -42.797  -58.992  -12.148 0.0000000000
155064  -38.903  -60.001  -16.391 0.0000000000
155136  -49.034  -58.745  -10.973 0.0000000000
156019  -37.850  -59.979  -16.981 0.0000000000
157121  -42.782  -53.475  -10.187 0.0000000000
