#!ascii label  , from subject freesurfer vox2ras=TkReg
1047
54949  -23.091  -13.206  -37.040 0.4285714328
57173  -23.738  -11.929  -38.183 0.2857142985
56095  -23.298  -12.640  -37.745 0.4285714328
57174  -24.544  -11.407  -37.878 0.4285714328
58372  -25.268  -10.717  -37.903 0.4285714328
57206  -23.925  -11.163  -39.405 0.2857142985
58389  -24.634  -10.765  -38.726 0.4285714328
59567  -25.739  -9.671  -38.763 0.4285714328
59594  -24.686  -9.769  -40.951 0.4285714328
59595  -25.273  -9.356  -40.521 0.4285714328
59617  -25.019  -9.141  -42.220 0.4285714328
60781  -25.974  -8.330  -42.510 0.4285714328
61894  -24.455  -7.725  -43.566 0.5714285970
61883  -25.688  -8.250  -43.116 0.5714285970
61884  -26.245  -7.927  -42.956 0.4285714328
61885  -26.815  -7.236  -42.998 0.2857142985
61906  -25.533  -7.233  -43.745 0.7142857313
62955  -26.291  -6.998  -43.612 0.7142857313
63974  -26.948  -5.533  -43.820 0.7142857313
62967  -25.766  -6.556  -43.968 0.7142857313
62968  -26.560  -6.295  -43.753 0.5714285970
144263  -26.790  -3.984  -44.357 0.5714285970
64931  -25.527  -5.158  -44.634 0.5714285970
150321  -26.017  -4.470  -44.692 0.5714285970
64946  -25.956  -3.780  -45.107 0.5714285970
65902  -26.631  -3.015  -44.888 0.5714285970
151641  -25.400  -4.475  -45.149 0.5714285970
65903  -27.456  -3.142  -44.161 0.4285714328
66946  -26.600  -2.160  -45.484 0.5714285970
69039  -27.222  -0.615  -45.700 0.5714285970
66959  -25.128  -2.505  -46.858 0.7142857313
67997  -26.624  -1.375  -46.004 0.7142857313
152003  -26.594  -0.774  -46.404 0.7142857313
66960  -25.962  -2.028  -46.425 0.5714285970
65938  -24.068  -2.987  -47.060 0.5714285970
68007  -26.062  -1.260  -46.791 0.8571428657
69054  -26.823  -0.096  -46.455 0.7142857313
70155  -27.489  0.268  -45.824 0.5714285970
68006  -25.399  -1.737  -47.186 0.7142857313
68019  -24.347  -1.769  -47.777 0.5714285970
71328  -26.745  1.131  -47.047 0.7142857313
71312  -27.693  0.983  -45.928 0.5714285970
140986  -26.196  -0.537  -47.067 0.7142857313
70171  -26.377  0.323  -47.299 0.7142857313
71342  -26.793  1.889  -47.334 0.5714285970
72514  -27.444  2.328  -46.764 0.5714285970
69068  -25.679  -0.319  -47.809 0.5714285970
70184  -25.689  0.392  -48.185 0.7142857313
73582  -26.749  3.355  -47.894 0.7142857313
72526  -27.106  2.772  -47.255 0.7142857313
71352  -25.572  1.813  -49.028 0.7142857313
135752  -26.152  1.819  -48.254 0.7142857313
72537  -26.029  2.677  -48.718 0.7142857313
156138  -26.785  4.846  -48.398 0.7142857313
74646  -26.860  4.331  -48.114 0.5714285970
70195  -25.027  0.472  -48.882 0.5714285970
75729  -26.696  5.345  -48.663 0.5714285970
75730  -27.211  5.903  -48.129 0.5714285970
73601  -25.666  3.223  -49.609 0.8571428657
72549  -25.395  2.416  -49.547 0.8571428657
76803  -26.764  6.270  -48.756 0.7142857313
75738  -26.306  5.692  -49.337 0.7142857313
74653  -25.922  4.214  -49.657 0.8571428657
77932  -25.912  7.275  -50.110 0.8571428657
77911  -26.834  7.206  -48.800 0.5714285970
75749  -25.844  5.842  -49.996 0.8571428657
151350  -25.587  5.257  -50.508 0.8571428657
75737  -25.905  5.073  -49.884 0.8571428657
156645  -25.960  8.497  -50.672 0.8571428657
80168  -25.933  9.171  -50.872 0.8571428657
81297  -25.754  10.301  -52.013 0.8571428657
76819  -25.750  6.504  -50.216 0.8571428657
79029  -25.555  8.495  -51.447 0.8571428657
79040  -24.362  8.587  -52.588 1.0000000000
80176  -25.021  8.966  -52.202 1.0000000000
77944  -25.231  7.561  -51.503 0.8571428657
80189  -25.158  9.810  -52.590 1.0000000000
79028  -24.879  8.129  -52.064 1.0000000000
151953  -24.720  10.366  -52.887 1.0000000000
81316  -23.163  10.376  -52.649 0.7142857313
158315  -24.602  9.862  -52.841 1.0000000000
79052  -23.851  9.210  -52.696 1.0000000000
81317  -24.151  10.656  -52.765 1.0000000000
84518  -24.494  13.389  -53.227 1.0000000000
84529  -22.681  12.824  -52.405 0.8571428657
85544  -23.081  14.152  -52.684 0.8571428657
85555  -24.260  14.167  -53.300 1.0000000000
87488  -23.844  16.713  -54.113 0.8571428657
87478  -23.787  15.889  -53.329 0.8571428657
86508  -23.651  15.002  -52.913 1.0000000000
88500  -23.309  18.069  -54.786 0.8571428657
150644  -23.637  17.396  -54.691 0.8571428657
88486  -22.569  17.400  -52.931 0.5714285970
89599  -23.054  18.913  -54.862 0.7142857313
90732  -22.550  19.202  -52.388 0.5714285970
89576  -22.473  18.257  -52.433 0.5714285970
91824  -22.909  20.263  -53.439 0.4285714328
91827  -22.715  20.781  -54.783 0.4285714328
91817  -23.259  20.261  -51.878 0.2857142985
92764  -23.702  20.880  -52.085 0.2857142985
91818  -23.604  20.585  -51.294 0.2857142985
57190  -24.065  -11.422  -38.645 0.2857142985
70172  -27.100  0.705  -46.498 0.5714285970
74645  -26.469  4.572  -48.807 0.7142857313
76809  -26.271  6.642  -49.505 0.8571428657
136208  -26.190  8.115  -50.111 0.8571428657
79018  -26.278  8.895  -50.158 0.8571428657
80177  -25.636  9.432  -51.737 0.8571428657
82462  -23.893  11.234  -52.686 0.8571428657
92760  -24.575  21.178  -50.538 0.1428571492
57189  -23.468  -11.779  -38.982 0.2857142985
57220  -23.795  -10.792  -40.346 0.2857142985
58404  -24.423  -10.512  -39.716 0.2857142985
59581  -24.843  -9.900  -40.073 0.4285714328
60743  -25.883  -8.840  -40.064 0.4285714328
58419  -24.104  -10.172  -41.227 0.2857142985
60780  -25.345  -8.680  -42.668 0.4285714328
141001  -24.365  -10.287  -40.506 0.4285714328
60769  -26.254  -8.210  -41.491 0.4285714328
139898  -24.836  -8.881  -42.673 0.5714285970
61895  -25.266  -7.829  -43.500 0.5714285970
157174  -26.895  -6.623  -43.420 0.4285714328
62966  -25.004  -6.768  -44.126 0.2857142985
63973  -26.068  -5.782  -44.138 0.7142857313
64932  -26.445  -4.947  -44.243 0.4285714328
156546  -25.049  -4.924  -45.071 0.5714285970
132462  -28.150  -2.066  -44.098 0.4285714328
65916  -25.232  -3.856  -45.746 0.7142857313
65932  -24.956  -3.322  -46.443 0.7142857313
66947  -27.262  -1.429  -45.187 0.5714285970
66970  -24.453  -2.442  -47.315 0.5714285970
141808  -24.836  -2.004  -47.445 0.5714285970
72515  -27.793  3.090  -46.615 0.5714285970
68029  -24.506  -1.112  -48.241 0.5714285970
71330  -28.055  2.324  -46.211 0.5714285970
131749  -25.617  1.109  -48.600 0.7142857313
71341  -26.240  1.093  -47.811 0.7142857313
73583  -27.287  3.979  -47.525 0.5714285970
73590  -26.283  3.719  -48.803 0.7142857313
77922  -26.473  7.661  -49.463 0.5714285970
75748  -25.455  5.890  -50.736 1.0000000000
77953  -24.052  8.076  -52.524 1.0000000000
155938  -23.076  9.937  -52.616 0.8571428657
83467  -22.313  11.157  -52.600 0.7142857313
138565  -23.531  11.650  -52.641 1.0000000000
83469  -24.526  12.170  -52.947 1.0000000000
83476  -22.945  12.144  -52.549 0.7142857313
83475  -21.822  11.759  -52.447 0.7142857313
84517  -23.572  13.243  -52.707 0.8571428657
86509  -24.354  15.185  -53.691 1.0000000000
88487  -23.212  17.571  -53.844 0.7142857313
157251  -22.682  18.135  -53.312 0.5714285970
89577  -22.625  18.909  -53.202 0.7142857313
90737  -22.978  19.496  -53.956 0.7142857313
90728  -22.365  18.717  -51.584 0.4285714328
92768  -23.398  20.797  -52.882 0.2857142985
92772  -23.255  21.025  -53.984 0.4285714328
90747  -22.923  19.856  -55.029 0.4285714328
92769  -23.903  21.656  -52.614 0.2857142985
151219  -24.105  -5.646  -44.925 0.4285714328
64944  -24.079  -5.034  -45.433 0.4285714328
91821  -22.816  19.970  -52.539 0.4285714328
140561  -22.638  19.634  -53.093 0.7142857313
56096  -24.114  -12.108  -37.413 0.4285714328
56114  -23.173  -12.343  -38.544 0.2857142985
147390  -22.525  -12.839  -38.405 0.2857142985
57175  -25.318  -11.282  -37.254 0.4285714328
57205  -23.214  -11.527  -39.808 0.2857142985
58405  -25.057  -10.068  -39.203 0.4285714328
59606  -24.577  -9.555  -41.752 0.2857142985
59607  -25.136  -9.278  -41.455 0.4285714328
60756  -25.679  -8.769  -40.996 0.4285714328
60768  -25.559  -8.749  -41.941 0.4285714328
59616  -24.476  -9.242  -42.365 0.4285714328
60790  -24.920  -8.426  -43.143 0.4285714328
61905  -24.883  -7.329  -43.812 0.2857142985
61896  -26.029  -7.675  -43.391 0.4285714328
63972  -25.232  -6.019  -44.388 0.5714285970
63987  -24.697  -5.391  -44.923 0.5714285970
65917  -25.803  -2.973  -45.900 0.5714285970
66930  -27.410  -2.240  -44.573 0.4285714328
69025  -27.770  -0.830  -44.943 0.5714285970
152278  -24.543  -2.934  -46.881 0.7142857313
65931  -24.307  -3.518  -46.604 0.7142857313
149360  -25.546  -1.036  -47.506 0.5714285970
71329  -27.451  1.574  -46.478 0.5714285970
72525  -26.555  2.495  -47.878 0.7142857313
69067  -25.076  -0.785  -48.155 0.7142857313
149478  -25.125  1.236  -49.253 0.8571428657
76818  -25.419  6.830  -50.909 0.8571428657
77931  -25.731  7.798  -50.790 0.8571428657
74660  -25.487  4.537  -50.550 0.8571428657
80199  -23.471  9.767  -52.650 1.0000000000
82461  -23.015  10.898  -52.656 0.8571428657
137136  -23.066  18.534  -53.961 0.7142857313
155377  -22.996  20.282  -54.226 0.4285714328
92765  -24.067  21.241  -51.737 0.2857142985
92766  -24.515  21.573  -51.351 0.1428571492
63971  -24.495  -6.192  -44.532 0.2857142985
94673  -22.640  23.962  -55.861 0.2857142985
155721  -22.913  25.369  -55.316 0.1428571492
93705  -23.045  22.581  -54.785 0.2857142985
94666  -23.321  23.665  -54.706 0.1428571492
92773  -23.552  21.733  -53.452 0.1428571492
93701  -23.258  21.907  -54.156 0.2857142985
93702  -23.504  22.705  -53.908 0.1428571492
145920  -22.488  22.022  -56.836 0.2857142985
93712  -22.742  22.829  -55.546 0.2857142985
89631  -22.565  19.376  -58.779 0.2857142985
91840  -22.546  20.340  -57.334 0.2857142985
95571  -23.489  25.033  -54.142 0.1428571492
92775  -22.775  21.618  -54.676 0.2857142985
89619  -22.901  19.157  -56.567 0.2857142985
144302  -22.537  22.038  -55.911 0.2857142985
140588  -22.610  22.067  -55.204 0.2857142985
88527  -23.812  18.286  -57.380 0.1428571492
90771  -22.700  19.767  -57.046 0.2857142985
155918  -22.625  20.292  -56.535 0.2857142985
91833  -22.609  20.523  -55.690 0.2857142985
92782  -22.535  21.350  -55.400 0.2857142985
90786  -25.178  19.716  -57.600 0.1428571492
89634  -24.093  18.693  -57.747 0.1428571492
155579  -23.048  18.818  -57.559 0.4285714328
89610  -22.922  19.209  -55.685 0.2857142985
87497  -24.947  16.737  -55.551 0.2857142985
88510  -23.926  17.354  -55.981 0.4285714328
147852  -23.160  18.459  -55.870 0.2857142985
88512  -25.944  17.708  -55.006 0.1428571492
157614  -24.363  17.678  -56.664 0.2857142985
87495  -24.374  16.856  -55.421 0.5714285970
88509  -23.578  17.648  -55.550 0.7142857313
88501  -26.427  17.306  -54.311 0.1428571492
88511  -25.332  17.243  -55.561 0.1428571492
87496  -24.639  16.786  -55.510 0.4285714328
86512  -26.796  16.032  -53.362 0.2857142985
87480  -26.211  16.333  -54.146 0.7142857313
87494  -24.001  17.028  -55.136 0.7142857313
86523  -25.110  15.422  -54.738 0.8571428657
86526  -24.730  16.192  -54.956 0.5714285970
86499  -27.330  15.683  -52.584 0.2857142985
86521  -24.709  15.618  -54.382 0.7142857313
87467  -22.912  15.715  -52.567 0.5714285970
85546  -27.046  14.860  -52.354 0.1428571492
85556  -25.250  14.075  -54.099 0.7142857313
131763  -27.739  15.337  -51.838 0.1428571492
76837  -21.881  7.064  -52.105 0.5714285970
79051  -23.292  8.840  -52.556 0.8571428657
79050  -22.799  9.083  -52.575 0.8571428657
77972  -22.363  8.677  -52.581 0.4285714328
80197  -22.324  9.603  -52.603 0.5714285970
83468  -24.146  12.605  -52.846 0.8571428657
83460  -25.413  12.535  -53.352 0.8571428657
84530  -24.897  13.811  -53.739 0.8571428657
141222  -27.355  14.078  -51.289 0.2857142985
84520  -25.292  13.258  -53.738 0.8571428657
84488  -27.639  13.742  -50.585 0.4285714328
85545  -26.453  14.297  -52.988 0.7142857313
85557  -25.951  14.550  -53.827 0.7142857313
75757  -21.153  5.734  -50.845 0.2857142985
76862  -23.310  7.951  -52.447 0.5714285970
76848  -22.611  7.379  -52.362 0.5714285970
145829  -24.505  9.369  -52.707 0.8571428657
82464  -25.228  11.866  -53.175 0.8571428657
82463  -24.790  11.658  -52.977 0.8571428657
83470  -25.082  12.644  -53.390 0.8571428657
83448  -26.561  12.579  -51.565 0.4285714328
83461  -26.063  12.674  -52.648 0.8571428657
152986  -25.744  13.127  -53.306 0.8571428657
83438  -27.064  12.928  -50.639 0.4285714328
71363  -23.421  1.542  -49.687 0.7142857313
72558  -22.435  2.711  -50.082 0.4285714328
71378  -24.008  1.796  -49.890 0.7142857313
72575  -24.336  3.381  -50.638 0.8571428657
136873  -23.020  3.783  -50.838 0.5714285970
73618  -22.128  4.495  -50.869 0.5714285970
74670  -21.418  4.798  -50.566 0.4285714328
74671  -24.716  4.723  -51.361 0.8571428657
74682  -23.071  4.892  -51.458 0.5714285970
75769  -22.157  5.983  -51.655 0.5714285970
76830  -24.988  5.973  -51.391 0.8571428657
76839  -24.103  6.718  -52.125 0.7142857313
75783  -23.005  6.466  -52.052 0.5714285970
81291  -26.426  10.425  -50.421 0.7142857313
81298  -26.199  10.792  -51.314 0.7142857313
82444  -25.886  11.207  -52.342 0.7142857313
151602  -25.428  11.357  -52.980 0.8571428657
82419  -27.416  11.425  -49.243 0.2857142985
82433  -27.035  11.734  -49.883 0.4285714328
83437  -26.752  12.117  -50.656 0.5714285970
69083  -24.112  -0.841  -48.596 0.4285714328
69095  -23.564  0.093  -49.126 0.4285714328
71362  -22.859  1.376  -49.458 0.4285714328
73600  -25.299  3.637  -50.432 0.7142857313
153475  -25.110  3.111  -50.324 0.7142857313
72576  -24.826  3.581  -50.692 0.7142857313
75758  -24.698  5.231  -51.624 0.8571428657
80163  -26.616  9.386  -49.596 0.7142857313
82399  -27.497  10.701  -48.776 0.2857142985
81282  -26.609  10.058  -49.794 0.5714285970
80169  -26.320  9.649  -50.303 0.5714285970
68028  -24.119  -1.345  -48.211 0.4285714328
68026  -23.289  -0.985  -48.396 0.5714285970
70207  -24.409  0.413  -49.221 0.5714285970
145409  -23.939  0.583  -49.421 0.5714285970
145467  -25.142  2.908  -50.121 0.7142857313
135581  -27.393  7.675  -48.223 0.4285714328
80164  -27.060  9.142  -48.828 0.4285714328
81268  -27.429  9.883  -48.626 0.4285714328
81283  -27.016  9.989  -49.205 0.4285714328
65930  -23.763  -3.605  -46.650 0.5714285970
71313  -28.334  1.577  -45.650 0.4285714328
76792  -27.712  6.373  -47.570 0.4285714328
148710  -27.120  5.108  -48.053 0.4285714328
138592  -28.247  6.813  -47.028 0.4285714328
77912  -27.286  6.784  -48.185 0.4285714328
146446  -26.902  -7.509  -41.415 0.1428571492
73571  -27.837  4.086  -46.839 0.4285714328
74636  -28.054  5.056  -46.899 0.4285714328
76793  -28.179  5.945  -46.979 0.4285714328
62944  -27.472  -6.635  -42.311 0.1428571492
62945  -27.987  -5.954  -42.532 0.1428571492
137907  -27.804  -3.923  -43.811 0.2857142985
70138  -29.573  0.459  -44.422 0.2857142985
73533  -30.329  2.945  -44.787 0.2857142985
71314  -29.240  1.879  -45.119 0.2857142985
69040  -27.995  -0.147  -45.153 0.4285714328
73555  -29.748  3.535  -45.202 0.2857142985
72498  -28.739  2.454  -45.619 0.2857142985
74608  -29.178  4.031  -45.699 0.2857142985
73572  -28.495  3.657  -46.210 0.4285714328
62932  -27.485  -6.893  -41.439 0.1428571492
61871  -26.525  -7.740  -42.300 0.1428571492
63948  -28.423  -5.235  -42.817 0.2857142985
64919  -28.566  -4.543  -43.165 0.2857142985
66932  -29.371  -2.361  -43.646 0.2857142985
69027  -29.492  -0.970  -43.977 0.2857142985
144553  -29.311  -0.248  -44.294 0.2857142985
62933  -28.106  -6.187  -41.537 0.1428571492
65879  -30.007  -3.749  -42.739 0.2857142985
63936  -28.581  -5.517  -41.997 0.2857142985
155762  -29.335  -3.571  -43.261 0.2857142985
62956  -27.807  -5.770  -43.122 0.2857142985
66919  -29.247  -3.095  -43.462 0.2857142985
58390  -25.347  -10.255  -38.492 0.2857142985
60744  -26.710  -8.390  -39.704 0.1428571492
61843  -27.418  -7.748  -39.780 0.1428571492
54937  -24.321  -12.820  -36.173 0.2857142985
54936  -23.567  -13.248  -36.299 0.2857142985
54917  -22.817  -13.680  -36.405 0.2857142985
59583  -26.211  -9.058  -39.200 0.2857142985
53863  -22.646  -14.247  -35.703 0.2857142985
64909  -29.443  -4.608  -42.108 0.2857142985
65892  -29.929  -3.326  -43.248 0.2857142985
69028  -30.200  -0.358  -44.113 0.2857142985
67984  -28.842  -1.663  -43.930 0.2857142985
71294  -29.808  1.309  -44.578 0.2857142985
73554  -28.998  3.226  -45.647 0.2857142985
74609  -29.294  4.704  -45.722 0.2857142985
72559  -23.109  2.804  -50.473 0.7142857313
75708  -28.646  5.502  -46.388 0.4285714328
74696  -23.918  5.576  -51.710 0.5714285970
79004  -26.963  8.141  -48.822 0.4285714328
80157  -27.657  9.427  -48.127 0.2857142985
82418  -26.884  10.811  -49.646 0.5714285970
82445  -26.360  11.650  -51.444 0.7142857313
138557  -22.502  16.579  -52.331 0.4285714328
88474  -23.031  16.650  -53.222 0.5714285970
155752  -27.213  12.424  -50.073 0.2857142985
84531  -25.058  14.136  -54.085 0.8571428657
87479  -24.311  15.958  -54.042 0.8571428657
86498  -26.610  15.130  -53.193 0.5714285970
87502  -24.495  17.258  -56.144 0.4285714328
95572  -23.998  24.444  -53.436 0.1428571492
88526  -23.417  18.489  -57.378 0.2857142985
88528  -24.076  18.159  -57.234 0.1428571492
56077  -24.583  -12.283  -36.709 0.1428571492
54948  -22.647  -13.203  -37.674 0.2857142985
58373  -25.910  -10.735  -37.334 0.1428571492
59582  -25.481  -9.457  -39.607 0.2857142985
61859  -27.442  -7.283  -40.595 0.1428571492
145762  -28.519  -6.177  -40.708 0.1428571492
63920  -28.799  -5.663  -41.122 0.1428571492
148146  -27.330  -4.698  -43.839 0.2857142985
65891  -28.704  -3.854  -43.404 0.2857142985
66931  -28.639  -2.492  -43.751 0.2857142985
139842  -27.958  -2.597  -43.973 0.2857142985
70139  -30.485  0.616  -44.321 0.2857142985
67983  -27.982  -1.459  -44.493 0.2857142985
69026  -28.575  -0.700  -44.455 0.2857142985
70205  -22.323  0.907  -48.893 0.2857142985
74610  -30.005  4.464  -45.307 0.2857142985
74627  -29.700  5.244  -45.625 0.2857142985
71377  -23.666  1.954  -49.944 0.7142857313
71379  -24.388  2.050  -49.916 0.5714285970
73608  -21.462  3.591  -49.955 0.4285714328
72572  -22.704  3.280  -50.565 0.5714285970
153675  -29.063  5.181  -45.932 0.4285714328
75767  -20.868  6.514  -51.199 0.2857142985
74680  -21.821  5.355  -51.144 0.5714285970
139114  -27.471  4.679  -47.490 0.4285714328
73634  -23.973  4.327  -51.165 0.7142857313
76836  -21.064  7.205  -51.712 0.2857142985
77894  -28.822  7.206  -46.582 0.1428571492
78998  -27.907  8.091  -47.619 0.4285714328
80147  -28.100  8.932  -47.596 0.1428571492
80148  -28.351  9.759  -47.641 0.1428571492
83425  -27.714  12.235  -49.400 0.2857142985
84508  -26.264  13.517  -52.784 0.7142857313
85567  -25.087  14.717  -54.379 0.8571428657
86468  -28.546  14.994  -50.769 0.2857142985
86483  -28.558  15.593  -51.340 0.1428571492
85534  -28.022  15.047  -51.261 0.4285714328
87468  -27.631  16.704  -52.715 0.1428571492
150831  -25.144  16.041  -55.062 0.5714285970
94656  -23.899  22.983  -53.345 0.1428571492
86527  -24.952  16.084  -55.063 0.5714285970
151620  -23.081  18.623  -56.962 0.2857142985
88518  -23.864  17.795  -56.712 0.2857142985
89620  -25.194  18.375  -56.495 0.1428571492
154629  -24.923  18.647  -56.940 0.1428571492
89635  -24.658  18.990  -57.427 0.1428571492
89632  -22.997  19.026  -57.969 0.2857142985
89646  -23.021  19.094  -58.851 0.2857142985
89647  -23.392  19.060  -58.830 0.1428571492
89648  -23.832  19.223  -58.735 0.1428571492
58349  -26.519  -10.874  -36.860 0.1428571492
61844  -28.056  -7.140  -39.853 0.1428571492
71295  -30.709  1.497  -44.456 0.2857142985
83426  -28.410  12.352  -48.897 0.2857142985
90801  -24.169  19.583  -58.986 0.1428571492
89660  -22.641  19.396  -59.309 0.2857142985
54935  -22.360  -13.645  -37.141 0.2857142985
56076  -23.805  -12.687  -36.879 0.2857142985
57150  -24.782  -11.757  -37.124 0.1428571492
57176  -25.915  -11.228  -36.837 0.1428571492
133194  -26.007  -10.102  -37.951 0.1428571492
61872  -27.046  -7.208  -42.121 0.1428571492
63959  -27.284  -6.013  -43.483 0.2857142985
63960  -27.806  -5.208  -43.412 0.2857142985
137003  -27.407  -6.395  -43.052 0.1428571492
71364  -24.249  1.234  -49.595 0.5714285970
69084  -24.597  -0.341  -48.685 0.4285714328
71365  -24.700  1.581  -49.615 0.7142857313
153101  -24.876  4.760  -51.448 0.7142857313
77963  -23.592  8.239  -52.503 0.8571428657
76829  -24.507  6.388  -51.866 0.8571428657
77954  -24.270  7.326  -52.298 0.8571428657
81307  -25.380  10.689  -52.791 0.8571428657
79012  -26.583  8.560  -49.474 0.4285714328
61858  -26.801  -7.875  -40.557 0.1428571492
64957  -24.052  -4.295  -46.156 0.5714285970
76850  -23.664  7.149  -52.267 0.5714285970
84519  -25.075  13.537  -53.811 0.8571428657
85566  -24.880  14.660  -54.098 0.8571428657
74672  -24.983  4.313  -51.087 0.8571428657
94665  -23.020  23.518  -55.298 0.2857142985
142786  -22.876  24.682  -55.435 0.1428571492
95576  -23.278  24.742  -54.791 0.1428571492
93720  -22.549  23.042  -56.285 0.2857142985
156688  -22.573  19.448  -58.269 0.2857142985
92791  -22.486  21.046  -57.524 0.2857142985
94661  -23.607  23.863  -53.828 0.1428571492
90759  -22.769  19.794  -56.096 0.2857142985
90785  -22.810  19.235  -57.551 0.2857142985
92792  -22.506  21.064  -56.447 0.2857142985
88517  -23.492  17.980  -56.474 0.2857142985
89633  -23.436  18.876  -58.147 0.1428571492
88535  -23.773  18.802  -57.998 0.1428571492
89649  -24.270  19.255  -58.165 0.1428571492
88520  -24.880  17.516  -56.241 0.1428571492
89611  -25.565  18.058  -55.749 0.1428571492
87490  -25.575  16.681  -54.916 0.1428571492
88519  -24.142  17.692  -56.713 0.2857142985
88529  -24.529  18.192  -56.973 0.2857142985
87501  -24.241  17.266  -56.117 0.4285714328
87489  -24.415  16.396  -54.691 0.7142857313
86524  -25.519  15.732  -54.618 0.4285714328
86511  -26.083  15.408  -53.992 0.5714285970
86510  -25.420  14.909  -54.407 0.7142857313
86522  -24.971  15.411  -54.632 0.7142857313
84497  -26.839  14.028  -52.027 0.4285714328
76849  -23.166  7.204  -52.323 0.5714285970
77973  -22.869  8.415  -52.529 0.5714285970
79060  -22.003  9.059  -52.600 0.4285714328
76847  -22.075  8.132  -52.543 0.4285714328
82454  -25.635  11.882  -52.900 0.8571428657
149229  -26.550  13.251  -52.062 0.4285714328
84498  -26.958  13.455  -51.326 0.5714285970
84521  -25.817  13.764  -53.576 0.8571428657
82455  -26.125  11.971  -52.231 0.7142857313
70206  -23.452  0.876  -49.463 0.5714285970
71376  -23.108  2.131  -49.954 0.4285714328
72561  -24.053  2.482  -50.306 0.7142857313
72574  -23.721  3.171  -50.620 0.7142857313
73621  -23.959  4.037  -50.975 0.7142857313
73619  -22.410  3.832  -50.688 0.4285714328
73632  -22.751  4.317  -51.065 0.5714285970
75770  -22.777  5.741  -51.672 0.5714285970
133436  -21.709  3.978  -50.435 0.4285714328
73607  -20.841  4.219  -49.878 0.2857142985
74684  -24.350  4.903  -51.470 0.7142857313
75771  -24.341  5.668  -51.748 0.8571428657
82432  -26.578  11.265  -50.532 0.5714285970
69096  -24.053  -0.169  -49.028 0.5714285970
69082  -23.671  -0.611  -48.744 0.5714285970
79005  -27.490  8.572  -48.193 0.4285714328
81269  -27.896  10.211  -48.159 0.2857142985
151881  -28.422  2.950  -46.065 0.4285714328
75720  -27.623  5.514  -47.518 0.4285714328
77902  -27.783  7.240  -47.603 0.4285714328
74626  -28.643  4.599  -46.244 0.4285714328
153092  -28.079  -4.473  -43.516 0.2857142985
65904  -28.295  -3.188  -43.689 0.2857142985
71293  -28.952  1.052  -44.919 0.2857142985
70137  -28.745  0.211  -44.720 0.2857142985
72499  -29.504  2.704  -45.159 0.2857142985
70156  -28.219  0.661  -45.379 0.2857142985
62920  -28.009  -6.656  -40.653 0.1428571492
63949  -28.951  -5.014  -42.287 0.2857142985
67971  -29.824  -1.803  -43.747 0.2857142985
64920  -29.328  -3.973  -43.073 0.2857142985
54919  -24.110  -13.472  -35.543 0.1428571492
54918  -23.300  -13.715  -35.816 0.1428571492
56056  -25.648  -12.508  -35.795 0.1428571492
141533  -26.506  -10.392  -37.373 0.1428571492
86497  -22.822  14.888  -52.495 0.5714285970
86520  -21.920  13.433  -52.267 0.4285714328
136578  -21.431  13.697  -52.008 0.4285714328
86496  -22.125  14.353  -52.311 0.5714285970
85570  -21.804  13.003  -52.105 0.4285714328
85554  -22.206  13.870  -52.449 0.5714285970
82452  -20.819  11.011  -52.260 0.4285714328
83466  -21.009  11.942  -52.154 0.4285714328
151404  -21.874  12.473  -52.310 0.5714285970
85565  -22.648  13.469  -52.500 0.5714285970
81315  -22.658  10.067  -52.611 0.5714285970
72481  -31.701  2.393  -44.703 0.1428571492
73556  -30.662  3.764  -44.925 0.1428571492
60788  -23.653  -7.761  -43.449 0.2857142985
72479  -30.064  2.134  -44.704 0.1428571492
71315  -32.800  1.217  -45.306 0.1428571492
71316  -33.302  1.416  -46.000 0.1428571492
72482  -32.306  1.907  -44.914 0.1428571492
72501  -33.348  2.284  -46.249 0.1428571492
60789  -24.227  -8.270  -43.191 0.2857142985
70140  -31.170  -0.136  -44.314 0.1428571492
70141  -31.973  0.079  -44.622 0.1428571492
71297  -32.189  1.008  -44.732 0.1428571492
70173  -33.533  0.696  -46.638 0.1428571492
70157  -32.642  0.271  -45.113 0.1428571492
69097  -33.514  -1.058  -49.740 0.1428571492
70185  -33.635  -0.088  -48.159 0.1428571492
70196  -33.521  -0.227  -49.172 0.1428571492
60779  -24.350  -8.762  -42.796 0.2857142985
60777  -22.822  -8.464  -42.682 0.2857142985
66920  -30.718  -2.868  -43.368 0.1428571492
142241  -31.027  -2.381  -43.740 0.1428571492
67972  -30.678  -1.915  -43.857 0.1428571492
132806  -30.177  -2.597  -43.588 0.1428571492
69017  -31.066  -1.154  -44.105 0.1428571492
69041  -32.458  -0.679  -44.901 0.1428571492
69029  -31.799  -0.845  -44.463 0.1428571492
69042  -33.057  -0.538  -45.540 0.1428571492
145637  -33.455  -0.418  -46.527 0.1428571492
154332  -33.470  -1.197  -48.622 0.1428571492
59615  -23.866  -9.175  -42.441 0.2857142985
137474  -22.612  -9.534  -41.803 0.2857142985
58428  -23.009  -10.189  -41.452 0.2857142985
66906  -31.299  -2.983  -42.732 0.1428571492
153853  -31.348  -2.559  -43.407 0.1428571492
67973  -31.401  -1.905  -44.032 0.1428571492
67998  -32.979  -1.369  -45.217 0.1428571492
67985  -31.746  -1.533  -44.284 0.1428571492
133080  -33.396  -1.402  -46.150 0.1428571492
140050  -33.481  -1.376  -47.021 0.1428571492
68050  -34.189  -0.812  -50.857 0.1428571492
68041  -33.753  -1.206  -50.321 0.1428571492
147324  -29.561  -4.200  -42.592 0.1428571492
65869  -30.716  -3.596  -42.115 0.1428571492
66907  -32.098  -2.409  -42.978 0.1428571492
66900  -32.058  -2.795  -42.189 0.1428571492
66934  -33.534  -2.172  -44.533 0.1428571492
66921  -31.707  -2.209  -43.755 0.1428571492
66948  -33.724  -2.304  -45.447 0.1428571492
67974  -32.706  -1.924  -44.345 0.1428571492
141253  -33.455  -2.029  -46.030 0.1428571492
68030  -33.412  -1.915  -49.192 0.1428571492
147071  -33.206  -2.612  -47.954 0.1428571492
68042  -34.253  -1.491  -50.456 0.1428571492
68035  -33.614  -1.965  -49.811 0.1428571492
132558  -30.716  -4.387  -40.659 0.1428571492
63937  -29.195  -5.115  -41.591 0.1428571492
65872  -33.329  -3.245  -41.703 0.1428571492
65871  -32.507  -3.156  -41.553 0.1428571492
64898  -31.178  -3.798  -41.103 0.1428571492
66908  -33.027  -2.291  -42.983 0.1428571492
66901  -32.791  -2.687  -42.249 0.1428571492
66949  -34.185  -3.122  -45.835 0.1428571492
66935  -34.216  -2.784  -44.809 0.1428571492
146902  -33.749  -2.675  -46.293 0.1428571492
66971  -33.143  -3.131  -47.760 0.1428571492
68021  -33.261  -2.293  -48.535 0.1428571492
64899  -33.756  -3.959  -41.258 0.1428571492
64886  -32.642  -4.175  -40.244 0.1428571492
65862  -32.112  -3.670  -40.896 0.1428571492
65882  -34.309  -3.115  -43.063 0.1428571492
65873  -34.081  -3.544  -42.105 0.1428571492
65893  -34.579  -3.322  -44.096 0.1428571492
66977  -33.043  -3.070  -48.406 0.1428571492
65918  -33.821  -3.462  -46.753 0.1428571492
65881  -33.589  -2.824  -42.484 0.1428571492
66923  -33.281  -2.194  -43.748 0.1428571492
67986  -32.355  -1.498  -44.599 0.1428571492
69016  -30.265  -1.237  -43.903 0.1428571492
158628  -35.049  -1.009  -51.070 0.1428571492
69109  -34.711  -0.387  -51.513 0.1428571492
73535  -32.293  2.907  -45.086 0.1428571492
58429  -23.632  -10.079  -41.565 0.2857142985
66981  -33.294  -2.653  -49.036 0.1428571492
66990  -34.352  -2.208  -50.066 0.1428571492
151786  -35.443  -0.425  -51.694 0.1428571492
82460  -21.593  10.665  -52.527 0.4285714328
69108  -33.999  -0.162  -51.189 0.1428571492
69104  -33.658  -0.565  -50.549 0.1428571492
144753  -33.726  0.914  -47.621 0.1428571492
70208  -33.508  -0.019  -50.119 0.1428571492
73557  -31.688  3.822  -45.017 0.1428571492
138640  -22.186  15.089  -52.020 0.4285714328
87466  -22.224  15.856  -51.942 0.4285714328
90812  -22.749  19.492  -59.691 0.1428571492
59604  -23.407  -9.615  -41.948 0.2857142985
90800  -22.251  19.748  -58.867 0.1428571492
64910  -29.992  -4.116  -42.046 0.1428571492
64884  -29.896  -4.611  -41.239 0.1428571492
65880  -30.534  -3.315  -42.923 0.1428571492
75709  -29.277  5.821  -45.956 0.1428571492
156567  -29.181  6.892  -46.301 0.1428571492
72480  -30.930  2.311  -44.569 0.1428571492
73534  -31.270  3.058  -44.735 0.1428571492
72500  -32.904  2.140  -45.521 0.1428571492
70158  -33.192  0.458  -45.798 0.1428571492
144156  -31.571  1.673  -44.557 0.1428571492
71296  -31.388  0.805  -44.432 0.1428571492
149768  -33.614  0.078  -47.288 0.1428571492
69069  -33.540  -0.801  -47.564 0.1428571492
139265  -33.393  -1.795  -47.809 0.1428571492
66933  -32.020  -1.890  -44.183 0.1428571492
66922  -32.444  -2.103  -43.707 0.1428571492
67987  -33.065  -1.779  -44.996 0.1428571492
68008  -33.437  -2.267  -47.133 0.1428571492
65870  -31.625  -3.264  -41.722 0.1428571492
66924  -34.042  -2.561  -43.853 0.1428571492
66909  -33.712  -2.514  -43.176 0.1428571492
66961  -33.452  -2.886  -47.017 0.1428571492
65939  -33.080  -3.736  -48.177 0.1428571492
52805  -21.142  -15.138  -35.965 0.1428571492
53879  -22.073  -14.172  -36.509 0.1428571492
53877  -20.492  -14.598  -36.783 0.1428571492
53891  -20.970  -14.258  -37.282 0.1428571492
54934  -21.635  -14.012  -37.203 0.1428571492
56113  -21.718  -13.098  -38.560 0.1428571492
56127  -22.139  -12.636  -39.031 0.1428571492
56126  -21.440  -12.532  -39.048 0.1428571492
57218  -21.760  -11.352  -40.062 0.1428571492
56128  -22.775  -12.207  -39.198 0.1428571492
151901  -23.196  -11.105  -40.507 0.1428571492
56125  -20.591  -12.205  -38.892 0.1428571492
58403  -20.972  -10.992  -39.834 0.1428571492
138277  -22.163  -10.908  -40.557 0.1428571492
58417  -22.774  -10.769  -40.831 0.1428571492
59593  -21.216  -9.804  -40.886 0.1428571492
59602  -20.865  -9.049  -41.274 0.1428571492
59613  -22.190  -8.795  -42.271 0.1428571492
61882  -22.206  -8.097  -42.750 0.2857142985
60778  -23.596  -8.487  -42.868 0.1428571492
154958  -23.963  -7.396  -43.771 0.1428571492
134515  -22.148  -7.509  -43.221 0.2857142985
62978  -23.814  -6.118  -44.649 0.2857142985
66967  -22.894  -2.635  -47.169 0.4285714328
66976  -23.874  -1.723  -47.889 0.4285714328
80196  -21.801  9.567  -52.546 0.2857142985
80188  -20.511  10.419  -52.024 0.2857142985
81314  -21.896  10.173  -52.585 0.2857142985
85531  -19.344  12.857  -50.500 0.2857142985
85542  -19.800  13.177  -50.951 0.2857142985
86495  -21.221  14.287  -51.661 0.2857142985
59614  -23.111  -9.012  -42.357 0.1428571492
61881  -21.511  -7.685  -42.749 0.1428571492
61893  -22.831  -7.287  -43.604 0.2857142985
61904  -24.196  -6.940  -44.126 0.1428571492
56112  -20.835  -13.039  -38.441 0.1428571492
57203  -21.206  -11.801  -39.487 0.1428571492
58415  -20.681  -10.250  -40.268 0.1428571492
60767  -21.305  -8.634  -41.912 0.1428571492
60776  -21.619  -8.262  -42.415 0.1428571492
62953  -21.380  -6.436  -43.557 0.2857142985
62964  -22.758  -6.498  -44.115 0.2857142985
63970  -22.414  -5.827  -44.510 0.2857142985
62965  -23.470  -6.516  -44.331 0.2857142985
63986  -23.588  -5.410  -45.157 0.2857142985
138385  -23.285  -3.640  -46.583 0.4285714328
66958  -22.272  -2.885  -46.689 0.2857142985
77962  -21.656  8.630  -52.472 0.2857142985
79037  -19.903  9.559  -51.462 0.2857142985
81313  -21.299  10.161  -52.411 0.2857142985
80174  -19.363  10.711  -51.018 0.2857142985
81303  -19.984  11.065  -51.719 0.2857142985
82459  -21.229  11.278  -52.385 0.2857142985
83458  -19.724  12.484  -51.173 0.2857142985
83424  -18.709  12.539  -49.478 0.2857142985
85543  -20.086  13.085  -51.285 0.2857142985
62977  -23.075  -5.813  -44.742 0.2857142985
79038  -20.423  9.183  -51.780 0.2857142985
80186  -19.655  10.115  -51.304 0.2857142985
77950  -19.883  8.895  -51.284 0.2857142985
81295  -19.085  11.066  -50.652 0.2857142985
82431  -19.286  11.806  -50.829 0.2857142985
82451  -20.173  11.368  -51.782 0.2857142985
150899  -19.855  11.983  -51.430 0.2857142985
83436  -19.013  11.965  -50.251 0.2857142985
84516  -20.487  12.361  -51.739 0.2857142985
80162  -18.712  10.517  -49.981 0.2857142985
81281  -18.569  11.288  -49.595 0.2857142985
144377  -19.031  11.661  -50.480 0.2857142985
65937  -23.490  -2.972  -47.040 0.4285714328
66969  -23.960  -2.378  -47.495 0.4285714328
58418  -23.438  -10.571  -41.031 0.1428571492
64943  -23.529  -4.763  -45.748 0.4285714328
54962  -21.956  -13.534  -37.893 0.1428571492
85553  -20.536  12.944  -51.648 0.2857142985
83457  -19.490  12.106  -51.041 0.2857142985
61903  -23.483  -7.083  -43.915 0.1428571492
59603  -21.713  -9.354  -41.583 0.1428571492
58427  -22.141  -10.209  -41.132 0.1428571492
53878  -21.234  -14.612  -36.586 0.1428571492
54961  -21.314  -13.516  -38.126 0.1428571492
57204  -22.098  -12.054  -39.600 0.1428571492
58416  -21.493  -10.602  -40.462 0.1428571492
61892  -21.438  -7.081  -43.194 0.2857142985
65929  -22.857  -3.317  -46.676 0.4285714328
84506  -19.838  13.024  -51.105 0.2857142985
152280  -23.098  -4.571  -45.903 0.4285714328
139509  -18.515  11.856  -49.272 0.2857142985
69066  -22.591  -0.688  -48.174 0.2857142985
157830  -22.927  -1.298  -47.930 0.2857142985
69094  -22.990  0.452  -49.128 0.2857142985
94694  -22.175  24.403  -59.347 0.1428571492
143296  -22.239  23.753  -60.100 0.1428571492
143085  -22.371  22.048  -58.556 0.1428571492
137800  -22.315  20.402  -58.781 0.1428571492
91852  -22.241  20.065  -58.987 0.1428571492
140274  -22.080  24.627  -59.748 0.1428571492
92799  -22.389  21.020  -58.338 0.1428571492
93719  -22.502  23.187  -57.170 0.1428571492
95595  -22.378  25.797  -56.939 0.1428571492
69081  -23.133  -0.330  -48.754 0.2857142985
69080  -22.495  0.099  -48.601 0.2857142985
91863  -22.328  20.030  -59.311 0.1428571492
93744  -22.361  22.488  -59.951 0.1428571492
90784  -22.343  19.755  -58.609 0.1428571492
92805  -22.358  21.075  -58.966 0.1428571492
134247  -22.364  20.350  -59.249 0.1428571492
150116  -22.496  19.788  -57.922 0.1428571492
145546  -22.423  22.021  -57.760 0.1428571492
91845  -22.367  20.256  -58.266 0.1428571492
94689  -22.278  24.510  -58.409 0.1428571492
94681  -22.422  24.550  -57.493 0.1428571492
94682  -22.514  24.360  -56.625 0.1428571492
95585  -22.505  25.317  -56.170 0.1428571492
66968  -23.466  -2.209  -47.539 0.2857142985
93735  -22.315  23.254  -58.876 0.1428571492
154197  -22.111  25.408  -58.726 0.1428571492
140198  -22.349  22.162  -59.251 0.1428571492
93726  -22.399  23.239  -58.058 0.1428571492
95608  -21.991  25.488  -59.420 0.1428571492
92812  -22.436  21.254  -59.603 0.1428571492
79010  -18.614  9.853  -49.595 0.1428571492
79017  -19.196  9.565  -50.459 0.1428571492
146944  -18.981  10.135  -50.370 0.1428571492
82394  -18.379  11.862  -48.858 0.1428571492
143864  -16.986  12.391  -46.304 0.1428571492
83389  -18.230  12.286  -48.306 0.1428571492
145238  -18.077  12.883  -48.925 0.1428571492
84442  -17.325  13.722  -46.505 0.1428571492
85498  -18.489  13.097  -48.352 0.1428571492
85499  -18.643  13.133  -48.952 0.2857142985
73609  -22.057  3.371  -50.297 0.2857142985
73599  -20.953  3.415  -49.432 0.1428571492
75746  -19.739  6.363  -49.981 0.1428571492
76828  -20.397  7.222  -51.128 0.1428571492
77941  -19.450  8.755  -50.561 0.1428571492
84475  -28.364  13.668  -49.850 0.1428571492
80156  -18.241  10.464  -48.754 0.1428571492
84487  -19.026  12.823  -49.979 0.1428571492
85518  -19.264  13.304  -50.084 0.1428571492
85505  -19.133  13.517  -49.185 0.1428571492
86466  -19.211  13.661  -49.613 0.2857142985
87452  -20.148  14.807  -50.346 0.2857142985
88454  -21.550  17.536  -50.325 0.2857142985
88449  -21.000  17.613  -49.244 0.2857142985
90725  -22.243  18.893  -50.696 0.2857142985
91814  -23.502  20.209  -50.285 0.1428571492
86482  -20.600  14.520  -51.041 0.2857142985
86467  -19.512  14.018  -49.875 0.2857142985
87453  -20.996  15.663  -50.860 0.2857142985
88461  -21.322  16.708  -50.681 0.2857142985
88453  -21.008  16.912  -49.964 0.2857142985
88473  -22.387  17.360  -51.934 0.2857142985
90729  -22.673  19.527  -51.494 0.1428571492
89565  -21.610  18.425  -49.015 0.2857142985
93692  -24.375  22.061  -52.084 0.1428571492
154790  -20.389  17.078  -48.831 0.1428571492
88444  -19.784  17.131  -47.712 0.1428571492
146069  -19.162  14.069  -48.940 0.2857142985
89567  -21.819  18.264  -49.976 0.2857142985
135960  -22.127  18.907  -49.735 0.2857142985
91813  -23.086  19.986  -50.914 0.1428571492
90722  -22.560  19.338  -49.321 0.1428571492
85472  -16.926  14.147  -45.799 0.2857142985
90720  -21.663  18.611  -48.071 0.1428571492
91811  -23.550  20.047  -49.384 0.1428571492
85433  -13.811  13.740  -42.862 0.1428571492
85520  -28.428  14.331  -50.351 0.1428571492
82400  -28.791  11.338  -48.059 0.1428571492
75756  -20.405  6.260  -50.548 0.1428571492
77929  -18.665  7.875  -49.254 0.1428571492
85506  -29.024  14.182  -49.858 0.1428571492
77920  -18.400  8.436  -48.872 0.1428571492
80143  -17.919  10.259  -48.326 0.1428571492
80142  -17.870  10.579  -48.178 0.1428571492
81266  -18.202  11.204  -48.564 0.1428571492
82358  -16.386  12.011  -45.672 0.1428571492
83396  -18.350  12.683  -48.964 0.1428571492
84434  -16.768  13.572  -45.779 0.1428571492
84473  -18.865  12.777  -49.482 0.1428571492
150330  -17.473  14.246  -46.473 0.2857142985
86458  -19.369  14.284  -49.253 0.1428571492
87437  -19.856  15.254  -49.446 0.1428571492
87442  -20.578  16.022  -50.154 0.2857142985
88452  -20.430  16.578  -49.378 0.1428571492
89564  -21.049  18.154  -48.167 0.2857142985
90721  -22.060  18.850  -48.866 0.1428571492
91810  -23.126  19.729  -49.340 0.1428571492
140311  -28.403  12.939  -49.367 0.1428571492
84476  -29.278  13.536  -49.361 0.1428571492
153094  -22.283  18.003  -51.587 0.2857142985
89570  -22.056  18.176  -50.879 0.2857142985
149659  -23.001  19.733  -50.072 0.1428571492
87465  -21.514  15.337  -51.487 0.2857142985
74669  -20.678  5.226  -50.289 0.1428571492
74659  -20.265  4.952  -49.761 0.1428571492
77951  -20.576  8.218  -51.635 0.1428571492
81250  -28.602  10.554  -47.790 0.1428571492
85532  -19.477  13.143  -50.539 0.1428571492
86494  -20.264  13.603  -51.201 0.1428571492
86481  -19.763  13.668  -50.605 0.1428571492
144005  -19.074  9.040  -50.087 0.1428571492
82373  -18.155  11.736  -48.383 0.1428571492
156649  -18.040  9.650  -48.489 0.1428571492
78996  -18.067  8.779  -48.430 0.1428571492
82365  -18.087  11.776  -48.236 0.1428571492
82366  -18.100  11.912  -48.227 0.1428571492
83388  -17.325  13.056  -46.539 0.1428571492
142325  -18.265  13.019  -48.933 0.1428571492
143203  -19.520  7.897  -50.360 0.1428571492
84443  -17.712  13.815  -47.195 0.1428571492
152258  -18.395  12.631  -48.917 0.1428571492
85517  -18.982  13.111  -49.756 0.1428571492
76817  -19.399  7.254  -49.929 0.1428571492
145678  -19.154  14.113  -48.927 0.2857142985
89563  -20.393  17.521  -48.136 0.1428571492
92754  -24.037  20.514  -49.973 0.1428571492
87454  -21.880  16.446  -51.460 0.2857142985
88462  -21.948  17.401  -51.141 0.2857142985
90726  -22.590  19.434  -50.398 0.1428571492
62951  -20.062  -5.786  -42.970 0.1428571492
62963  -21.962  -6.114  -44.032 0.1428571492
63969  -21.845  -5.421  -44.521 0.1428571492
63957  -19.783  -4.892  -43.259 0.1428571492
64929  -19.899  -4.135  -43.792 0.1428571492
65900  -19.977  -3.515  -44.337 0.1428571492
63968  -21.066  -4.888  -44.359 0.1428571492
65913  -20.206  -2.909  -44.879 0.1428571492
64941  -21.124  -4.031  -44.956 0.1428571492
63984  -22.484  -5.248  -45.026 0.1428571492
66945  -20.389  -2.354  -45.532 0.1428571492
138882  -21.608  -3.084  -46.192 0.1428571492
64955  -22.836  -4.055  -46.215 0.1428571492
65927  -21.660  -2.379  -46.649 0.1428571492
65928  -22.259  -3.580  -46.251 0.1428571492
66944  -19.763  -2.172  -44.963 0.1428571492
67996  -20.512  -1.735  -46.094 0.1428571492
66966  -22.268  -2.205  -47.147 0.1428571492
69065  -21.770  -0.618  -47.686 0.1428571492
71351  -21.571  1.313  -48.605 0.1428571492
71361  -22.053  1.676  -49.202 0.1428571492
86449  -17.763  14.841  -46.374 0.1428571492
63983  -21.875  -4.623  -45.167 0.1428571492
63985  -23.058  -5.100  -45.425 0.1428571492
62943  -20.335  -6.526  -42.784 0.1428571492
63967  -20.360  -4.712  -43.886 0.1428571492
71375  -22.497  2.076  -49.634 0.1428571492
141644  -22.891  -1.909  -47.571 0.1428571492
62962  -21.254  -5.730  -43.905 0.1428571492
62952  -20.717  -6.130  -43.378 0.1428571492
64942  -22.626  -4.642  -45.623 0.1428571492
68017  -22.220  -1.403  -47.536 0.1428571492
63958  -20.538  -5.378  -43.634 0.1428571492
64918  -19.285  -4.041  -43.185 0.1428571492
64930  -20.488  -4.162  -44.365 0.1428571492
65901  -20.543  -3.577  -44.805 0.1428571492
65914  -20.909  -3.202  -45.501 0.1428571492
65915  -21.676  -3.793  -45.669 0.1428571492
66957  -21.001  -2.446  -46.135 0.1428571492
67995  -19.968  -1.620  -45.517 0.1428571492
64954  -22.277  -4.137  -45.791 0.1428571492
68004  -21.130  -1.762  -46.621 0.1428571492
66943  -19.267  -1.938  -44.481 0.1428571492
62942  -19.560  -6.305  -42.256 0.1428571492
54947  -21.326  -13.845  -37.680 0.1428571492
56055  -25.013  -12.499  -36.166 0.1428571492
57219  -22.578  -11.448  -40.216 0.1428571492
59605  -24.050  -9.684  -41.952 0.2857142985
60757  -26.267  -8.402  -40.551 0.1428571492
60787  -22.887  -7.953  -43.127 0.1428571492
62954  -22.078  -6.828  -43.638 0.2857142985
64897  -30.484  -4.088  -41.424 0.1428571492
64908  -29.049  -4.586  -42.730 0.2857142985
64945  -24.691  -4.573  -45.537 0.5714285970
64956  -23.422  -4.192  -46.263 0.4285714328
64958  -24.618  -3.927  -46.149 0.7142857313
68005  -21.715  -1.805  -47.040 0.1428571492
68018  -23.437  -1.526  -47.933 0.2857142985
68020  -24.932  -1.440  -47.782 0.7142857313
68027  -23.778  -1.195  -48.346 0.5714285970
69085  -25.211  -0.159  -48.417 0.8571428657
70194  -21.809  0.527  -48.375 0.2857142985
70217  -23.798  1.331  -49.664 0.7142857313
71331  -33.586  1.607  -46.817 0.1428571492
71366  -25.124  1.823  -49.532 0.8571428657
72548  -24.875  2.265  -49.888 0.7142857313
72557  -21.657  3.055  -49.724 0.1428571492
72560  -23.533  2.476  -50.293 0.7142857313
72562  -24.669  2.842  -50.326 0.7142857313
72573  -23.234  3.362  -50.695 0.5714285970
73620  -23.597  3.819  -50.839 0.5714285970
73622  -24.586  4.110  -50.975 0.8571428657
73633  -23.378  4.277  -51.127 0.7142857313
73635  -24.397  4.400  -51.184 0.8571428657
74681  -22.457  5.069  -51.332 0.5714285970
74683  -23.718  4.859  -51.454 0.5714285970
74695  -23.369  5.625  -51.683 0.5714285970
75768  -21.493  6.293  -51.481 0.2857142985
75782  -22.496  6.529  -51.994 0.5714285970
75784  -23.529  6.385  -51.974 0.5714285970
75785  -23.930  6.285  -51.948 0.7142857313
76780  -28.800  6.402  -46.422 0.1428571492
76816  -19.002  7.326  -49.461 0.1428571492
76827  -19.831  7.162  -50.519 0.1428571492
76838  -23.902  7.590  -52.381 1.0000000000
76860  -22.598  8.158  -52.528 0.5714285970
76861  -22.934  7.891  -52.477 0.5714285970
77921  -18.707  8.946  -49.555 0.1428571492
77930  -19.137  8.183  -49.873 0.1428571492
77942  -19.902  8.034  -50.931 0.1428571492
77943  -24.667  7.345  -51.998 0.8571428657
77952  -21.373  8.019  -52.234 0.4285714328
77961  -21.081  8.819  -52.203 0.2857142985
77971  -21.954  8.761  -52.581 0.4285714328
79003  -18.378  9.541  -48.986 0.1428571492
79011  -18.854  9.682  -50.029 0.1428571492
79027  -19.536  9.535  -50.983 0.1428571492
79039  -21.081  9.823  -52.292 0.2857142985
79048  -21.543  9.186  -52.453 0.4285714328
79049  -22.310  9.097  -52.595 0.4285714328
79061  -23.148  8.571  -52.526 0.5714285970
80161  -18.473  10.535  -49.330 0.1428571492
80167  -19.011  10.678  -50.521 0.2857142985
80175  -19.831  10.635  -51.555 0.2857142985
80178  -25.975  9.982  -51.060 0.8571428657
80187  -20.301  9.898  -51.794 0.2857142985
80198  -23.080  9.472  -52.589 0.8571428657
81245  -18.014  11.061  -48.290 0.1428571492
81280  -18.407  11.295  -49.039 0.2857142985
81290  -18.808  11.248  -50.188 0.2857142985
81296  -19.424  11.309  -51.130 0.2857142985
81304  -20.638  10.734  -52.140 0.2857142985
81305  -21.265  10.499  -52.431 0.2857142985
81306  -24.141  9.882  -52.791 1.0000000000
82416  -18.554  12.447  -49.271 0.1428571492
82417  -18.719  11.874  -49.719 0.2857142985
82420  -28.073  11.608  -48.653 0.2857142985
82443  -19.654  11.674  -51.337 0.2857142985
82453  -25.013  11.176  -52.943 0.8571428657
83407  -18.009  12.900  -49.233 0.1428571492
83423  -18.200  13.084  -49.303 0.1428571492
83447  -19.401  12.051  -50.957 0.2857142985
83459  -20.436  11.717  -51.862 0.2857142985
83474  -21.557  12.251  -52.290 0.5714285970
83481  -22.173  12.319  -52.400 0.5714285970
84428  -16.265  14.032  -45.130 0.2857142985
84452  -18.412  12.773  -48.628 0.1428571492
84461  -18.684  13.044  -49.205 0.1428571492
84474  -27.671  13.031  -49.930 0.2857142985
84505  -19.446  12.572  -50.776 0.2857142985
84507  -20.060  12.732  -51.391 0.2857142985
84527  -21.424  12.857  -52.071 0.4285714328
84528  -21.064  12.588  -52.021 0.2857142985
84535  -22.107  12.731  -52.275 0.5714285970
85490  -17.863  14.316  -47.073 0.2857142985
85491  -19.054  13.617  -48.432 0.2857142985
85519  -27.886  14.512  -50.930 0.4285714328
85533  -27.466  14.649  -51.603 0.1428571492
85564  -21.260  13.135  -51.955 0.4285714328
85571  -22.268  13.115  -52.301 0.4285714328
89674  -23.073  19.435  -59.760 0.1428571492
132074  -20.655  13.440  -51.554 0.2857142985
132559  -18.195  11.908  -48.444 0.1428571492
133416  -24.962  -12.977  -35.626 0.1428571492
135445  -25.111  5.058  -51.178 0.7142857313
135844  -19.191  12.579  -50.359 0.2857142985
137387  -24.838  13.069  -53.408 0.8571428657
137673  -14.487  13.935  -42.532 0.1428571492
138367  -23.715  8.661  -52.606 0.8571428657
139260  -19.288  10.152  -50.774 0.1428571492
140551  -24.446  7.874  -52.413 1.0000000000
141005  -26.279  4.975  -49.272 0.7142857313
141543  -24.678  0.948  -49.371 0.5714285970
142519  -22.384  10.461  -52.627 0.2857142985
142574  -22.706  8.799  -52.561 0.4285714328
144827  -19.098  12.581  -50.063 0.2857142985
147436  -17.650  13.404  -47.158 0.1428571492
149019  -24.939  6.804  -51.571 0.8571428657
149697  -23.419  9.137  -52.598 1.0000000000
150147  -21.636  12.649  -52.190 0.5714285970
151614  -27.360  3.459  -47.215 0.5714285970
152908  -28.146  10.886  -48.260 0.2857142985
153351  -24.685  19.446  -57.860 0.1428571492
154692  -23.643  7.787  -52.409 0.5714285970
154829  -20.896  9.438  -52.162 0.2857142985
154968  -22.675  -11.840  -39.716 0.1428571492
155858  -19.207  13.194  -50.060 0.1428571492
155874  -24.576  5.067  -51.575 0.7142857313
156035  -20.078  12.291  -51.501 0.2857142985
156111  -21.831  9.916  -52.560 0.5714285970
157529  -22.301  23.224  -59.525 0.1428571492
158364  -20.901  13.296  -51.743 0.2857142985
