#!ascii label  , from subject freesurfer vox2ras=TkReg
1220
57136  23.787  -7.691  41.474 0.0000000000
59543  38.879  -5.551  45.702 0.0000000000
75841  45.255  9.587  17.021 0.0000000000
67942  35.341  2.095  29.594 0.0000000000
63748  41.928  -2.280  35.959 0.0000000000
83562  56.084  17.292  5.340 0.0000000000
72472  45.613  6.500  20.485 0.0000000000
70255  40.129  4.969  20.242 0.0000000000
54959  18.774  -9.809  41.801 0.0000000000
57108  30.667  -8.119  43.432 0.0000000000
56032  34.170  -8.495  40.195 0.0000000000
59651  26.463  -6.344  37.532 0.0000000000
79231  51.125  13.039  11.129 0.0000000000
58386  28.603  -7.110  47.355 0.0000000000
151774  23.004  -8.957  47.011 0.0000000000
78081  50.355  11.960  14.917 0.0000000000
55935  17.294  -8.956  47.592 0.0000000000
148771  13.562  -12.560  48.141 0.0000000000
72405  39.228  6.472  26.884 0.0000000000
66813  38.662  -0.657  33.056 0.0000000000
142833  38.496  -5.695  31.574 0.0000000000
145331  36.905  -5.585  37.015 0.0000000000
71304  44.958  6.271  23.128 0.0000000000
70253  43.222  5.353  20.703 0.0000000000
71307  42.632  6.175  22.843 0.0000000000
72445  48.236  7.742  22.821 0.0000000000
57165  22.354  -8.417  39.316 0.0000000000
54985  19.976  -9.888  39.868 0.0000000000
138387  21.856  -9.031  41.635 0.0000000000
59583  27.139  -6.275  42.663 0.0000000000
58490  28.465  -7.071  40.694 0.0000000000
59624  25.085  -6.272  39.497 0.0000000000
58541  23.379  -7.361  37.450 0.0000000000
76964  45.106  10.350  14.059 0.0000000000
75823  47.379  9.895  18.871 0.0000000000
76952  47.951  11.144  15.712 0.0000000000
76972  48.173  11.596  13.381 0.0000000000
55908  22.154  -8.380  49.771 0.0000000000
131811  19.838  -9.062  47.334 0.0000000000
55911  19.326  -8.481  49.863 0.0000000000
53731  14.067  -10.775  53.213 0.0000000000
53767  14.735  -10.628  50.431 0.0000000000
51675  12.701  -12.577  51.212 0.0000000000
50632  11.273  -14.274  51.057 0.0000000000
50614  10.732  -13.947  53.355 0.0000000000
154245  39.554  1.746  35.216 0.0000000000
65687  40.441  -0.603  34.848 0.0000000000
63780  39.114  -2.840  32.185 0.0000000000
61804  40.389  -4.053  33.857 0.0000000000
56078  30.987  -8.539  36.823 0.0000000000
58521  35.258  -6.802  38.395 0.0000000000
58569  33.284  -7.169  35.793 0.0000000000
60786  34.197  -5.502  34.066 0.0000000000
70156  36.528  4.593  28.021 0.0000000000
70190  36.646  4.993  23.995 0.0000000000
69087  34.942  2.657  25.606 0.0000000000
84601  60.096  17.957  2.344 0.0000000000
83572  56.896  16.918  2.834 0.0000000000
154485  45.308  7.873  18.919 0.0000000000
71389  42.608  6.218  18.666 0.0000000000
73639  47.396  8.856  20.312 0.0000000000
133237  35.545  -8.021  44.887 0.0000000000
58452  37.045  -7.078  43.035 0.0000000000
56019  32.460  -8.886  41.680 0.0000000000
57174  29.583  -8.201  38.662 0.0000000000
148788  27.527  -6.947  35.083 0.0000000000
79217  53.536  13.278  12.061 0.0000000000
80369  53.631  13.907  10.958 0.0000000000
81551  53.833  15.389  8.202 0.0000000000
82592  54.401  15.835  5.352 0.0000000000
58431  26.674  -7.017  44.824 0.0000000000
57092  23.894  -8.393  44.573 0.0000000000
57038  25.481  -8.089  47.429 0.0000000000
58416  29.490  -7.159  45.517 0.0000000000
78099  51.171  12.411  13.070 0.0000000000
133140  20.669  -9.229  44.956 0.0000000000
55975  18.024  -9.177  44.592 0.0000000000
53842  15.737  -10.988  45.103 0.0000000000
55905  16.738  -8.929  49.897 0.0000000000
54913  15.419  -10.555  47.531 0.0000000000
50596  7.368  -14.387  55.415 0.0000000000
152257  42.264  7.084  26.436 0.0000000000
70117  37.096  4.297  31.058 0.0000000000
69026  37.337  2.885  33.096 0.0000000000
143085  36.625  0.428  31.566 0.0000000000
64775  37.747  -1.748  31.072 0.0000000000
61829  38.612  -4.350  29.724 0.0000000000
59713  35.609  -6.388  29.342 0.0000000000
59618  37.788  -5.701  41.191 0.0000000000
60737  38.737  -5.308  38.749 0.0000000000
61780  40.378  -5.034  36.922 0.0000000000
59679  37.947  -6.183  33.933 0.0000000000
60822  34.982  -6.060  31.460 0.0000000000
71310  39.475  6.199  23.094 0.0000000000
70258  37.165  4.358  20.147 0.0000000000
71275  45.019  6.858  24.529 0.0000000000
71305  44.042  6.151  23.035 0.0000000000
71276  44.281  6.689  24.403 0.0000000000
71287  46.559  6.940  24.283 0.0000000000
57137  23.271  -7.893  40.776 0.0000000000
56022  21.786  -8.982  40.684 0.0000000000
134699  23.207  -8.189  41.741 0.0000000000
59596  25.763  -6.344  41.942 0.0000000000
59610  26.343  -6.185  41.482 0.0000000000
58492  24.827  -6.652  41.061 0.0000000000
58510  23.554  -7.319  39.219 0.0000000000
75862  44.849  10.188  14.955 0.0000000000
75840  45.960  9.787  17.323 0.0000000000
75838  47.407  10.593  17.270 0.0000000000
75850  46.459  10.332  16.681 0.0000000000
132328  46.651  10.883  14.925 0.0000000000
53732  13.299  -11.230  53.469 0.0000000000
53743  13.672  -11.340  52.045 0.0000000000
52646  12.546  -12.454  52.066 0.0000000000
50631  11.841  -13.650  51.150 0.0000000000
51667  11.997  -13.128  52.552 0.0000000000
50624  10.476  -14.515  52.451 0.0000000000
65686  41.091  -0.269  35.333 0.0000000000
147727  40.819  -1.675  35.238 0.0000000000
63763  40.040  -2.217  34.196 0.0000000000
62801  41.079  -2.970  34.992 0.0000000000
60683  39.996  -4.924  44.930 0.0000000000
57215  30.637  -8.206  34.951 0.0000000000
57201  32.306  -8.127  36.053 0.0000000000
57229  30.942  -8.186  34.145 0.0000000000
136820  32.126  -7.552  33.741 0.0000000000
69063  35.938  3.828  28.516 0.0000000000
69077  35.492  3.406  27.106 0.0000000000
83559  55.917  17.168  6.533 0.0000000000
84585  57.283  18.098  6.259 0.0000000000
84590  57.541  18.187  5.366 0.0000000000
84603  58.235  17.998  3.582 0.0000000000
83566  56.407  17.229  4.151 0.0000000000
72506  44.871  6.886  19.424 0.0000000000
72518  43.718  6.722  18.825 0.0000000000
71377  44.232  6.141  19.533 0.0000000000
69130  41.776  5.140  20.568 0.0000000000
69157  41.843  5.092  19.746 0.0000000000
69159  40.255  4.768  19.316 0.0000000000
72456  46.754  6.902  21.749 0.0000000000
72488  46.838  7.750  20.591 0.0000000000
73652  46.386  8.439  19.381 0.0000000000
54970  19.732  -9.741  40.781 0.0000000000
54960  17.961  -9.996  42.057 0.0000000000
153475  32.943  -8.522  44.304 0.0000000000
55984  33.696  -8.826  42.910 0.0000000000
151376  31.274  -8.456  42.252 0.0000000000
58508  27.603  -6.661  39.415 0.0000000000
57175  28.937  -7.763  39.205 0.0000000000
58538  28.161  -7.283  37.762 0.0000000000
57204  28.563  -7.624  36.812 0.0000000000
58556  26.848  -6.541  36.572 0.0000000000
59660  25.324  -6.336  36.125 0.0000000000
140391  36.995  -2.618  28.688 0.0000000000
79219  52.633  13.122  11.820 0.0000000000
80358  53.546  13.482  11.410 0.0000000000
79244  52.506  13.458  11.078 0.0000000000
81544  52.221  14.507  8.490 0.0000000000
140251  53.151  15.204  7.199 0.0000000000
82578  53.933  15.678  6.941 0.0000000000
58419  26.836  -7.156  45.748 0.0000000000
58405  26.039  -7.669  46.151 0.0000000000
58388  26.833  -7.378  47.238 0.0000000000
58402  28.789  -7.061  46.032 0.0000000000
58430  27.997  -6.562  44.766 0.0000000000
78088  51.572  12.380  13.689 0.0000000000
76969  50.664  12.142  13.807 0.0000000000
76995  48.336  11.846  12.144 0.0000000000
55956  23.647  -8.663  46.055 0.0000000000
55971  22.089  -9.112  44.386 0.0000000000
156243  21.645  -9.129  45.618 0.0000000000
131810  18.879  -8.937  47.171 0.0000000000
131625  18.853  -9.033  46.247 0.0000000000
156119  17.954  -8.943  46.033 0.0000000000
54927  16.762  -9.675  45.000 0.0000000000
54919  16.187  -10.006  46.305 0.0000000000
55893  16.841  -8.725  51.766 0.0000000000
52673  14.077  -11.784  49.511 0.0000000000
138555  15.097  -10.622  49.008 0.0000000000
52691  14.242  -11.817  48.487 0.0000000000
52719  14.728  -11.774  46.536 0.0000000000
71226  37.894  5.356  30.333 0.0000000000
66794  39.036  0.537  34.075 0.0000000000
69006  38.355  2.611  34.407 0.0000000000
67918  37.680  1.420  33.394 0.0000000000
67919  36.937  1.859  32.622 0.0000000000
66815  37.207  0.271  32.187 0.0000000000
66824  37.303  -0.542  31.520 0.0000000000
65727  38.089  -1.234  32.016 0.0000000000
61818  39.460  -4.346  31.667 0.0000000000
62823  38.886  -3.413  30.898 0.0000000000
61824  38.915  -4.899  30.396 0.0000000000
60843  37.753  -5.504  29.220 0.0000000000
132670  37.143  -6.294  30.851 0.0000000000
57132  35.311  -8.160  41.517 0.0000000000
59594  37.436  -6.421  42.579 0.0000000000
58488  36.274  -7.055  40.760 0.0000000000
60750  35.622  -5.707  37.439 0.0000000000
60729  36.692  -5.676  39.184 0.0000000000
136875  38.122  -5.444  38.068 0.0000000000
151480  39.907  -5.179  38.169 0.0000000000
155915  38.619  -5.534  36.676 0.0000000000
60769  39.182  -5.429  35.066 0.0000000000
60771  37.447  -5.883  35.554 0.0000000000
60813  32.699  -5.722  32.590 0.0000000000
60797  34.418  -5.554  33.271 0.0000000000
72404  40.114  6.764  26.661 0.0000000000
72432  40.779  6.635  24.561 0.0000000000
132800  38.677  6.307  25.325 0.0000000000
70192  35.369  3.279  22.965 0.0000000000
70210  36.709  4.995  22.908 0.0000000000
137406  60.832  17.305  1.090 0.0000000000
144361  45.095  5.789  21.964 0.0000000000
70267  44.116  5.537  20.373 0.0000000000
70203  44.152  5.534  21.777 0.0000000000
70205  42.933  5.460  21.506 0.0000000000
138776  41.121  5.466  21.410 0.0000000000
72428  48.389  7.581  24.090 0.0000000000
71320  47.118  6.887  23.276 0.0000000000
56048  21.098  -9.466  39.047 0.0000000000
56038  20.412  -9.489  40.671 0.0000000000
56007  20.184  -9.327  42.469 0.0000000000
58454  29.197  -7.309  42.739 0.0000000000
57135  29.660  -7.701  42.077 0.0000000000
58474  27.817  -6.514  41.236 0.0000000000
59631  26.917  -6.273  40.036 0.0000000000
59642  25.297  -6.259  38.579 0.0000000000
59652  24.649  -6.453  37.330 0.0000000000
142411  24.028  -6.999  38.759 0.0000000000
57177  22.334  -8.481  38.398 0.0000000000
79247  49.686  12.713  9.530 0.0000000000
58374  27.721  -7.217  48.883 0.0000000000
76935  48.489  11.135  17.745 0.0000000000
76943  48.836  11.356  16.669 0.0000000000
76950  49.538  11.638  15.306 0.0000000000
143303  49.238  11.604  14.225 0.0000000000
134908  48.196  11.311  15.006 0.0000000000
132045  46.611  11.020  13.996 0.0000000000
134509  22.676  -8.811  48.233 0.0000000000
55947  21.269  -9.088  46.856 0.0000000000
55919  21.623  -8.757  48.739 0.0000000000
131814  20.154  -8.912  48.316 0.0000000000
55921  18.269  -8.699  48.694 0.0000000000
136845  15.292  -9.785  51.732 0.0000000000
136194  14.196  -10.986  51.690 0.0000000000
52653  13.844  -11.427  51.175 0.0000000000
51693  13.049  -13.012  49.545 0.0000000000
51685  12.355  -13.407  49.976 0.0000000000
67902  40.108  0.543  34.951 0.0000000000
65708  39.205  -0.856  33.496 0.0000000000
65718  38.483  -1.689  32.205 0.0000000000
64750  39.353  -1.669  33.350 0.0000000000
152424  39.913  -3.441  32.897 0.0000000000
61813  39.675  -4.688  32.532 0.0000000000
56056  32.272  -8.968  38.271 0.0000000000
57159  34.974  -7.851  39.233 0.0000000000
57185  33.576  -8.170  37.687 0.0000000000
58552  34.191  -6.889  36.806 0.0000000000
60763  34.846  -5.668  36.456 0.0000000000
60773  35.139  -5.513  35.606 0.0000000000
60787  33.272  -6.104  34.487 0.0000000000
59692  32.501  -6.244  33.131 0.0000000000
71256  37.898  5.713  27.639 0.0000000000
71280  37.318  5.508  25.566 0.0000000000
70169  36.595  4.913  26.150 0.0000000000
69094  35.424  3.499  25.127 0.0000000000
84594  60.064  18.524  3.389 0.0000000000
83570  59.105  17.437  2.050 0.0000000000
74752  45.377  9.012  17.927 0.0000000000
134946  43.881  8.799  17.192 0.0000000000
73670  43.934  8.124  17.885 0.0000000000
70278  42.772  5.661  19.392 0.0000000000
70279  41.715  5.459  18.769 0.0000000000
74703  49.208  8.861  22.717 0.0000000000
74714  49.041  9.264  22.161 0.0000000000
151029  48.664  9.885  21.065 0.0000000000
74735  47.356  9.371  19.689 0.0000000000
131981  46.299  8.895  18.790 0.0000000000
58413  37.022  -7.087  45.592 0.0000000000
59569  37.625  -6.542  44.212 0.0000000000
57084  35.779  -8.064  43.898 0.0000000000
57122  34.449  -8.548  42.655 0.0000000000
56033  33.437  -8.804  40.549 0.0000000000
57148  29.988  -8.224  40.432 0.0000000000
56046  30.839  -8.596  40.121 0.0000000000
56057  31.567  -9.009  38.885 0.0000000000
57187  30.250  -8.481  37.266 0.0000000000
146876  29.603  -8.147  35.852 0.0000000000
134875  28.905  -7.870  34.220 0.0000000000
81532  54.526  14.663  10.550 0.0000000000
80376  52.226  14.143  9.718 0.0000000000
81542  53.716  14.953  9.392 0.0000000000
82568  54.732  15.490  9.203 0.0000000000
82576  54.895  16.184  7.550 0.0000000000
82585  54.817  16.262  6.365 0.0000000000
82591  54.898  16.247  5.088 0.0000000000
83567  55.581  16.713  4.661 0.0000000000
58445  24.972  -7.398  43.274 0.0000000000
134872  23.764  -8.222  43.119 0.0000000000
57091  25.099  -7.577  44.114 0.0000000000
57073  24.389  -8.269  45.349 0.0000000000
57039  24.707  -8.265  47.153 0.0000000000
57009  26.888  -7.444  49.143 0.0000000000
55917  23.849  -8.385  48.486 0.0000000000
131807  23.730  -8.270  49.740 0.0000000000
60659  38.485  -5.674  47.114 0.0000000000
58399  36.357  -7.199  46.290 0.0000000000
133060  34.338  -8.159  45.918 0.0000000000
142323  32.168  -8.244  45.028 0.0000000000
57054  31.782  -8.055  46.287 0.0000000000
57090  30.278  -7.521  44.601 0.0000000000
58429  28.675  -6.885  44.234 0.0000000000
58443  27.196  -6.373  43.531 0.0000000000
78086  53.027  12.923  13.178 0.0000000000
78105  52.331  12.902  12.279 0.0000000000
78106  51.014  12.720  11.739 0.0000000000
76983  49.436  11.916  13.254 0.0000000000
78101  49.785  12.256  12.544 0.0000000000
130862  49.491  12.393  11.007 0.0000000000
56005  22.592  -8.872  42.968 0.0000000000
55989  21.102  -9.243  43.049 0.0000000000
56008  19.450  -9.311  43.125 0.0000000000
55960  20.197  -9.185  45.608 0.0000000000
133115  19.875  -9.220  44.879 0.0000000000
55991  18.569  -9.252  43.691 0.0000000000
54948  16.993  -10.092  43.303 0.0000000000
54949  16.291  -10.562  43.676 0.0000000000
55903  18.508  -8.388  50.575 0.0000000000
55914  16.673  -9.034  49.023 0.0000000000
54885  16.002  -9.562  48.738 0.0000000000
54899  16.034  -9.767  47.902 0.0000000000
54920  15.688  -10.439  46.741 0.0000000000
50607  9.245  -14.404  54.331 0.0000000000
133999  44.094  7.108  25.779 0.0000000000
71245  39.226  6.436  28.422 0.0000000000
71247  37.793  5.489  28.715 0.0000000000
70147  37.119  4.854  29.247 0.0000000000
69051  35.853  3.261  29.606 0.0000000000
69027  37.098  3.636  32.107 0.0000000000
69036  36.264  2.604  31.308 0.0000000000
67934  35.645  1.930  30.534 0.0000000000
66831  36.219  -0.351  30.493 0.0000000000
64790  36.848  -1.899  29.981 0.0000000000
64798  37.246  -2.513  29.470 0.0000000000
144311  38.374  -2.451  31.272 0.0000000000
63809  38.147  -3.075  30.113 0.0000000000
62841  37.842  -3.622  28.691 0.0000000000
60851  37.688  -5.229  28.363 0.0000000000
59728  35.908  -6.470  28.455 0.0000000000
62782  42.151  -3.172  37.929 0.0000000000
59581  38.210  -6.102  43.728 0.0000000000
60702  39.228  -5.237  42.827 0.0000000000
60717  39.725  -4.924  41.105 0.0000000000
59629  36.296  -6.152  39.576 0.0000000000
60719  38.440  -5.300  40.698 0.0000000000
147503  40.058  -4.830  40.461 0.0000000000
61768  40.666  -4.638  39.232 0.0000000000
61779  40.980  -4.500  37.616 0.0000000000
147394  41.491  -3.734  36.482 0.0000000000
151858  40.686  -4.393  35.308 0.0000000000
60781  39.529  -5.286  34.268 0.0000000000
60808  38.312  -6.014  32.408 0.0000000000
60784  35.848  -5.952  34.044 0.0000000000
60810  36.538  -6.330  32.718 0.0000000000
131167  36.790  -6.372  31.773 0.0000000000
60834  35.110  -6.263  30.346 0.0000000000
72418  42.459  6.641  24.601 0.0000000000
71309  40.669  6.284  22.885 0.0000000000
70207  40.219  5.585  21.591 0.0000000000
71311  38.296  5.993  23.768 0.0000000000
70209  38.063  5.326  21.726 0.0000000000
70257  38.314  4.872  20.131 0.0000000000
83581  56.131  16.091  2.526 0.0000000000
72415  45.559  7.185  25.154 0.0000000000
72416  44.739  7.081  25.246 0.0000000000
71274  45.628  6.976  24.635 0.0000000000
58475  25.127  -6.700  41.858 0.0000000000
58476  24.405  -7.203  41.685 0.0000000000
58477  24.108  -7.212  40.885 0.0000000000
75852  45.051  9.969  15.928 0.0000000000
75853  43.932  9.736  15.162 0.0000000000
74762  44.378  9.431  16.606 0.0000000000
75851  45.881  10.169  16.375 0.0000000000
52638  12.677  -12.005  53.423 0.0000000000
52645  13.142  -11.872  52.634 0.0000000000
153963  12.427  -12.366  52.792 0.0000000000
50623  11.222  -13.801  52.584 0.0000000000
64722  42.112  -0.992  36.416 0.0000000000
65672  41.622  -0.593  35.791 0.0000000000
64727  41.541  -1.489  35.755 0.0000000000
63756  41.206  -2.237  35.433 0.0000000000
62794  41.599  -2.780  35.654 0.0000000000
140255  39.374  -5.199  45.948 0.0000000000
60673  39.379  -5.222  45.265 0.0000000000
151482  30.292  -8.190  34.229 0.0000000000
69052  35.528  2.977  28.854 0.0000000000
69064  35.485  3.242  28.021 0.0000000000
153005  56.612  17.596  6.593 0.0000000000
84591  56.683  17.712  5.832 0.0000000000
84597  56.979  17.719  4.839 0.0000000000
72490  45.213  6.668  19.870 0.0000000000
72507  44.402  6.595  19.313 0.0000000000
71368  44.421  5.858  19.973 0.0000000000
69131  40.985  5.015  20.449 0.0000000000
69144  41.111  4.882  20.005 0.0000000000
146691  40.472  4.851  19.915 0.0000000000
134586  39.359  4.518  18.614 0.0000000000
69145  39.561  4.714  19.389 0.0000000000
71352  45.979  6.422  21.230 0.0000000000
72471  46.424  6.996  20.913 0.0000000000
72489  45.971  7.142  20.154 0.0000000000
54958  19.563  -9.601  41.639 0.0000000000
54971  18.937  -10.013  40.940 0.0000000000
54972  18.097  -10.221  41.127 0.0000000000
54973  17.330  -10.589  41.445 0.0000000000
137199  31.923  -8.403  43.764 0.0000000000
55986  32.249  -8.633  43.063 0.0000000000
57107  31.437  -8.399  43.028 0.0000000000
59640  26.863  -6.407  38.202 0.0000000000
58524  27.490  -6.733  38.477 0.0000000000
58539  27.280  -6.686  37.569 0.0000000000
146414  26.126  -6.340  35.841 0.0000000000
150350  25.924  -6.284  36.773 0.0000000000
63829  37.449  -3.086  28.680 0.0000000000
79230  52.149  13.230  11.417 0.0000000000
79245  51.610  13.376  10.739 0.0000000000
81559  53.192  15.097  5.929 0.0000000000
136375  28.177  -7.048  46.634 0.0000000000
58403  27.340  -7.155  46.543 0.0000000000
58387  27.693  -7.153  47.370 0.0000000000
134209  28.910  -7.094  46.719 0.0000000000
58418  27.887  -6.882  45.740 0.0000000000
78073  50.046  11.850  15.522 0.0000000000
78080  51.308  12.254  14.890 0.0000000000
140692  50.993  12.193  14.354 0.0000000000
76958  50.281  11.941  14.348 0.0000000000
156443  23.343  -8.782  46.582 0.0000000000
55958  22.160  -9.088  45.942 0.0000000000
55946  22.093  -9.080  46.759 0.0000000000
55934  18.126  -8.795  47.798 0.0000000000
132976  17.907  -8.843  46.856 0.0000000000
132131  17.265  -9.050  46.273 0.0000000000
55948  16.616  -9.350  46.626 0.0000000000
143353  16.537  -8.770  52.727 0.0000000000
52674  13.522  -12.361  49.045 0.0000000000
52703  14.097  -12.220  47.649 0.0000000000
66803  38.363  0.267  33.368 0.0000000000
67910  38.346  1.162  33.859 0.0000000000
133974  37.610  0.554  32.888 0.0000000000
66814  38.038  -0.443  32.552 0.0000000000
66823  37.694  -0.721  31.934 0.0000000000
61819  39.042  -5.143  31.162 0.0000000000
157881  39.185  -4.415  30.942 0.0000000000
60820  38.230  -5.729  30.732 0.0000000000
57147  34.765  -8.350  40.920 0.0000000000
58471  35.889  -7.692  41.210 0.0000000000
57146  35.065  -8.087  40.077 0.0000000000
60761  36.076  -5.546  36.910 0.0000000000
60749  36.300  -5.567  37.661 0.0000000000
140338  37.865  -5.577  37.058 0.0000000000
60760  37.414  -5.690  36.375 0.0000000000
60759  38.134  -5.714  36.133 0.0000000000
140262  36.633  -5.669  36.157 0.0000000000
72421  39.638  6.589  26.127 0.0000000000
71278  38.800  6.329  26.200 0.0000000000
71303  45.542  6.284  22.859 0.0000000000
70228  44.389  5.525  21.533 0.0000000000
70202  44.650  5.813  22.292 0.0000000000
71306  43.433  6.087  22.839 0.0000000000
70186  43.643  5.739  22.318 0.0000000000
70187  43.013  5.683  22.141 0.0000000000
139061  42.560  5.526  21.666 0.0000000000
70188  42.207  5.808  22.132 0.0000000000
73591  49.050  7.949  25.118 0.0000000000
144243  45.777  6.640  23.774 0.0000000000
72440  47.198  7.037  24.122 0.0000000000
71302  46.527  6.742  23.600 0.0000000000
71321  46.352  6.540  22.792 0.0000000000
56023  21.092  -9.243  41.105 0.0000000000
56024  20.354  -9.404  41.469 0.0000000000
56006  21.084  -9.212  42.056 0.0000000000
58455  28.477  -6.915  42.477 0.0000000000
58456  27.827  -6.507  42.130 0.0000000000
59623  25.349  -6.262  40.429 0.0000000000
59622  26.197  -6.148  40.649 0.0000000000
59632  26.003  -6.115  39.819 0.0000000000
146349  25.845  -6.178  39.073 0.0000000000
59643  24.564  -6.493  38.728 0.0000000000
57151  23.094  -7.911  39.757 0.0000000000
57164  23.016  -7.979  38.843 0.0000000000
75830  47.941  10.531  18.625 0.0000000000
75831  47.653  10.525  17.996 0.0000000000
76945  47.219  10.741  16.380 0.0000000000
76936  48.110  11.004  17.196 0.0000000000
76944  48.195  11.155  16.365 0.0000000000
147332  49.039  11.438  15.951 0.0000000000
76951  48.709  11.382  15.497 0.0000000000
76963  45.988  10.698  14.340 0.0000000000
76973  45.742  10.572  13.411 0.0000000000
55907  22.446  -8.603  48.966 0.0000000000
55909  21.547  -8.512  49.370 0.0000000000
131443  20.111  -8.605  49.287 0.0000000000
131816  19.220  -8.690  48.964 0.0000000000
54844  14.634  -10.218  52.944 0.0000000000
152872  14.828  -10.203  52.281 0.0000000000
136362  13.221  -11.992  51.667 0.0000000000
52654  13.302  -12.093  50.781 0.0000000000
52663  13.409  -12.229  49.929 0.0000000000
51684  12.901  -12.794  50.373 0.0000000000
50641  11.955  -13.995  50.486 0.0000000000
50615  10.129  -14.504  53.252 0.0000000000
66784  40.631  0.084  35.046 0.0000000000
66793  40.041  -0.140  34.578 0.0000000000
66801  39.490  -0.224  34.046 0.0000000000
145730  39.794  -0.961  34.137 0.0000000000
64741  39.779  -1.727  33.981 0.0000000000
138834  40.397  -2.829  34.282 0.0000000000
146007  39.895  -2.722  33.777 0.0000000000
62807  40.132  -3.346  33.624 0.0000000000
61817  39.868  -3.865  32.346 0.0000000000
61812  40.116  -4.109  33.123 0.0000000000
56067  31.716  -8.705  37.363 0.0000000000
56055  33.052  -8.651  38.018 0.0000000000
56076  32.150  -8.375  36.843 0.0000000000
58570  32.671  -7.661  35.444 0.0000000000
57199  33.036  -7.831  36.238 0.0000000000
59659  33.766  -6.757  36.181 0.0000000000
59650  34.673  -6.218  37.040 0.0000000000
59668  33.621  -6.260  35.478 0.0000000000
59681  33.065  -6.994  34.913 0.0000000000
59682  32.634  -6.752  33.924 0.0000000000
71257  37.076  5.192  27.573 0.0000000000
71266  37.370  5.442  26.685 0.0000000000
70163  36.554  4.795  27.124 0.0000000000
69086  35.436  3.481  26.150 0.0000000000
83571  58.089  17.528  2.787 0.0000000000
83579  57.975  16.720  1.667 0.0000000000
74746  44.730  8.168  18.314 0.0000000000
73664  44.026  7.353  18.532 0.0000000000
71388  43.457  6.349  18.994 0.0000000000
72531  43.267  7.018  18.441 0.0000000000
72519  42.921  6.623  18.541 0.0000000000
72520  41.869  6.424  17.944 0.0000000000
70252  43.774  5.388  20.768 0.0000000000
70268  43.744  5.500  20.255 0.0000000000
70269  43.155  5.408  20.090 0.0000000000
70271  41.380  5.100  19.088 0.0000000000
136630  40.636  5.082  18.177 0.0000000000
70285  40.780  5.371  17.883 0.0000000000
73597  48.838  7.988  23.788 0.0000000000
137393  49.206  8.375  23.561 0.0000000000
73603  49.076  8.419  23.099 0.0000000000
73625  47.956  8.779  21.245 0.0000000000
74704  48.647  8.777  22.068 0.0000000000
74715  48.591  9.341  21.524 0.0000000000
75801  49.164  9.847  21.735 0.0000000000
74726  48.004  9.551  20.563 0.0000000000
73662  45.761  8.218  18.995 0.0000000000
74745  45.444  8.356  18.603 0.0000000000
155908  45.913  8.646  18.678 0.0000000000
58414  36.270  -7.425  45.019 0.0000000000
154374  36.000  -7.824  44.514 0.0000000000
56002  33.146  -8.982  42.274 0.0000000000
56001  33.904  -8.899  42.038 0.0000000000
56018  33.296  -8.959  41.416 0.0000000000
56034  32.721  -8.892  40.792 0.0000000000
57150  29.285  -7.570  41.187 0.0000000000
57149  30.086  -8.138  41.439 0.0000000000
57163  29.103  -7.691  40.132 0.0000000000
57162  29.690  -8.166  39.500 0.0000000000
57161  30.292  -8.513  38.960 0.0000000000
146031  30.905  -8.793  39.315 0.0000000000
56058  30.901  -8.873  38.509 0.0000000000
57173  30.265  -8.527  38.138 0.0000000000
58554  28.215  -7.382  35.827 0.0000000000
153172  28.926  -7.911  36.127 0.0000000000
57217  28.931  -7.878  35.275 0.0000000000
58571  28.224  -7.397  34.664 0.0000000000
58540  23.988  -6.894  36.943 0.0000000000
58558  23.350  -7.457  36.463 0.0000000000
79210  53.517  13.225  12.702 0.0000000000
80357  54.051  13.789  11.321 0.0000000000
80368  54.191  14.188  10.949 0.0000000000
81533  54.003  14.508  10.386 0.0000000000
80371  51.127  13.596  9.624 0.0000000000
135781  53.062  14.981  8.374 0.0000000000
81550  54.291  15.364  8.981 0.0000000000
141177  55.007  15.897  8.530 0.0000000000
82577  54.505  15.751  8.100 0.0000000000
147293  54.339  15.935  6.280 0.0000000000
83563  55.411  16.711  5.875 0.0000000000
58444  25.744  -7.013  43.609 0.0000000000
58432  25.862  -7.252  44.479 0.0000000000
57056  26.088  -7.745  46.970 0.0000000000
57072  25.297  -8.055  45.773 0.0000000000
57057  25.379  -8.083  46.623 0.0000000000
57058  24.536  -8.313  46.318 0.0000000000
57010  26.148  -8.019  49.532 0.0000000000
57024  24.690  -8.238  48.421 0.0000000000
57012  24.363  -8.241  49.238 0.0000000000
57013  23.421  -8.400  49.120 0.0000000000
58398  37.165  -6.822  46.544 0.0000000000
140656  32.862  -8.330  45.011 0.0000000000
58400  30.226  -7.336  45.822 0.0000000000
57055  30.992  -7.731  46.056 0.0000000000
57071  30.753  -7.788  45.149 0.0000000000
58415  30.080  -7.345  45.133 0.0000000000
58428  29.552  -7.211  44.588 0.0000000000
155927  27.370  -6.809  45.088 0.0000000000
150169  27.313  -6.524  44.359 0.0000000000
138674  26.530  -6.683  44.010 0.0000000000
74754  42.972  8.337  17.156 0.0000000000
78098  52.026  12.624  12.933 0.0000000000
131058  51.579  12.689  12.344 0.0000000000
132167  50.706  12.473  12.438 0.0000000000
76961  48.424  11.460  14.185 0.0000000000
76971  48.992  11.670  13.712 0.0000000000
155896  49.062  12.018  12.617 0.0000000000
78108  49.051  12.199  11.664 0.0000000000
57111  23.469  -8.492  43.868 0.0000000000
151406  23.145  -8.574  43.274 0.0000000000
133972  21.463  -9.174  45.016 0.0000000000
55988  21.949  -9.132  43.474 0.0000000000
55972  21.138  -9.230  44.120 0.0000000000
55990  20.313  -9.271  43.531 0.0000000000
55973  20.327  -9.255  44.321 0.0000000000
131812  20.757  -9.059  47.425 0.0000000000
131809  20.479  -9.126  46.479 0.0000000000
55962  18.430  -9.062  45.402 0.0000000000
55961  19.366  -9.130  45.499 0.0000000000
55974  18.985  -9.129  44.686 0.0000000000
54947  17.785  -9.672  42.964 0.0000000000
54935  17.534  -9.450  43.858 0.0000000000
54937  16.244  -10.366  44.590 0.0000000000
53857  15.728  -11.150  44.131 0.0000000000
53858  15.162  -11.755  44.617 0.0000000000
55897  17.595  -8.466  51.084 0.0000000000
55904  17.563  -8.579  50.205 0.0000000000
55913  17.482  -8.701  49.307 0.0000000000
54865  15.039  -10.244  51.031 0.0000000000
53793  15.020  -11.075  48.360 0.0000000000
54886  15.445  -10.023  49.285 0.0000000000
54900  15.449  -10.224  48.464 0.0000000000
54912  16.103  -9.889  47.092 0.0000000000
51648  9.616  -13.759  54.784 0.0000000000
151428  9.268  -13.435  55.324 0.0000000000
50595  8.151  -14.213  55.317 0.0000000000
50608  8.492  -14.701  54.666 0.0000000000
72385  40.567  7.002  27.413 0.0000000000
71234  39.467  6.542  29.332 0.0000000000
71246  38.429  5.965  28.330 0.0000000000
71235  38.468  5.919  29.244 0.0000000000
70137  37.128  4.633  30.112 0.0000000000
70138  36.505  4.022  29.888 0.0000000000
69042  36.560  3.657  30.776 0.0000000000
69016  37.887  2.353  33.913 0.0000000000
67926  36.497  1.595  31.886 0.0000000000
67927  36.054  1.664  31.281 0.0000000000
66825  36.072  0.603  30.997 0.0000000000
65739  37.384  -1.209  31.019 0.0000000000
65740  36.877  -1.224  30.549 0.0000000000
64789  37.385  -1.973  30.465 0.0000000000
142938  37.657  -2.657  30.052 0.0000000000
64762  38.915  -2.062  32.575 0.0000000000
64773  38.601  -2.299  31.860 0.0000000000
61828  39.077  -4.038  30.475 0.0000000000
62830  38.701  -3.522  30.168 0.0000000000
62831  38.284  -3.632  29.456 0.0000000000
61837  38.106  -4.315  28.867 0.0000000000
152750  38.190  -4.940  29.151 0.0000000000
145186  36.830  -6.034  28.980 0.0000000000
58438  37.060  -7.119  43.834 0.0000000000
59582  37.560  -6.510  43.395 0.0000000000
59607  37.172  -6.334  41.683 0.0000000000
59606  37.946  -5.913  42.057 0.0000000000
60711  38.497  -5.418  41.572 0.0000000000
60710  39.291  -5.153  41.918 0.0000000000
157356  35.259  -7.228  38.988 0.0000000000
58506  35.443  -7.371  39.656 0.0000000000
59630  35.710  -6.598  39.123 0.0000000000
135870  37.993  -5.329  38.939 0.0000000000
60728  37.483  -5.457  39.467 0.0000000000
60727  38.413  -5.255  39.690 0.0000000000
146219  39.305  -5.103  40.298 0.0000000000
60726  39.345  -5.178  39.333 0.0000000000
61761  40.592  -4.495  40.071 0.0000000000
133611  40.056  -5.103  38.928 0.0000000000
153298  39.833  -5.223  37.522 0.0000000000
60746  40.352  -5.033  37.703 0.0000000000
61784  41.433  -4.022  37.149 0.0000000000
61785  41.028  -4.373  36.665 0.0000000000
61791  41.134  -4.123  35.857 0.0000000000
61786  40.566  -4.704  35.986 0.0000000000
60783  37.761  -6.102  34.667 0.0000000000
60782  38.633  -5.828  34.317 0.0000000000
60794  38.486  -6.003  33.394 0.0000000000
133447  34.629  -5.546  34.881 0.0000000000
133058  35.460  -5.636  34.831 0.0000000000
60785  34.989  -5.607  34.180 0.0000000000
132157  34.877  -5.832  32.500 0.0000000000
136890  35.673  -6.163  32.802 0.0000000000
131079  35.804  -6.264  32.062 0.0000000000
60821  36.030  -6.352  31.095 0.0000000000
72401  43.200  7.013  25.921 0.0000000000
133229  43.075  6.736  25.066 0.0000000000
72402  42.308  6.844  25.570 0.0000000000
131085  40.125  6.465  23.906 0.0000000000
71294  41.187  6.462  23.547 0.0000000000
71322  40.237  6.002  22.316 0.0000000000
71323  39.520  5.849  22.200 0.0000000000
71296  38.083  5.996  24.911 0.0000000000
71297  37.378  5.552  24.462 0.0000000000
70236  36.936  4.904  21.786 0.0000000000
71325  37.523  5.369  22.465 0.0000000000
70235  37.652  4.936  20.933 0.0000000000
142224  38.557  5.229  21.021 0.0000000000
84609  61.530  17.675  1.281 0.0000000000
84608  61.939  17.834  1.249 0.0000000000
83573  55.896  16.470  3.482 0.0000000000
82599  55.471  15.518  2.864 0.0000000000
71289  45.211  6.655  23.976 0.0000000000
131874  44.572  6.314  23.292 0.0000000000
71290  44.516  6.537  23.808 0.0000000000
71291  43.848  6.410  23.599 0.0000000000
153352  43.217  6.345  23.409 0.0000000000
71288  46.014  6.918  24.454 0.0000000000
57152  22.406  -8.398  40.265 0.0000000000
146825  22.490  -8.513  41.219 0.0000000000
57138  22.528  -8.670  42.127 0.0000000000
59595  26.376  -6.268  42.303 0.0000000000
59609  27.130  -6.216  41.800 0.0000000000
59611  25.572  -6.296  41.254 0.0000000000
58493  24.536  -6.646  40.245 0.0000000000
58509  24.247  -6.782  39.436 0.0000000000
58494  23.797  -7.265  40.057 0.0000000000
74743  46.850  9.793  18.263 0.0000000000
75839  46.613  10.150  17.400 0.0000000000
142143  47.349  11.038  15.412 0.0000000000
76953  46.584  10.607  15.843 0.0000000000
76954  45.756  10.470  15.237 0.0000000000
57005  22.476  -8.225  50.506 0.0000000000
55900  21.325  -8.287  50.265 0.0000000000
57006  21.827  -8.176  50.913 0.0000000000
51676  12.275  -13.211  50.791 0.0000000000
135419  12.156  -13.112  51.605 0.0000000000
51668  11.541  -13.649  51.795 0.0000000000
64732  40.888  -0.993  35.322 0.0000000000
64733  40.306  -1.467  34.634 0.0000000000
63757  40.616  -2.229  34.788 0.0000000000
61803  40.668  -3.546  34.369 0.0000000000
56087  30.996  -8.340  35.830 0.0000000000
56077  31.631  -8.371  36.437 0.0000000000
156795  31.681  -8.210  35.670 0.0000000000
57227  32.081  -8.093  35.100 0.0000000000
58582  32.384  -7.582  34.547 0.0000000000
57228  31.708  -8.062  34.113 0.0000000000
57244  31.000  -8.100  33.223 0.0000000000
70157  35.941  4.086  27.585 0.0000000000
84586  56.301  17.273  7.207 0.0000000000
84595  58.867  18.404  3.963 0.0000000000
84596  57.877  18.154  4.413 0.0000000000
83565  57.404  17.615  3.782 0.0000000000
73654  45.214  7.511  19.156 0.0000000000
73663  44.815  7.540  18.835 0.0000000000
153527  44.649  7.053  19.137 0.0000000000
72508  44.014  6.436  19.177 0.0000000000
70254  42.529  5.268  20.674 0.0000000000
69142  42.516  5.237  20.208 0.0000000000
69143  41.838  5.065  20.134 0.0000000000
69158  40.995  4.914  19.375 0.0000000000
154153  40.481  4.895  18.524 0.0000000000
72455  47.528  7.359  22.319 0.0000000000
73613  47.943  7.907  22.129 0.0000000000
73626  47.607  8.121  21.352 0.0000000000
149414  47.353  8.369  20.682 0.0000000000
73640  46.862  8.343  20.043 0.0000000000
73641  46.250  7.791  19.781 0.0000000000
73653  45.811  7.854  19.339 0.0000000000
143324  19.108  -10.155  40.010 0.0000000000
54961  17.158  -10.323  42.375 0.0000000000
57086  34.041  -8.409  44.423 0.0000000000
57085  34.899  -8.295  44.193 0.0000000000
57105  33.424  -8.634  43.802 0.0000000000
55985  32.951  -8.869  43.065 0.0000000000
56004  31.916  -8.675  42.329 0.0000000000
58507  28.363  -7.153  39.767 0.0000000000
58523  28.242  -7.226  38.826 0.0000000000
133507  28.866  -7.799  38.301 0.0000000000
57189  28.867  -7.891  37.507 0.0000000000
140358  27.740  -7.092  36.773 0.0000000000
58555  27.428  -6.918  35.967 0.0000000000
58572  26.836  -6.593  35.482 0.0000000000
59671  25.483  -6.458  35.234 0.0000000000
64799  36.594  -1.994  29.169 0.0000000000
79228  53.280  13.254  11.732 0.0000000000
79229  52.938  13.312  11.487 0.0000000000
80359  53.158  13.534  11.189 0.0000000000
80370  52.852  13.804  10.679 0.0000000000
81552  52.376  14.689  7.385 0.0000000000
82593  53.868  15.507  5.599 0.0000000000
58420  25.971  -7.467  45.328 0.0000000000
58404  26.607  -7.370  46.529 0.0000000000
58401  29.535  -7.167  46.338 0.0000000000
58417  28.735  -6.938  45.154 0.0000000000
137888  51.895  12.369  14.307 0.0000000000
76985  47.964  11.658  12.638 0.0000000000
57074  23.555  -8.594  45.251 0.0000000000
55970  23.004  -8.866  44.666 0.0000000000
55957  22.939  -8.972  45.580 0.0000000000
136633  22.191  -9.100  45.212 0.0000000000
157731  19.581  -9.080  46.666 0.0000000000
55963  17.441  -9.153  45.377 0.0000000000
55976  17.273  -9.383  44.578 0.0000000000
54918  16.689  -9.457  45.831 0.0000000000
54928  16.231  -10.185  45.477 0.0000000000
55898  16.794  -8.839  50.788 0.0000000000
53768  14.392  -11.133  49.947 0.0000000000
53777  14.997  -10.628  49.696 0.0000000000
53778  14.585  -11.141  49.164 0.0000000000
52702  14.685  -11.536  47.451 0.0000000000
71225  38.937  6.132  30.106 0.0000000000
139435  38.564  5.731  30.986 0.0000000000
70128  37.706  4.895  31.476 0.0000000000
67903  39.458  1.150  34.779 0.0000000000
69005  38.969  2.297  34.949 0.0000000000
67904  38.659  1.605  34.377 0.0000000000
65728  37.765  -1.249  31.485 0.0000000000
62818  39.471  -3.577  31.857 0.0000000000
62822  39.040  -3.356  31.536 0.0000000000
61823  39.257  -3.817  31.191 0.0000000000
60831  38.306  -5.286  29.812 0.0000000000
60832  37.469  -5.917  29.927 0.0000000000
60833  36.381  -6.303  30.062 0.0000000000
57120  35.978  -7.959  42.028 0.0000000000
58469  36.968  -6.943  42.313 0.0000000000
58470  36.483  -7.133  41.673 0.0000000000
59608  36.730  -6.562  41.051 0.0000000000
59649  35.239  -6.182  37.765 0.0000000000
59638  36.031  -5.947  38.841 0.0000000000
60739  36.492  -5.597  38.426 0.0000000000
60738  37.296  -5.445  38.672 0.0000000000
60736  39.454  -5.236  38.602 0.0000000000
60747  39.157  -5.351  37.903 0.0000000000
60758  38.630  -5.476  37.324 0.0000000000
132750  39.382  -5.352  36.911 0.0000000000
60757  39.906  -5.224  36.053 0.0000000000
144986  39.038  -5.500  35.946 0.0000000000
60770  38.361  -5.790  35.269 0.0000000000
60798  33.567  -5.512  33.222 0.0000000000
156598  34.691  -5.584  33.741 0.0000000000
60811  34.053  -5.483  32.611 0.0000000000
136411  34.125  -5.577  31.818 0.0000000000
60823  34.187  -5.839  30.891 0.0000000000
60836  33.572  -5.876  30.473 0.0000000000
72403  41.273  6.949  26.325 0.0000000000
72419  41.509  6.738  25.124 0.0000000000
72420  40.484  6.728  25.658 0.0000000000
71295  39.630  6.564  25.158 0.0000000000
141807  39.015  6.376  24.337 0.0000000000
70191  36.040  4.208  23.503 0.0000000000
70211  36.066  4.192  22.403 0.0000000000
83569  60.102  17.373  1.499 0.0000000000
84610  60.878  17.903  1.866 0.0000000000
71337  45.518  6.013  21.565 0.0000000000
71354  44.593  5.675  20.515 0.0000000000
71338  44.818  5.619  21.187 0.0000000000
70229  44.108  5.404  20.940 0.0000000000
70230  43.583  5.382  21.146 0.0000000000
70185  44.213  5.849  22.495 0.0000000000
151005  43.175  5.649  22.079 0.0000000000
70231  43.102  5.373  21.131 0.0000000000
135167  42.400  5.348  21.150 0.0000000000
70232  41.509  5.254  21.003 0.0000000000
70233  40.620  5.227  20.909 0.0000000000
147358  48.940  7.944  24.454 0.0000000000
72438  48.337  7.623  23.441 0.0000000000
72429  47.847  7.307  24.432 0.0000000000
72439  47.731  7.206  23.752 0.0000000000
72446  47.732  7.247  23.042 0.0000000000
71335  46.984  6.864  22.551 0.0000000000
71336  46.216  6.468  22.028 0.0000000000
54984  20.366  -9.923  39.113 0.0000000000
56037  20.912  -9.368  40.051 0.0000000000
57124  29.967  -7.855  42.945 0.0000000000
57123  30.713  -8.233  42.607 0.0000000000
58472  29.036  -7.302  42.018 0.0000000000
59621  27.068  -6.217  40.919 0.0000000000
58491  27.736  -6.582  40.339 0.0000000000
135607  26.728  -6.300  39.054 0.0000000000
59641  26.129  -6.253  38.358 0.0000000000
138667  25.487  -6.286  37.651 0.0000000000
147414  24.790  -6.389  38.055 0.0000000000
58525  24.124  -6.844  37.958 0.0000000000
58526  23.435  -7.344  38.375 0.0000000000
79232  50.198  12.840  10.480 0.0000000000
79246  50.605  13.169  10.154 0.0000000000
132863  28.157  -7.168  48.125 0.0000000000
58373  28.633  -7.103  48.834 0.0000000000
76926  49.218  11.517  18.006 0.0000000000
76942  49.539  11.623  16.036 0.0000000000
76959  49.729  11.727  14.580 0.0000000000
76960  49.035  11.493  14.781 0.0000000000
76962  47.471  11.231  14.549 0.0000000000
131785  47.423  11.342  13.655 0.0000000000
133658  46.429  10.925  12.935 0.0000000000
55932  22.463  -9.014  47.606 0.0000000000
148516  22.024  -8.988  48.235 0.0000000000
131815  21.185  -8.987  48.209 0.0000000000
55920  20.907  -8.709  48.922 0.0000000000
131813  19.083  -8.888  48.054 0.0000000000
54853  15.258  -9.724  52.623 0.0000000000
54854  14.618  -10.410  51.696 0.0000000000
53756  14.423  -10.780  51.099 0.0000000000
151375  14.260  -11.119  50.599 0.0000000000
52662  13.916  -11.667  50.334 0.0000000000
51703  13.060  -13.153  48.651 0.0000000000
51694  12.404  -13.618  49.112 0.0000000000
66774  40.655  0.667  35.427 0.0000000000
139573  39.660  0.344  34.475 0.0000000000
66802  38.987  -0.212  33.601 0.0000000000
156751  38.433  -1.111  32.512 0.0000000000
65717  38.826  -1.371  32.865 0.0000000000
147435  39.354  -2.408  32.906 0.0000000000
63770  39.651  -2.279  33.554 0.0000000000
62812  39.695  -2.879  33.119 0.0000000000
157456  39.427  -2.818  32.671 0.0000000000
60807  39.105  -5.287  31.996 0.0000000000
146763  33.117  -8.834  38.996 0.0000000000
135229  34.498  -8.193  39.533 0.0000000000
57172  33.717  -8.382  38.473 0.0000000000
57171  34.258  -7.879  38.035 0.0000000000
57200  32.722  -8.204  36.824 0.0000000000
57184  34.001  -7.616  37.245 0.0000000000
58537  34.677  -7.042  37.658 0.0000000000
60751  35.114  -5.831  37.143 0.0000000000
60762  35.439  -5.646  36.860 0.0000000000
139932  35.675  -5.564  36.260 0.0000000000
60774  34.312  -5.663  35.634 0.0000000000
60775  33.861  -5.627  34.818 0.0000000000
60799  32.993  -5.897  33.598 0.0000000000
146151  32.220  -6.290  32.518 0.0000000000
71265  38.534  6.171  27.040 0.0000000000
157943  38.104  5.939  26.720 0.0000000000
70176  36.581  4.996  25.094 0.0000000000
70164  35.944  4.217  26.645 0.0000000000
70170  35.962  4.260  25.644 0.0000000000
70177  36.002  4.250  24.591 0.0000000000
70178  35.460  3.432  24.083 0.0000000000
84602  59.068  18.033  2.992 0.0000000000
83578  59.223  16.814  1.184 0.0000000000
74753  44.626  8.876  17.590 0.0000000000
73671  43.164  7.540  17.973 0.0000000000
71369  44.028  5.747  19.846 0.0000000000
70277  43.528  5.720  19.698 0.0000000000
71379  43.178  6.025  19.178 0.0000000000
70270  42.271  5.316  19.604 0.0000000000
71380  42.415  5.867  18.839 0.0000000000
71390  41.471  5.862  18.104 0.0000000000
73612  48.625  8.277  22.619 0.0000000000
75810  48.503  10.436  20.237 0.0000000000
75822  47.842  10.162  19.541 0.0000000000
133732  46.954  8.814  19.691 0.0000000000
74736  46.833  9.176  19.125 0.0000000000
74744  46.071  9.230  18.192 0.0000000000
59556  38.325  -6.051  45.392 0.0000000000
59557  37.639  -6.499  45.053 0.0000000000
58426  37.048  -7.108  44.640 0.0000000000
58439  36.376  -7.509  43.421 0.0000000000
57104  34.254  -8.509  43.542 0.0000000000
57103  35.079  -8.308  43.268 0.0000000000
57102  35.876  -8.057  42.943 0.0000000000
57133  34.604  -8.493  41.779 0.0000000000
56017  34.050  -8.745  41.151 0.0000000000
133435  30.218  -8.101  42.182 0.0000000000
57134  30.767  -8.330  41.823 0.0000000000
56020  31.545  -8.600  41.504 0.0000000000
56021  30.785  -8.425  40.976 0.0000000000
56035  31.500  -8.674  40.582 0.0000000000
134925  32.167  -8.852  40.222 0.0000000000
134926  32.878  -8.895  39.941 0.0000000000
56044  32.266  -8.976  39.340 0.0000000000
146030  31.491  -8.995  38.114 0.0000000000
57203  29.408  -8.168  36.825 0.0000000000
57202  30.270  -8.372  36.364 0.0000000000
156577  30.277  -8.252  35.583 0.0000000000
57216  29.759  -8.143  34.857 0.0000000000
156957  25.183  -6.328  36.876 0.0000000000
58557  23.975  -6.963  35.970 0.0000000000
138548  35.036  1.019  29.306 0.0000000000
155146  55.091  15.241  10.197 0.0000000000
136335  52.076  13.667  10.465 0.0000000000
81534  53.267  14.319  10.164 0.0000000000
81543  52.935  14.606  9.284 0.0000000000
81541  54.362  15.098  9.847 0.0000000000
81540  54.814  15.200  10.060 0.0000000000
149860  55.176  15.560  9.535 0.0000000000
82575  55.236  16.298  7.944 0.0000000000
82586  54.515  16.042  7.083 0.0000000000
83560  55.301  16.555  7.033 0.0000000000
58459  24.713  -7.246  42.471 0.0000000000
57125  23.984  -7.914  42.264 0.0000000000
138991  24.364  -7.783  42.981 0.0000000000
57110  24.345  -8.052  43.771 0.0000000000
149462  24.611  -8.074  44.534 0.0000000000
140459  25.231  -7.846  44.921 0.0000000000
55944  23.811  -8.560  46.955 0.0000000000
58375  27.072  -7.363  48.189 0.0000000000
57037  26.209  -7.820  47.797 0.0000000000
57022  26.229  -7.964  48.664 0.0000000000
57023  25.487  -8.131  48.195 0.0000000000
135813  24.922  -8.223  47.807 0.0000000000
55931  24.197  -8.357  47.769 0.0000000000
149299  23.301  -8.657  47.801 0.0000000000
55918  23.143  -8.589  48.528 0.0000000000
57014  22.963  -8.340  49.760 0.0000000000
57004  23.528  -8.191  50.448 0.0000000000
60663  39.725  -4.897  46.575 0.0000000000
59544  38.406  -5.936  46.250 0.0000000000
59545  37.693  -6.399  45.941 0.0000000000
138682  36.369  -7.282  45.624 0.0000000000
57049  35.871  -7.577  45.666 0.0000000000
57050  35.541  -7.540  46.369 0.0000000000
57067  34.615  -8.221  45.085 0.0000000000
140537  33.681  -8.282  45.284 0.0000000000
57088  32.363  -8.376  44.405 0.0000000000
57089  31.510  -8.197  44.559 0.0000000000
57070  31.555  -8.101  45.457 0.0000000000
145277  30.721  -8.008  44.282 0.0000000000
57109  30.124  -7.627  43.902 0.0000000000
58441  28.550  -6.883  43.334 0.0000000000
58442  27.837  -6.504  43.014 0.0000000000
132974  27.933  -6.459  43.907 0.0000000000
58457  26.405  -6.456  43.152 0.0000000000
58458  25.551  -6.692  42.678 0.0000000000
74763  43.361  9.133  16.283 0.0000000000
79199  53.525  13.089  13.449 0.0000000000
79211  53.103  13.092  12.554 0.0000000000
78087  52.464  12.593  13.594 0.0000000000
78097  52.670  12.872  12.772 0.0000000000
79218  52.940  13.078  12.166 0.0000000000
79220  51.852  12.984  11.803 0.0000000000
76970  49.801  11.818  13.913 0.0000000000
78100  50.262  12.169  13.221 0.0000000000
76984  48.683  11.788  13.055 0.0000000000
78107  50.110  12.498  11.744 0.0000000000
78117  50.258  12.678  11.078 0.0000000000
79233  49.312  12.466  10.160 0.0000000000
57126  23.191  -8.387  42.587 0.0000000000
141792  21.884  -9.096  42.558 0.0000000000
55987  22.729  -8.916  43.774 0.0000000000
156416  19.335  -9.471  42.341 0.0000000000
132817  21.437  -9.111  46.216 0.0000000000
55959  20.986  -9.164  45.665 0.0000000000
131808  19.717  -9.128  46.110 0.0000000000
142664  19.596  -9.219  44.043 0.0000000000
54946  18.644  -9.502  42.653 0.0000000000
53875  16.451  -10.833  42.764 0.0000000000
54936  16.809  -9.847  44.160 0.0000000000
55912  18.383  -8.553  49.599 0.0000000000
55922  17.399  -8.833  48.432 0.0000000000
54852  15.948  -9.228  52.210 0.0000000000
54864  16.052  -9.233  51.320 0.0000000000
135493  16.034  -9.286  50.457 0.0000000000
54874  15.990  -9.405  49.597 0.0000000000
55923  16.619  -9.146  48.175 0.0000000000
55936  16.582  -9.261  47.380 0.0000000000
53824  15.704  -10.729  46.017 0.0000000000
53825  15.238  -11.134  46.682 0.0000000000
53843  15.094  -11.587  45.708 0.0000000000
50606  10.099  -14.076  54.051 0.0000000000
49528  8.854  -15.248  53.999 0.0000000000
50594  8.948  -14.047  55.109 0.0000000000
72386  39.622  6.653  27.529 0.0000000000
72387  38.803  6.239  27.646 0.0000000000
70155  37.124  5.105  28.360 0.0000000000
71236  37.672  5.290  29.514 0.0000000000
70148  36.491  4.352  28.944 0.0000000000
69035  36.600  3.015  31.685 0.0000000000
69043  36.044  2.927  30.629 0.0000000000
66832  35.537  0.811  30.247 0.0000000000
66839  35.601  -0.309  29.634 0.0000000000
66830  36.819  -0.435  31.045 0.0000000000
65746  36.364  -1.235  29.926 0.0000000000
64774  38.161  -1.857  31.509 0.0000000000
64788  37.966  -2.402  30.790 0.0000000000
63791  38.722  -2.883  31.425 0.0000000000
63808  38.477  -2.936  30.763 0.0000000000
63828  37.828  -3.080  29.354 0.0000000000
61838  37.589  -4.344  27.862 0.0000000000
60852  36.888  -6.067  27.906 0.0000000000
63741  42.118  -2.300  36.765 0.0000000000
59567  38.825  -5.596  44.894 0.0000000000
59580  38.777  -5.623  44.074 0.0000000000
60693  39.282  -5.267  43.607 0.0000000000
59593  38.128  -6.067  42.905 0.0000000000
60694  38.698  -5.606  43.255 0.0000000000
60701  39.842  -5.014  43.197 0.0000000000
61747  40.930  -4.194  42.108 0.0000000000
58505  36.046  -6.878  39.957 0.0000000000
59619  37.123  -6.013  40.771 0.0000000000
59628  36.955  -5.826  39.950 0.0000000000
60720  37.676  -5.512  40.307 0.0000000000
60718  39.054  -5.175  41.110 0.0000000000
61755  40.515  -4.387  41.035 0.0000000000
61760  41.204  -4.135  40.429 0.0000000000
147189  41.282  -4.226  38.652 0.0000000000
61773  41.995  -3.703  38.643 0.0000000000
61778  41.714  -3.929  37.851 0.0000000000
62786  41.842  -3.475  37.147 0.0000000000
140843  41.968  -3.029  36.347 0.0000000000
62795  41.418  -3.399  35.722 0.0000000000
61796  41.075  -3.836  35.074 0.0000000000
61797  40.559  -4.261  34.599 0.0000000000
60768  40.126  -5.020  35.094 0.0000000000
61798  40.134  -4.693  34.123 0.0000000000
61805  39.829  -4.980  33.409 0.0000000000
60793  39.137  -5.484  32.878 0.0000000000
60772  36.102  -5.682  35.434 0.0000000000
132233  36.882  -6.044  34.880 0.0000000000
156609  36.558  -6.129  34.264 0.0000000000
60796  35.203  -5.818  33.414 0.0000000000
60795  35.971  -6.184  33.307 0.0000000000
59691  36.610  -6.267  33.592 0.0000000000
59690  37.527  -6.294  33.198 0.0000000000
60809  37.405  -6.320  32.329 0.0000000000
134975  37.769  -6.203  31.594 0.0000000000
60835  34.209  -6.113  30.053 0.0000000000
148884  34.740  -6.333  29.559 0.0000000000
59729  34.918  -6.497  28.888 0.0000000000
72417  43.853  6.822  25.090 0.0000000000
71277  43.377  6.582  24.236 0.0000000000
71292  42.604  6.467  23.707 0.0000000000
72431  41.767  6.582  24.105 0.0000000000
71293  42.000  6.401  23.341 0.0000000000
71308  41.680  6.222  22.741 0.0000000000
70189  41.184  5.856  22.052 0.0000000000
71312  37.485  5.515  23.357 0.0000000000
71324  38.494  5.754  22.577 0.0000000000
70208  39.089  5.520  21.626 0.0000000000
70234  39.502  5.218  20.766 0.0000000000
70256  39.260  4.894  19.942 0.0000000000
83580  56.767  15.962  1.754 0.0000000000
55910  20.826  -8.472  49.582 0.0000000000
55933  21.635  -9.060  47.515 0.0000000000
55945  22.906  -9.001  46.326 0.0000000000
56003  32.550  -8.843  42.483 0.0000000000
56045  31.543  -8.853  39.750 0.0000000000
56066  32.471  -8.560  37.452 0.0000000000
56068  30.947  -8.780  37.687 0.0000000000
56994  23.069  -8.153  51.072 0.0000000000
57066  35.151  -8.057  45.742 0.0000000000
57069  32.361  -8.190  45.675 0.0000000000
57087  33.394  -8.439  44.575 0.0000000000
57106  32.647  -8.598  43.737 0.0000000000
57121  35.211  -8.263  42.361 0.0000000000
57160  34.389  -8.093  38.826 0.0000000000
57186  33.026  -8.345  37.388 0.0000000000
57188  29.531  -8.208  37.787 0.0000000000
57214  31.376  -8.190  34.970 0.0000000000
58427  36.375  -7.485  44.215 0.0000000000
58440  29.367  -7.268  43.622 0.0000000000
58453  36.407  -7.408  42.575 0.0000000000
58473  28.471  -6.995  41.619 0.0000000000
58489  35.664  -7.519  40.427 0.0000000000
58522  34.813  -7.505  38.511 0.0000000000
58553  33.571  -7.369  36.551 0.0000000000
59568  38.267  -6.098  44.555 0.0000000000
59620  36.552  -6.366  40.358 0.0000000000
59639  35.616  -6.201  38.461 0.0000000000
59658  34.175  -6.154  36.298 0.0000000000
59661  24.603  -6.523  36.466 0.0000000000
59680  37.234  -6.246  34.093 0.0000000000
60664  39.005  -5.399  46.481 0.0000000000
60684  39.422  -5.220  44.407 0.0000000000
60692  39.822  -5.062  43.841 0.0000000000
60703  38.604  -5.516  42.422 0.0000000000
60725  40.065  -5.021  39.728 0.0000000000
60735  40.572  -4.821  38.394 0.0000000000
60740  35.799  -5.807  38.151 0.0000000000
60748  37.152  -5.490  37.833 0.0000000000
62813  39.616  -3.213  32.482 0.0000000000
66783  41.536  0.150  35.835 0.0000000000
70204  43.746  5.521  21.823 0.0000000000
70206  41.881  5.515  21.554 0.0000000000
71279  38.048  5.915  25.931 0.0000000000
71353  45.272  5.942  20.795 0.0000000000
71367  44.917  6.103  20.167 0.0000000000
71378  43.815  6.055  19.382 0.0000000000
72412  48.473  7.601  24.744 0.0000000000
72430  46.650  7.127  24.757 0.0000000000
72491  44.628  6.332  19.690 0.0000000000
72505  45.519  7.296  19.572 0.0000000000
72517  44.270  6.889  19.002 0.0000000000
73604  48.752  8.060  23.213 0.0000000000
132589  46.302  7.215  25.082 0.0000000000
133536  33.355  -7.970  36.965 0.0000000000
133631  45.719  6.203  22.257 0.0000000000
134114  44.209  5.430  20.905 0.0000000000
134821  43.470  5.440  21.465 0.0000000000
136498  42.069  -1.717  36.375 0.0000000000
138279  17.121  -9.033  46.936 0.0000000000
139361  37.826  -6.247  46.850 0.0000000000
140871  35.374  -8.035  40.821 0.0000000000
143913  31.251  -8.228  43.821 0.0000000000
146579  36.186  -5.890  34.684 0.0000000000
147063  42.115  -2.890  37.143 0.0000000000
148447  39.150  -5.558  33.660 0.0000000000
148928  33.902  -8.470  39.301 0.0000000000
149643  33.544  -5.622  34.066 0.0000000000
151105  43.754  5.426  21.444 0.0000000000
152890  36.819  4.477  20.896 0.0000000000
154516  33.492  -8.690  39.798 0.0000000000
154939  39.570  -5.280  35.534 0.0000000000
154984  47.172  6.947  23.727 0.0000000000
155159  32.086  -8.764  40.951 0.0000000000
155255  36.782  -5.816  35.504 0.0000000000
156181  43.531  5.413  20.516 0.0000000000
156693  30.358  -8.451  39.657 0.0000000000
156829  40.148  -4.441  33.613 0.0000000000
156972  41.088  0.269  35.452 0.0000000000
