#!ascii label  , from subject freesurfer vox2ras=TkReg
2275
71397  56.587  4.205  16.537 0.0000000000
49636  46.701  -15.029  38.698 0.0000000000
45219  30.233  -18.517  44.105 0.0000000000
133448  23.665  -19.050  48.954 0.0000000000
47135  41.591  -17.825  47.692 0.0000000000
46246  34.596  -18.639  36.301 0.0000000000
63928  53.422  -2.427  19.047 0.0000000000
73726  63.955  6.777  12.230 0.0000000000
63800  55.340  -2.127  29.760 0.0000000000
57352  46.557  -8.602  28.226 0.0000000000
51876  37.158  -13.047  27.120 0.0000000000
46062  32.684  -18.168  51.123 0.0000000000
46135  27.002  -17.795  46.885 0.0000000000
47053  29.320  -17.067  53.197 0.0000000000
44143  35.867  -20.404  46.451 0.0000000000
66836  59.435  0.983  27.961 0.0000000000
55968  47.726  -10.010  44.656 0.0000000000
56029  51.598  -9.181  39.949 0.0000000000
58578  51.879  -6.207  35.112 0.0000000000
54018  47.075  -10.814  33.554 0.0000000000
54093  42.512  -11.110  27.466 0.0000000000
51813  41.842  -13.806  33.240 0.0000000000
43335  30.053  -20.782  33.984 0.0000000000
136067  31.575  -18.871  30.872 0.0000000000
71414  60.064  4.897  14.136 0.0000000000
71462  57.661  4.802  8.795 0.0000000000
46231  27.861  -18.617  37.768 0.0000000000
46209  24.891  -18.059  40.474 0.0000000000
47164  45.465  -17.059  43.428 0.0000000000
48439  40.645  -16.409  37.611 0.0000000000
45244  38.078  -18.970  41.989 0.0000000000
132273  32.804  -21.286  40.157 0.0000000000
66960  55.954  0.852  18.975 0.0000000000
48274  25.820  -15.929  56.212 0.0000000000
47078  21.098  -16.916  52.381 0.0000000000
73634  62.470  7.286  18.753 0.0000000000
72451  59.656  5.214  21.518 0.0000000000
65793  59.084  0.296  22.221 0.0000000000
63891  55.072  -2.027  23.719 0.0000000000
146667  49.859  -2.265  24.005 0.0000000000
66771  54.185  0.344  35.520 0.0000000000
62821  49.620  -3.747  30.614 0.0000000000
60899  45.010  -5.363  23.915 0.0000000000
56245  42.207  -9.540  22.006 0.0000000000
49683  36.390  -16.209  32.117 0.0000000000
48318  33.016  -16.025  53.029 0.0000000000
47093  30.667  -17.309  51.772 0.0000000000
49522  30.974  -14.847  53.620 0.0000000000
47088  34.884  -17.770  51.444 0.0000000000
50696  47.861  -13.119  42.031 0.0000000000
51770  49.979  -12.832  39.271 0.0000000000
53974  49.949  -10.794  37.027 0.0000000000
51794  47.070  -12.414  36.033 0.0000000000
52888  44.864  -12.315  33.253 0.0000000000
50731  44.071  -13.926  35.685 0.0000000000
44315  26.874  -21.008  33.582 0.0000000000
43361  28.255  -21.317  31.554 0.0000000000
71407  58.340  4.547  15.443 0.0000000000
70324  56.321  3.593  12.687 0.0000000000
70321  55.207  3.213  13.868 0.0000000000
152530  29.428  -18.809  40.672 0.0000000000
47227  26.079  -18.014  38.575 0.0000000000
46183  27.956  -17.837  41.875 0.0000000000
46116  25.839  -18.507  48.055 0.0000000000
46147  24.483  -18.678  45.296 0.0000000000
45198  23.249  -19.120  46.259 0.0000000000
132688  21.791  -19.019  46.760 0.0000000000
50670  45.409  -14.579  46.232 0.0000000000
47150  43.442  -17.728  45.751 0.0000000000
46176  42.196  -18.000  42.764 0.0000000000
45205  40.392  -19.366  45.625 0.0000000000
141486  32.690  -20.059  45.218 0.0000000000
132026  33.871  -20.984  42.987 0.0000000000
44181  31.647  -20.180  42.166 0.0000000000
44211  29.863  -20.107  38.867 0.0000000000
64863  55.246  -1.123  18.879 0.0000000000
144792  55.386  -0.838  17.300 0.0000000000
63965  54.156  -2.208  16.489 0.0000000000
47059  19.066  -17.070  53.536 0.0000000000
69126  60.167  2.357  21.633 0.0000000000
69098  61.006  2.476  23.384 0.0000000000
64783  58.063  -0.751  29.144 0.0000000000
64822  57.420  -0.689  25.627 0.0000000000
134177  55.855  -2.059  27.010 0.0000000000
63883  52.718  -2.379  23.874 0.0000000000
63839  52.927  -1.959  27.357 0.0000000000
57296  49.102  -7.239  31.618 0.0000000000
60816  50.594  -4.996  32.351 0.0000000000
59725  48.244  -6.380  29.685 0.0000000000
61849  47.659  -4.004  27.177 0.0000000000
59780  45.678  -7.152  26.341 0.0000000000
58734  43.245  -7.445  22.836 0.0000000000
56210  43.949  -9.630  25.025 0.0000000000
131093  40.487  -10.764  24.439 0.0000000000
47230  37.109  -16.832  37.808 0.0000000000
48471  38.097  -16.143  34.723 0.0000000000
47257  35.182  -16.828  34.637 0.0000000000
47336  31.834  -17.090  29.097 0.0000000000
72614  65.439  5.748  8.474 0.0000000000
134100  63.166  6.565  9.189 0.0000000000
45184  31.216  -18.868  47.161 0.0000000000
46134  29.090  -17.803  45.932 0.0000000000
150971  30.243  -18.084  49.076 0.0000000000
46084  28.002  -18.174  50.176 0.0000000000
45130  26.572  -18.917  51.078 0.0000000000
47115  39.490  -17.558  49.677 0.0000000000
45181  38.686  -19.783  47.784 0.0000000000
45136  37.161  -19.034  49.983 0.0000000000
44124  33.780  -19.549  48.676 0.0000000000
70150  60.524  3.369  26.528 0.0000000000
66789  57.102  0.380  32.578 0.0000000000
57179  51.854  -7.886  37.840 0.0000000000
55065  48.978  -9.358  34.502 0.0000000000
55112  46.539  -10.113  30.579 0.0000000000
55139  44.678  -10.511  27.322 0.0000000000
142019  44.907  -11.342  30.019 0.0000000000
52930  41.940  -12.001  29.926 0.0000000000
51849  39.401  -13.618  29.717 0.0000000000
44272  32.658  -20.704  35.404 0.0000000000
45333  33.255  -19.036  33.738 0.0000000000
44328  31.222  -20.440  32.607 0.0000000000
72565  61.108  5.621  13.231 0.0000000000
135110  60.511  6.231  10.303 0.0000000000
71438  58.369  4.869  11.397 0.0000000000
47161  26.000  -17.812  43.766 0.0000000000
50674  46.820  -13.909  44.481 0.0000000000
48413  46.184  -16.314  40.854 0.0000000000
48435  43.876  -15.780  37.966 0.0000000000
47196  43.120  -16.697  40.419 0.0000000000
47200  39.561  -17.205  40.614 0.0000000000
46213  36.495  -18.395  39.534 0.0000000000
44172  36.960  -20.372  43.873 0.0000000000
44194  35.846  -20.396  41.190 0.0000000000
44209  33.824  -20.832  38.344 0.0000000000
138560  31.466  -21.083  37.401 0.0000000000
44255  28.565  -19.900  35.753 0.0000000000
70275  55.458  3.106  18.626 0.0000000000
69190  53.613  1.939  15.774 0.0000000000
66993  54.293  0.317  16.604 0.0000000000
48306  27.827  -16.993  54.968 0.0000000000
46034  24.638  -18.383  53.096 0.0000000000
47026  23.210  -16.927  54.905 0.0000000000
46085  22.258  -18.028  50.486 0.0000000000
72538  63.157  5.844  15.321 0.0000000000
72526  61.426  5.888  16.479 0.0000000000
72513  59.782  6.075  17.425 0.0000000000
71372  57.790  5.319  19.164 0.0000000000
69152  57.137  2.467  20.446 0.0000000000
66930  57.687  -0.034  20.474 0.0000000000
64845  55.782  -1.219  20.856 0.0000000000
65772  59.589  0.562  24.935 0.0000000000
64839  56.476  -1.013  23.138 0.0000000000
63912  54.072  -2.343  21.306 0.0000000000
63905  52.554  -3.015  22.128 0.0000000000
62885  50.171  -2.867  22.036 0.0000000000
64738  55.005  -0.763  33.161 0.0000000000
62798  54.134  -3.468  34.795 0.0000000000
64747  52.206  -1.401  32.600 0.0000000000
144839  52.385  -1.747  30.090 0.0000000000
63841  50.157  -1.973  27.618 0.0000000000
145444  47.589  -2.976  24.239 0.0000000000
55164  42.991  -10.423  24.207 0.0000000000
49653  41.725  -15.786  35.420 0.0000000000
50756  39.151  -15.566  31.608 0.0000000000
138538  37.105  -14.890  29.308 0.0000000000
47292  33.852  -17.034  31.744 0.0000000000
49717  34.637  -15.312  29.398 0.0000000000
48319  32.137  -16.012  53.087 0.0000000000
50600  31.896  -13.874  53.480 0.0000000000
152717  48.250  -14.292  40.633 0.0000000000
51762  49.256  -13.106  40.529 0.0000000000
50714  48.600  -13.732  38.799 0.0000000000
51783  48.751  -12.640  37.435 0.0000000000
50724  46.698  -13.918  37.286 0.0000000000
51790  45.902  -13.496  36.216 0.0000000000
50722  45.818  -14.431  37.482 0.0000000000
71408  57.371  4.325  15.842 0.0000000000
70299  56.901  3.926  15.049 0.0000000000
70300  55.922  3.625  15.394 0.0000000000
45240  29.920  -18.639  42.237 0.0000000000
46197  28.592  -18.077  41.529 0.0000000000
46181  29.397  -18.113  42.805 0.0000000000
151508  24.632  -19.044  48.229 0.0000000000
45197  24.130  -19.022  46.723 0.0000000000
45186  23.407  -19.098  47.320 0.0000000000
45199  22.283  -19.208  46.142 0.0000000000
141849  22.415  -18.930  47.464 0.0000000000
49574  41.309  -15.598  48.677 0.0000000000
48372  42.119  -16.451  48.020 0.0000000000
48378  43.149  -16.438  47.248 0.0000000000
47144  42.636  -17.730  46.703 0.0000000000
45204  41.794  -18.606  45.574 0.0000000000
45191  41.049  -19.033  46.717 0.0000000000
45217  31.223  -19.176  44.850 0.0000000000
132256  32.277  -20.120  43.911 0.0000000000
44182  31.237  -19.613  42.829 0.0000000000
45247  30.330  -19.230  41.639 0.0000000000
133673  54.022  -1.989  19.000 0.0000000000
64864  54.642  -1.608  18.501 0.0000000000
63940  53.964  -2.201  18.141 0.0000000000
72425  60.800  5.056  23.958 0.0000000000
70197  61.025  3.521  23.007 0.0000000000
71269  61.063  3.670  24.579 0.0000000000
135517  57.054  -1.710  29.930 0.0000000000
63836  56.678  -1.785  27.913 0.0000000000
63819  56.073  -2.059  28.346 0.0000000000
63837  54.505  -2.194  27.418 0.0000000000
63821  54.499  -2.219  28.316 0.0000000000
57320  47.484  -8.047  29.900 0.0000000000
58624  48.615  -6.912  30.601 0.0000000000
152460  47.467  -7.199  29.078 0.0000000000
59762  46.798  -6.903  27.687 0.0000000000
57361  45.915  -8.386  27.004 0.0000000000
58698  44.619  -8.416  25.524 0.0000000000
56195  45.714  -9.315  27.169 0.0000000000
47232  35.660  -17.566  37.118 0.0000000000
48452  36.645  -16.453  36.174 0.0000000000
47245  34.931  -17.299  35.363 0.0000000000
73745  64.322  6.944  10.095 0.0000000000
73740  62.830  6.980  10.895 0.0000000000
46095  31.689  -18.713  49.281 0.0000000000
46111  30.702  -18.487  47.743 0.0000000000
133489  31.519  -18.382  50.042 0.0000000000
47075  29.633  -17.166  52.488 0.0000000000
46065  29.596  -17.579  51.336 0.0000000000
46066  28.853  -17.907  51.444 0.0000000000
45129  27.551  -18.477  50.959 0.0000000000
46047  27.739  -18.347  52.426 0.0000000000
144475  38.481  -16.874  50.410 0.0000000000
46078  38.314  -18.129  50.126 0.0000000000
47105  37.358  -17.612  50.758 0.0000000000
46061  33.642  -18.368  51.035 0.0000000000
45139  34.499  -19.187  50.009 0.0000000000
45156  33.063  -19.049  49.766 0.0000000000
45182  32.678  -19.422  47.758 0.0000000000
55997  50.587  -9.085  41.585 0.0000000000
58447  50.887  -7.326  41.637 0.0000000000
58484  51.466  -7.278  40.122 0.0000000000
59614  52.242  -6.450  38.966 0.0000000000
56042  51.700  -8.569  38.772 0.0000000000
54002  47.894  -10.678  34.745 0.0000000000
55041  49.755  -9.851  35.998 0.0000000000
54029  47.738  -10.102  33.658 0.0000000000
55096  47.888  -9.371  32.417 0.0000000000
54047  46.654  -10.760  31.913 0.0000000000
54057  45.929  -10.944  30.604 0.0000000000
52904  45.924  -11.402  31.988 0.0000000000
51818  43.121  -12.822  33.067 0.0000000000
52908  42.814  -12.298  31.449 0.0000000000
133835  41.359  -13.105  31.574 0.0000000000
52922  40.691  -12.825  30.267 0.0000000000
51830  40.566  -13.827  31.425 0.0000000000
43320  31.160  -21.020  35.175 0.0000000000
44309  32.174  -20.356  33.735 0.0000000000
44291  30.718  -20.803  33.773 0.0000000000
71423  60.935  5.183  13.829 0.0000000000
72578  60.025  5.615  12.288 0.0000000000
139166  58.912  4.621  12.854 0.0000000000
70332  55.952  3.712  11.185 0.0000000000
46266  26.598  -18.843  35.735 0.0000000000
46249  25.998  -18.602  36.465 0.0000000000
47146  28.473  -17.641  46.554 0.0000000000
47159  27.428  -17.581  44.483 0.0000000000
47153  26.606  -17.698  45.053 0.0000000000
45231  23.158  -19.487  43.624 0.0000000000
46172  23.815  -18.963  43.047 0.0000000000
48392  45.797  -15.949  45.236 0.0000000000
50676  46.132  -14.480  45.610 0.0000000000
153315  46.719  -15.393  44.271 0.0000000000
49614  47.281  -15.235  43.083 0.0000000000
47182  45.830  -16.942  42.070 0.0000000000
47194  44.768  -16.822  41.018 0.0000000000
47174  44.403  -17.256  42.406 0.0000000000
46178  40.513  -18.301  42.571 0.0000000000
46191  41.007  -17.872  42.004 0.0000000000
46193  39.344  -18.118  41.775 0.0000000000
47202  37.865  -17.538  40.236 0.0000000000
46195  37.717  -18.571  41.340 0.0000000000
141330  37.152  -20.363  46.678 0.0000000000
157091  38.629  -20.148  46.085 0.0000000000
44151  36.652  -20.440  45.427 0.0000000000
43209  33.578  -21.109  41.541 0.0000000000
156101  34.673  -21.037  41.802 0.0000000000
43218  33.735  -21.155  40.597 0.0000000000
44201  34.669  -20.656  39.439 0.0000000000
43241  33.323  -21.171  38.837 0.0000000000
43268  32.331  -21.094  37.704 0.0000000000
43243  31.690  -21.168  38.896 0.0000000000
45269  29.292  -19.558  38.487 0.0000000000
44231  29.551  -20.292  37.163 0.0000000000
45305  28.011  -19.121  36.226 0.0000000000
68052  55.571  1.671  18.945 0.0000000000
68061  54.723  1.269  17.727 0.0000000000
66961  55.077  0.560  17.927 0.0000000000
65880  55.539  -1.079  16.898 0.0000000000
48290  26.329  -16.625  55.633 0.0000000000
46018  26.418  -18.187  54.086 0.0000000000
47038  25.369  -17.820  54.646 0.0000000000
47042  21.424  -16.436  53.986 0.0000000000
47041  22.259  -17.014  53.679 0.0000000000
137783  23.322  -17.947  52.893 0.0000000000
47095  21.510  -17.488  50.965 0.0000000000
46102  20.977  -18.038  49.267 0.0000000000
46087  20.216  -17.910  50.029 0.0000000000
73686  64.381  6.974  14.670 0.0000000000
72511  62.829  6.645  16.530 0.0000000000
131790  61.792  6.411  17.161 0.0000000000
72527  60.365  5.655  16.442 0.0000000000
72499  61.378  6.609  18.102 0.0000000000
72465  59.297  5.807  20.711 0.0000000000
72483  59.141  6.091  19.759 0.0000000000
71348  58.120  4.591  20.695 0.0000000000
71363  57.346  4.525  19.937 0.0000000000
70248  58.705  3.802  21.273 0.0000000000
66908  59.604  0.813  21.957 0.0000000000
137169  58.600  1.491  20.985 0.0000000000
65806  58.281  0.146  21.094 0.0000000000
65807  57.096  -0.513  20.429 0.0000000000
64840  56.925  -0.689  21.653 0.0000000000
151020  60.182  2.160  27.206 0.0000000000
67952  60.256  1.760  26.281 0.0000000000
65750  59.786  0.950  26.817 0.0000000000
63878  56.261  -1.450  24.858 0.0000000000
141713  57.026  -0.807  24.694 0.0000000000
149792  55.707  -1.535  23.431 0.0000000000
63901  55.815  -1.323  22.530 0.0000000000
63903  54.497  -2.366  22.528 0.0000000000
62905  53.426  -2.733  21.289 0.0000000000
148985  53.993  -2.680  22.849 0.0000000000
139708  51.910  -1.994  24.539 0.0000000000
63895  51.347  -2.613  23.207 0.0000000000
63896  50.402  -2.510  23.342 0.0000000000
63898  48.897  -2.672  23.038 0.0000000000
65682  54.438  -0.001  34.352 0.0000000000
136176  53.186  -5.602  36.408 0.0000000000
61782  54.271  -4.324  36.578 0.0000000000
60778  52.942  -5.078  35.258 0.0000000000
61821  49.894  -4.767  31.533 0.0000000000
61809  51.599  -4.202  32.697 0.0000000000
63777  51.087  -2.669  31.695 0.0000000000
64770  52.161  -1.521  31.001 0.0000000000
63803  50.604  -2.242  30.001 0.0000000000
64796  51.495  -1.783  28.905 0.0000000000
63825  49.613  -2.506  28.502 0.0000000000
61860  46.380  -4.870  25.545 0.0000000000
62865  47.355  -3.638  25.715 0.0000000000
61877  46.084  -4.062  23.815 0.0000000000
62879  46.696  -3.476  23.237 0.0000000000
61884  45.195  -4.475  22.207 0.0000000000
61885  44.534  -5.050  22.105 0.0000000000
140400  42.908  -8.395  22.635 0.0000000000
58750  42.764  -7.394  21.926 0.0000000000
54092  43.447  -10.867  27.361 0.0000000000
55148  43.926  -10.380  26.207 0.0000000000
54104  42.798  -10.699  26.096 0.0000000000
132265  40.128  -10.556  22.627 0.0000000000
142137  42.060  -16.388  37.847 0.0000000000
49649  42.584  -15.860  36.417 0.0000000000
48447  41.546  -16.230  36.565 0.0000000000
48489  37.546  -16.237  33.031 0.0000000000
49672  38.840  -16.142  33.205 0.0000000000
49681  38.162  -16.146  32.200 0.0000000000
50765  38.225  -15.312  30.414 0.0000000000
49704  36.500  -15.783  30.573 0.0000000000
46312  32.596  -18.660  32.057 0.0000000000
134085  33.672  -17.729  32.772 0.0000000000
47312  32.922  -17.989  31.656 0.0000000000
48536  32.923  -15.747  29.002 0.0000000000
50795  34.843  -14.595  28.015 0.0000000000
71450  58.311  5.222  9.352 0.0000000000
72619  60.071  5.734  8.728 0.0000000000
68093  52.846  1.200  14.478 0.0000000000
47071  32.887  -17.186  52.161 0.0000000000
46063  31.824  -17.969  51.177 0.0000000000
47072  32.026  -17.099  52.212 0.0000000000
48338  30.795  -16.503  52.676 0.0000000000
48321  30.332  -16.108  53.160 0.0000000000
48334  34.202  -16.553  52.307 0.0000000000
53863  48.175  -11.407  42.750 0.0000000000
54931  48.841  -9.900  43.670 0.0000000000
53882  49.060  -11.221  41.979 0.0000000000
53897  50.069  -11.096  41.122 0.0000000000
54979  51.292  -10.381  40.400 0.0000000000
55002  51.353  -10.152  38.501 0.0000000000
52834  50.261  -11.930  38.086 0.0000000000
51788  48.437  -12.019  36.629 0.0000000000
52874  47.139  -11.512  34.767 0.0000000000
52887  45.727  -12.038  33.394 0.0000000000
51802  46.173  -12.461  35.012 0.0000000000
51804  44.578  -12.995  34.627 0.0000000000
51805  42.933  -13.795  34.489 0.0000000000
44313  28.342  -20.606  33.559 0.0000000000
136234  29.123  -20.867  32.821 0.0000000000
43348  28.165  -21.058  32.616 0.0000000000
155941  58.806  4.530  14.960 0.0000000000
71425  58.652  4.308  13.683 0.0000000000
71426  57.823  3.925  13.831 0.0000000000
70320  56.211  3.523  13.564 0.0000000000
46214  28.362  -18.474  39.596 0.0000000000
46222  27.363  -18.217  38.325 0.0000000000
46208  27.783  -18.078  40.178 0.0000000000
47203  27.134  -17.809  40.732 0.0000000000
47191  26.431  -17.738  41.304 0.0000000000
46125  26.406  -18.135  47.470 0.0000000000
46145  26.012  -18.030  45.812 0.0000000000
46137  25.437  -18.373  46.433 0.0000000000
45210  23.635  -19.057  45.368 0.0000000000
139057  21.192  -19.748  45.467 0.0000000000
48385  44.842  -16.103  46.106 0.0000000000
47157  44.328  -17.385  44.645 0.0000000000
46174  43.847  -17.584  43.032 0.0000000000
46152  42.708  -18.159  44.372 0.0000000000
45225  41.155  -18.753  44.018 0.0000000000
45227  39.472  -19.200  43.666 0.0000000000
44154  33.862  -20.366  45.545 0.0000000000
43184  34.602  -20.718  44.459 0.0000000000
43191  33.084  -20.504  43.909 0.0000000000
43199  32.867  -20.847  42.566 0.0000000000
43220  31.701  -20.879  40.776 0.0000000000
43244  30.991  -20.971  39.216 0.0000000000
136313  30.701  -20.371  40.008 0.0000000000
45256  29.771  -19.344  40.109 0.0000000000
65845  55.678  -0.564  18.510 0.0000000000
65865  55.247  -0.193  17.796 0.0000000000
65846  55.302  -1.068  18.052 0.0000000000
156520  54.633  -1.749  16.944 0.0000000000
48307  20.494  -16.261  54.299 0.0000000000
47079  20.079  -16.972  52.414 0.0000000000
46088  19.420  -18.384  50.584 0.0000000000
46052  18.728  -18.109  52.239 0.0000000000
71316  60.599  4.478  22.429 0.0000000000
70247  59.630  2.939  21.462 0.0000000000
70223  60.845  3.566  22.353 0.0000000000
69111  60.875  2.201  22.403 0.0000000000
136576  60.275  0.983  22.975 0.0000000000
65736  58.667  0.122  28.853 0.0000000000
65751  58.855  0.279  27.347 0.0000000000
63834  57.597  -0.939  27.988 0.0000000000
63850  56.763  -1.466  26.627 0.0000000000
63866  55.298  -2.012  25.238 0.0000000000
63882  53.641  -2.351  24.030 0.0000000000
139710  53.991  -2.068  24.961 0.0000000000
133056  53.165  -1.926  25.621 0.0000000000
134211  51.391  -1.716  25.458 0.0000000000
57251  50.471  -6.929  33.532 0.0000000000
59695  51.197  -5.639  33.435 0.0000000000
153462  49.965  -6.169  32.234 0.0000000000
136739  49.407  -5.784  31.156 0.0000000000
156444  49.198  -4.818  30.324 0.0000000000
61834  48.370  -4.318  28.813 0.0000000000
60848  47.976  -5.306  28.742 0.0000000000
60872  46.722  -5.618  26.727 0.0000000000
60884  45.439  -6.168  25.434 0.0000000000
60900  44.369  -5.968  23.464 0.0000000000
59800  44.383  -7.242  24.667 0.0000000000
58718  43.827  -8.048  24.125 0.0000000000
145916  43.351  -9.606  23.533 0.0000000000
131444  40.791  -11.455  27.304 0.0000000000
54114  40.943  -10.772  25.312 0.0000000000
146977  40.239  -11.159  25.889 0.0000000000
151688  38.683  -11.026  24.329 0.0000000000
55191  37.674  -10.864  22.774 0.0000000000
48440  39.333  -16.303  37.696 0.0000000000
135276  39.902  -16.213  36.346 0.0000000000
48450  38.399  -16.144  36.499 0.0000000000
48472  36.939  -16.210  34.653 0.0000000000
131331  35.949  -16.364  32.951 0.0000000000
47337  31.601  -17.882  29.626 0.0000000000
144740  31.308  -17.709  28.962 0.0000000000
150570  65.531  6.631  9.425 0.0000000000
72616  63.709  6.183  8.406 0.0000000000
147346  62.381  5.701  7.702 0.0000000000
45208  30.842  -18.813  45.585 0.0000000000
46155  29.560  -18.076  44.547 0.0000000000
46132  30.422  -18.470  46.205 0.0000000000
47145  29.300  -17.848  46.843 0.0000000000
47126  28.750  -17.675  48.301 0.0000000000
46082  30.745  -18.029  50.359 0.0000000000
144594  28.839  -17.764  49.788 0.0000000000
46113  28.056  -17.784  48.792 0.0000000000
132190  26.802  -18.330  48.903 0.0000000000
152499  25.762  -18.939  49.515 0.0000000000
45145  25.398  -19.104  50.235 0.0000000000
47124  40.541  -17.911  48.758 0.0000000000
45166  39.960  -19.273  47.867 0.0000000000
46093  38.938  -18.856  49.207 0.0000000000
45169  37.720  -19.764  48.541 0.0000000000
44121  36.422  -20.146  48.076 0.0000000000
46080  35.934  -18.423  50.729 0.0000000000
44114  35.352  -19.854  48.941 0.0000000000
44133  34.831  -20.185  47.478 0.0000000000
133216  33.325  -19.904  47.245 0.0000000000
45194  32.524  -19.535  46.901 0.0000000000
63929  52.841  -2.744  19.069 0.0000000000
63951  52.616  -2.834  17.394 0.0000000000
62963  51.871  -3.179  16.744 0.0000000000
71260  60.678  3.874  25.957 0.0000000000
67923  58.844  1.513  29.389 0.0000000000
66821  58.493  0.488  29.763 0.0000000000
65714  57.619  -0.315  30.874 0.0000000000
63773  56.890  -0.987  31.038 0.0000000000
59646  53.233  -5.878  37.587 0.0000000000
58565  51.632  -7.280  35.847 0.0000000000
55023  51.234  -9.223  37.439 0.0000000000
56083  50.689  -8.741  35.990 0.0000000000
57237  50.627  -7.353  34.283 0.0000000000
57252  49.328  -7.833  33.071 0.0000000000
56159  47.355  -8.989  30.813 0.0000000000
56172  46.527  -9.500  29.517 0.0000000000
56189  45.480  -10.007  27.370 0.0000000000
55123  45.902  -10.344  29.289 0.0000000000
140305  44.927  -10.915  28.667 0.0000000000
54071  43.608  -11.448  28.997 0.0000000000
52906  44.558  -11.834  31.533 0.0000000000
54060  43.552  -11.693  29.900 0.0000000000
54083  42.128  -11.418  28.208 0.0000000000
52940  40.951  -12.083  29.127 0.0000000000
52942  39.422  -12.605  28.537 0.0000000000
51867  38.216  -12.967  28.023 0.0000000000
45304  33.923  -19.805  35.929 0.0000000000
46265  34.094  -18.614  35.169 0.0000000000
142940  33.347  -19.473  34.460 0.0000000000
45340  32.615  -19.637  33.273 0.0000000000
45356  31.241  -19.648  31.309 0.0000000000
44330  29.770  -20.782  32.238 0.0000000000
45357  30.334  -20.133  31.021 0.0000000000
72575  62.587  6.183  12.990 0.0000000000
73728  61.989  6.726  11.446 0.0000000000
72586  60.507  6.124  11.728 0.0000000000
71437  59.064  5.408  10.931 0.0000000000
71451  57.569  4.794  9.768 0.0000000000
71439  57.791  4.261  11.844 0.0000000000
147645  56.644  4.129  10.779 0.0000000000
47166  28.131  -17.667  43.956 0.0000000000
47168  26.663  -17.627  43.209 0.0000000000
47179  25.592  -17.870  41.918 0.0000000000
46158  25.480  -18.075  44.347 0.0000000000
46184  25.021  -18.088  42.715 0.0000000000
53846  46.986  -11.576  43.574 0.0000000000
51729  47.286  -13.653  43.144 0.0000000000
49622  47.774  -14.697  41.918 0.0000000000
49631  46.539  -15.466  39.517 0.0000000000
49637  45.351  -15.398  38.657 0.0000000000
48419  45.069  -16.026  39.829 0.0000000000
48421  43.523  -16.105  39.194 0.0000000000
47221  41.669  -16.453  39.249 0.0000000000
46189  42.675  -17.484  42.146 0.0000000000
47198  41.810  -17.004  40.809 0.0000000000
48422  39.844  -16.497  39.215 0.0000000000
47223  38.133  -16.734  38.919 0.0000000000
47225  36.620  -17.427  38.309 0.0000000000
46220  35.643  -18.608  38.344 0.0000000000
45193  39.785  -19.666  46.175 0.0000000000
44161  38.482  -20.036  44.602 0.0000000000
44170  37.959  -19.777  43.190 0.0000000000
146664  35.645  -20.809  43.537 0.0000000000
44180  36.373  -20.409  42.462 0.0000000000
44186  36.969  -20.034  42.029 0.0000000000
45254  36.008  -19.993  40.338 0.0000000000
45268  35.360  -19.354  38.727 0.0000000000
45282  34.576  -19.639  37.505 0.0000000000
44251  33.644  -20.363  36.598 0.0000000000
43305  32.105  -21.009  36.004 0.0000000000
43307  30.610  -20.979  35.680 0.0000000000
44210  30.417  -20.670  38.377 0.0000000000
44253  30.086  -20.782  36.889 0.0000000000
44274  29.092  -20.457  35.213 0.0000000000
44293  28.074  -20.158  34.236 0.0000000000
135165  55.867  3.815  18.153 0.0000000000
70301  55.102  3.207  15.879 0.0000000000
69173  54.536  2.227  17.275 0.0000000000
153867  54.871  -0.173  17.162 0.0000000000
65881  55.046  -0.463  16.789 0.0000000000
63976  53.355  -2.687  15.811 0.0000000000
51642  31.341  -13.539  53.705 0.0000000000
49523  30.167  -15.090  53.922 0.0000000000
48304  29.237  -16.157  54.148 0.0000000000
49513  28.348  -15.207  55.215 0.0000000000
47035  28.247  -17.255  54.210 0.0000000000
46032  26.654  -18.346  53.382 0.0000000000
45124  25.550  -18.877  52.244 0.0000000000
132638  24.428  -18.974  51.043 0.0000000000
48292  24.526  -16.706  55.663 0.0000000000
46021  24.037  -18.070  53.604 0.0000000000
46068  23.675  -18.608  51.109 0.0000000000
45161  23.371  -18.869  49.700 0.0000000000
45176  22.155  -18.647  48.248 0.0000000000
73709  64.818  6.943  13.297 0.0000000000
72562  63.430  5.670  13.906 0.0000000000
72550  62.773  5.336  14.330 0.0000000000
71413  61.411  4.941  14.628 0.0000000000
73657  63.326  6.998  16.313 0.0000000000
134914  62.627  5.883  15.932 0.0000000000
71405  60.886  4.918  15.186 0.0000000000
71393  59.601  5.233  16.065 0.0000000000
132396  58.774  5.052  16.113 0.0000000000
71395  58.161  5.181  17.013 0.0000000000
136420  59.840  6.424  19.209 0.0000000000
72502  58.385  5.693  18.596 0.0000000000
71383  57.240  4.848  17.739 0.0000000000
70273  56.679  4.231  19.365 0.0000000000
69153  56.303  2.554  19.887 0.0000000000
68045  56.074  1.634  19.540 0.0000000000
69137  58.691  2.614  21.147 0.0000000000
68038  57.671  1.486  20.524 0.0000000000
66947  56.639  0.696  19.588 0.0000000000
65824  56.571  -0.683  19.799 0.0000000000
64852  55.971  -1.112  20.023 0.0000000000
63917  55.134  -1.426  20.334 0.0000000000
69080  60.752  2.621  25.130 0.0000000000
66863  60.623  1.341  24.163 0.0000000000
65782  59.197  0.185  23.792 0.0000000000
65767  58.498  -0.001  25.066 0.0000000000
65774  58.531  -0.032  24.288 0.0000000000
64834  57.732  -0.308  23.099 0.0000000000
64841  56.328  -0.990  21.889 0.0000000000
63911  54.888  -1.772  21.296 0.0000000000
63918  54.279  -1.962  20.509 0.0000000000
151454  53.061  -2.776  20.676 0.0000000000
150907  51.973  -2.909  20.166 0.0000000000
63894  52.416  -2.751  23.042 0.0000000000
62893  51.318  -2.916  21.200 0.0000000000
65679  56.745  -0.161  33.290 0.0000000000
63775  55.922  -1.382  31.411 0.0000000000
63745  54.201  -1.680  35.299 0.0000000000
60802  52.384  -4.752  33.889 0.0000000000
63759  53.390  -2.798  33.870 0.0000000000
64729  53.176  -0.844  33.794 0.0000000000
155401  53.061  -0.453  32.867 0.0000000000
64757  53.221  -1.228  31.312 0.0000000000
63786  54.088  -1.940  30.230 0.0000000000
63823  52.760  -1.873  28.312 0.0000000000
63840  51.125  -1.735  27.069 0.0000000000
63867  50.307  -1.782  25.665 0.0000000000
153255  48.763  -2.932  27.540 0.0000000000
63857  48.766  -2.562  26.226 0.0000000000
147526  49.151  -2.310  24.716 0.0000000000
154060  48.012  -2.779  23.036 0.0000000000
59819  43.389  -6.545  22.263 0.0000000000
58782  42.712  -6.882  19.600 0.0000000000
56197  44.658  -10.057  26.480 0.0000000000
56211  43.615  -9.925  24.482 0.0000000000
56222  42.874  -10.124  23.178 0.0000000000
137373  41.345  -10.669  24.487 0.0000000000
144258  41.757  -10.367  22.473 0.0000000000
49647  44.018  -14.971  36.859 0.0000000000
50732  43.049  -14.618  35.409 0.0000000000
50739  41.719  -14.836  34.372 0.0000000000
48469  40.175  -16.073  34.925 0.0000000000
49670  40.319  -15.401  33.520 0.0000000000
141426  40.136  -14.955  32.218 0.0000000000
50773  39.093  -14.580  30.294 0.0000000000
50783  37.797  -14.493  29.253 0.0000000000
51861  37.167  -13.840  28.302 0.0000000000
135418  34.157  -17.588  33.940 0.0000000000
47274  34.274  -17.258  33.094 0.0000000000
48491  35.466  -16.354  32.173 0.0000000000
47326  33.034  -16.833  30.445 0.0000000000
48521  34.341  -16.124  30.740 0.0000000000
49705  35.589  -15.802  30.502 0.0000000000
49716  35.564  -15.320  29.578 0.0000000000
140022  36.192  -14.502  28.470 0.0000000000
72604  61.221  6.375  9.729 0.0000000000
72618  60.900  6.064  8.759 0.0000000000
71470  60.784  4.889  7.075 0.0000000000
146954  53.808  2.437  14.961 0.0000000000
49635  47.388  -14.953  39.286 0.0000000000
50707  48.438  -14.200  39.908 0.0000000000
50715  47.393  -14.462  38.526 0.0000000000
150049  48.078  -13.928  38.309 0.0000000000
50716  46.660  -14.485  37.998 0.0000000000
71409  56.555  3.984  15.817 0.0000000000
45230  30.104  -18.547  43.134 0.0000000000
135812  24.453  -19.086  48.902 0.0000000000
45174  23.947  -19.100  48.205 0.0000000000
45175  23.082  -19.035  48.235 0.0000000000
48373  41.388  -16.522  48.419 0.0000000000
47122  41.922  -17.123  47.996 0.0000000000
48379  42.503  -16.746  47.558 0.0000000000
46119  41.994  -18.117  47.011 0.0000000000
46120  41.197  -18.533  47.306 0.0000000000
151913  30.850  -19.014  44.225 0.0000000000
44174  31.485  -19.531  43.881 0.0000000000
45229  30.755  -19.055  43.454 0.0000000000
45239  30.575  -19.116  42.526 0.0000000000
71283  61.038  4.275  24.276 0.0000000000
72409  60.667  4.778  24.789 0.0000000000
134530  56.336  -1.956  29.993 0.0000000000
156819  56.753  -1.914  29.426 0.0000000000
132331  56.105  -2.066  29.191 0.0000000000
63820  55.310  -2.197  28.785 0.0000000000
57340  46.798  -8.509  28.802 0.0000000000
57339  47.257  -7.903  29.256 0.0000000000
58657  47.011  -7.802  28.633 0.0000000000
58673  46.715  -7.743  27.984 0.0000000000
57353  46.239  -8.584  27.580 0.0000000000
46245  35.061  -18.067  36.711 0.0000000000
47237  35.395  -17.275  36.193 0.0000000000
47246  34.786  -17.925  35.922 0.0000000000
73725  64.462  7.197  11.890 0.0000000000
73739  64.098  7.097  11.283 0.0000000000
73727  63.405  6.942  11.654 0.0000000000
45157  32.299  -18.736  49.877 0.0000000000
45142  32.118  -18.345  50.550 0.0000000000
46045  29.276  -17.616  52.015 0.0000000000
47076  28.950  -17.601  52.747 0.0000000000
46046  28.537  -18.077  52.224 0.0000000000
46030  28.253  -18.083  52.993 0.0000000000
48344  38.241  -16.065  50.718 0.0000000000
48357  37.813  -16.933  50.898 0.0000000000
47086  37.026  -17.035  51.197 0.0000000000
45141  32.930  -18.604  50.441 0.0000000000
45140  33.722  -18.925  50.279 0.0000000000
135908  32.506  -19.105  49.190 0.0000000000
57129  50.876  -8.680  41.067 0.0000000000
147283  50.784  -7.833  41.915 0.0000000000
57128  51.258  -8.095  40.497 0.0000000000
58464  51.000  -7.366  40.829 0.0000000000
151740  51.576  -7.789  39.865 0.0000000000
57142  51.727  -7.846  39.329 0.0000000000
57155  51.664  -8.548  39.355 0.0000000000
52884  47.345  -10.941  34.346 0.0000000000
54016  48.064  -10.266  34.426 0.0000000000
54017  47.516  -10.505  33.989 0.0000000000
54030  47.307  -10.452  33.204 0.0000000000
54031  46.872  -10.788  32.750 0.0000000000
54048  46.191  -11.054  31.492 0.0000000000
54032  46.428  -11.134  32.321 0.0000000000
135130  42.347  -13.111  32.797 0.0000000000
51829  42.166  -12.816  31.986 0.0000000000
51819  41.614  -13.459  32.445 0.0000000000
51820  41.044  -13.812  32.093 0.0000000000
43321  30.489  -20.967  34.732 0.0000000000
150513  60.065  5.146  13.512 0.0000000000
71424  59.411  4.777  13.586 0.0000000000
46247  27.629  -18.669  36.882 0.0000000000
46232  27.135  -18.290  37.423 0.0000000000
47147  27.661  -17.632  46.277 0.0000000000
47152  27.512  -17.598  45.386 0.0000000000
47148  26.834  -17.780  46.012 0.0000000000
45241  23.185  -19.427  42.676 0.0000000000
134647  45.563  -16.462  44.805 0.0000000000
48397  46.211  -16.081  44.426 0.0000000000
136354  46.119  -16.516  43.604 0.0000000000
157443  46.477  -16.324  43.046 0.0000000000
47173  45.252  -17.135  42.625 0.0000000000
46180  38.841  -18.627  42.280 0.0000000000
46194  38.499  -18.274  41.616 0.0000000000
139518  36.457  -20.366  46.792 0.0000000000
44142  36.564  -20.435  46.157 0.0000000000
44152  35.921  -20.509  45.676 0.0000000000
156685  33.041  -21.187  40.995 0.0000000000
43227  33.521  -21.227  39.644 0.0000000000
151756  32.861  -21.293  39.345 0.0000000000
43242  32.460  -21.208  38.639 0.0000000000
153869  32.224  -21.262  39.464 0.0000000000
45270  28.592  -19.068  38.127 0.0000000000
45284  28.339  -19.122  37.203 0.0000000000
154299  27.459  -18.727  36.314 0.0000000000
68053  55.307  1.118  18.404 0.0000000000
49501  26.336  -15.307  56.218 0.0000000000
47023  25.849  -17.283  55.175 0.0000000000
48291  25.411  -16.721  55.728 0.0000000000
47057  21.360  -16.700  53.174 0.0000000000
132898  21.997  -17.156  52.737 0.0000000000
47077  21.750  -17.293  51.857 0.0000000000
47107  20.679  -17.537  50.646 0.0000000000
151068  64.441  8.362  15.314 0.0000000000
75833  64.262  8.729  15.832 0.0000000000
153415  62.505  7.231  18.069 0.0000000000
72497  62.469  6.949  17.443 0.0000000000
72498  62.041  6.763  17.810 0.0000000000
72481  61.809  6.805  18.804 0.0000000000
71347  58.897  4.898  21.190 0.0000000000
66909  58.918  0.459  21.596 0.0000000000
65794  58.343  -0.036  21.802 0.0000000000
65795  57.553  -0.346  21.231 0.0000000000
67937  59.906  1.820  27.606 0.0000000000
145501  59.982  1.319  26.872 0.0000000000
66842  59.649  0.990  27.417 0.0000000000
136373  55.689  -1.685  24.221 0.0000000000
134978  55.056  -1.970  22.945 0.0000000000
63892  54.536  -2.366  23.254 0.0000000000
144095  50.930  -2.124  24.002 0.0000000000
63897  49.618  -2.536  23.425 0.0000000000
66780  54.384  0.370  34.950 0.0000000000
132465  52.381  -6.025  35.696 0.0000000000
60766  53.452  -5.123  35.963 0.0000000000
59688  51.982  -5.673  34.639 0.0000000000
62820  49.949  -3.935  31.282 0.0000000000
63788  49.980  -3.102  30.613 0.0000000000
63787  50.548  -2.726  31.020 0.0000000000
63804  49.724  -2.957  30.030 0.0000000000
63824  50.222  -2.254  29.164 0.0000000000
63805  49.449  -2.970  29.432 0.0000000000
60892  45.868  -5.035  25.009 0.0000000000
61870  46.263  -4.384  24.719 0.0000000000
61871  45.634  -4.816  24.309 0.0000000000
61878  45.423  -4.603  23.348 0.0000000000
60906  44.742  -5.161  22.940 0.0000000000
57410  42.679  -9.269  22.441 0.0000000000
57426  42.525  -8.410  22.003 0.0000000000
57427  42.204  -8.791  21.598 0.0000000000
54103  43.500  -10.621  26.503 0.0000000000
149383  42.889  -10.830  26.848 0.0000000000
48429  41.289  -16.452  38.315 0.0000000000
48438  41.432  -16.377  37.300 0.0000000000
48490  36.747  -16.266  32.786 0.0000000000
49682  37.288  -16.189  32.114 0.0000000000
49693  37.950  -15.933  31.269 0.0000000000
49694  36.924  -16.038  31.302 0.0000000000
46322  32.277  -18.413  31.260 0.0000000000
70351  57.130  4.339  8.187 0.0000000000
48335  33.362  -16.578  52.472 0.0000000000
48336  32.527  -16.570  52.600 0.0000000000
49538  31.575  -15.382  53.314 0.0000000000
48320  31.212  -16.003  53.043 0.0000000000
49539  30.666  -15.492  53.403 0.0000000000
49549  33.802  -15.966  52.707 0.0000000000
47070  33.734  -17.232  52.086 0.0000000000
52753  47.827  -12.233  42.512 0.0000000000
52752  48.458  -11.678  42.262 0.0000000000
52770  48.769  -11.918  41.750 0.0000000000
51761  49.931  -12.724  40.073 0.0000000000
52786  49.837  -11.768  40.932 0.0000000000
52804  50.361  -11.971  40.333 0.0000000000
53896  50.805  -10.842  40.884 0.0000000000
52803  50.866  -11.733  39.718 0.0000000000
52819  50.852  -11.738  39.015 0.0000000000
139113  50.330  -12.205  38.817 0.0000000000
137863  47.980  -12.708  36.953 0.0000000000
51793  47.743  -12.159  36.296 0.0000000000
52865  48.088  -11.536  35.889 0.0000000000
52867  46.827  -12.119  35.249 0.0000000000
52875  46.602  -11.837  34.475 0.0000000000
50730  45.037  -13.696  35.995 0.0000000000
51797  44.796  -13.294  35.306 0.0000000000
156506  44.124  -13.422  35.076 0.0000000000
150821  43.776  -13.270  34.536 0.0000000000
50737  43.550  -13.773  35.073 0.0000000000
44314  27.604  -20.800  33.329 0.0000000000
43349  27.348  -21.279  32.906 0.0000000000
71416  58.342  4.202  14.586 0.0000000000
153459  57.584  3.929  14.550 0.0000000000
70312  56.050  3.547  14.483 0.0000000000
70311  56.968  3.754  14.119 0.0000000000
69201  54.379  2.863  13.184 0.0000000000
45257  29.103  -18.899  39.888 0.0000000000
46207  28.644  -18.341  40.592 0.0000000000
46198  27.904  -17.953  41.096 0.0000000000
47190  27.249  -17.703  41.650 0.0000000000
47204  26.350  -17.802  40.354 0.0000000000
137006  25.635  -18.433  47.239 0.0000000000
45209  24.048  -18.965  45.980 0.0000000000
45220  23.354  -19.278  44.577 0.0000000000
45211  22.696  -19.382  45.354 0.0000000000
45222  21.825  -20.124  44.259 0.0000000000
44158  20.492  -20.461  45.450 0.0000000000
45201  20.643  -19.760  46.098 0.0000000000
50663  43.744  -14.664  47.417 0.0000000000
48387  43.556  -16.791  46.668 0.0000000000
48377  43.803  -16.117  47.001 0.0000000000
47142  43.997  -17.176  46.001 0.0000000000
48394  44.526  -16.656  45.835 0.0000000000
157020  43.913  -17.547  45.270 0.0000000000
46151  43.559  -17.881  44.635 0.0000000000
157564  43.464  -17.867  45.260 0.0000000000
147279  41.106  -19.063  45.346 0.0000000000
45213  41.470  -18.769  44.765 0.0000000000
45214  40.594  -19.153  44.726 0.0000000000
45226  40.321  -19.024  43.855 0.0000000000
45215  39.729  -19.364  44.428 0.0000000000
44155  33.169  -20.120  45.749 0.0000000000
43179  34.013  -20.604  44.905 0.0000000000
44164  33.321  -20.376  44.879 0.0000000000
135472  31.915  -20.123  43.061 0.0000000000
44173  32.632  -20.495  43.145 0.0000000000
43200  32.322  -20.587  42.379 0.0000000000
43211  32.017  -20.758  41.565 0.0000000000
44189  31.354  -20.330  41.327 0.0000000000
149509  31.137  -20.511  40.637 0.0000000000
45248  29.711  -18.742  41.418 0.0000000000
45255  30.034  -19.310  40.849 0.0000000000
63950  54.068  -2.145  17.207 0.0000000000
64876  54.811  -1.615  17.567 0.0000000000
63975  54.370  -2.412  15.789 0.0000000000
48324  19.692  -16.515  53.852 0.0000000000
47058  19.825  -16.718  53.118 0.0000000000
47080  19.082  -17.350  52.764 0.0000000000
47097  19.405  -17.433  51.993 0.0000000000
71315  60.989  3.907  22.816 0.0000000000
69109  61.008  3.080  23.106 0.0000000000
69110  60.999  2.677  22.765 0.0000000000
68005  61.016  1.991  23.017 0.0000000000
68006  60.640  1.591  22.658 0.0000000000
66875  60.719  1.419  23.384 0.0000000000
64766  58.340  -0.336  29.345 0.0000000000
64782  58.467  -0.269  28.670 0.0000000000
64795  58.108  -0.647  28.421 0.0000000000
157488  56.142  -2.023  27.627 0.0000000000
146251  56.544  -1.814  27.133 0.0000000000
63851  56.277  -1.786  26.375 0.0000000000
63865  55.987  -1.791  25.539 0.0000000000
63852  55.431  -2.047  26.185 0.0000000000
133057  54.679  -2.074  25.629 0.0000000000
63838  53.785  -2.110  26.962 0.0000000000
148830  53.894  -2.062  26.048 0.0000000000
132005  53.110  -1.944  26.492 0.0000000000
133055  52.323  -1.834  25.423 0.0000000000
63853  52.548  -1.824  26.106 0.0000000000
57273  49.355  -7.374  32.256 0.0000000000
58604  50.303  -6.535  32.838 0.0000000000
58613  49.507  -6.772  31.840 0.0000000000
59724  48.586  -6.409  30.246 0.0000000000
59710  49.043  -6.341  30.888 0.0000000000
59723  48.984  -5.870  30.527 0.0000000000
60839  49.330  -5.323  30.730 0.0000000000
136108  48.575  -5.904  29.893 0.0000000000
60847  48.477  -5.276  29.439 0.0000000000
59742  48.142  -5.940  29.266 0.0000000000
59763  46.495  -6.915  27.147 0.0000000000
59778  46.813  -6.260  27.227 0.0000000000
59779  46.283  -6.439  26.636 0.0000000000
60873  46.278  -5.619  26.110 0.0000000000
59790  45.769  -6.261  25.995 0.0000000000
59799  44.938  -6.580  25.101 0.0000000000
59791  45.262  -6.920  25.740 0.0000000000
57373  44.323  -9.049  25.266 0.0000000000
58709  44.260  -8.246  24.935 0.0000000000
57383  43.922  -9.009  24.523 0.0000000000
57394  43.576  -9.033  23.762 0.0000000000
56220  43.626  -9.618  24.143 0.0000000000
54095  39.863  -11.802  27.297 0.0000000000
132161  40.052  -11.475  26.603 0.0000000000
140882  38.052  -11.401  24.578 0.0000000000
54132  38.085  -10.973  23.737 0.0000000000
54133  37.237  -11.287  23.479 0.0000000000
48433  37.903  -16.557  38.083 0.0000000000
48441  38.537  -16.272  37.464 0.0000000000
48442  37.681  -16.364  37.228 0.0000000000
48463  35.605  -16.759  35.384 0.0000000000
48462  36.380  -16.384  35.397 0.0000000000
48473  36.003  -16.393  34.608 0.0000000000
48479  36.583  -16.274  33.691 0.0000000000
48480  35.556  -16.518  33.816 0.0000000000
73746  63.492  6.917  10.001 0.0000000000
72602  64.101  6.489  9.174 0.0000000000
72617  62.583  6.207  8.427 0.0000000000
45196  31.061  -18.851  46.366 0.0000000000
46122  30.564  -18.489  46.950 0.0000000000
46112  30.124  -18.129  48.352 0.0000000000
46123  29.900  -18.126  47.499 0.0000000000
47125  29.470  -17.869  48.166 0.0000000000
47136  29.206  -17.762  47.651 0.0000000000
47092  31.490  -17.467  51.713 0.0000000000
46064  30.892  -17.753  51.156 0.0000000000
155769  28.618  -17.959  50.359 0.0000000000
133259  29.172  -17.723  50.624 0.0000000000
152232  28.218  -17.942  49.430 0.0000000000
46114  27.346  -17.997  48.513 0.0000000000
46099  27.440  -18.215  49.381 0.0000000000
45143  27.064  -18.597  50.226 0.0000000000
45144  26.196  -18.932  50.230 0.0000000000
136418  25.783  -19.081  50.783 0.0000000000
146083  39.236  -16.867  50.087 0.0000000000
48356  39.523  -16.075  50.028 0.0000000000
48365  40.020  -16.731  49.542 0.0000000000
47114  40.110  -17.528  49.233 0.0000000000
133962  39.718  -18.291  49.144 0.0000000000
46094  38.120  -18.813  49.727 0.0000000000
45153  37.473  -19.352  49.207 0.0000000000
44112  36.926  -19.863  48.687 0.0000000000
45154  36.622  -19.420  49.322 0.0000000000
48347  35.398  -17.146  51.674 0.0000000000
144549  36.204  -17.094  51.395 0.0000000000
47087  35.700  -17.798  51.250 0.0000000000
45155  35.284  -19.345  49.644 0.0000000000
44115  34.559  -19.516  49.190 0.0000000000
44123  34.646  -19.989  48.420 0.0000000000
132278  34.065  -20.172  47.141 0.0000000000
44134  33.949  -20.047  47.871 0.0000000000
45183  31.912  -19.194  47.449 0.0000000000
45195  31.775  -19.228  46.584 0.0000000000
45207  31.563  -19.226  45.701 0.0000000000
62935  52.266  -2.938  18.442 0.0000000000
66809  58.515  1.001  29.941 0.0000000000
67914  58.479  1.603  30.200 0.0000000000
66788  57.440  0.826  32.115 0.0000000000
66798  57.819  0.679  31.355 0.0000000000
66799  57.331  0.230  31.869 0.0000000000
64743  57.104  -0.598  31.380 0.0000000000
65704  56.881  -0.472  32.103 0.0000000000
55982  49.401  -9.509  43.215 0.0000000000
58518  52.280  -7.141  38.387 0.0000000000
145705  52.889  -5.831  38.690 0.0000000000
58517  52.685  -6.404  37.994 0.0000000000
152904  52.724  -6.356  37.003 0.0000000000
133589  52.152  -7.353  37.243 0.0000000000
53973  50.570  -10.440  37.376 0.0000000000
55013  51.036  -9.942  37.793 0.0000000000
55025  50.162  -10.125  36.683 0.0000000000
55054  49.383  -9.623  35.256 0.0000000000
55053  50.068  -9.180  35.655 0.0000000000
56095  49.730  -8.881  34.882 0.0000000000
56082  51.012  -8.131  35.663 0.0000000000
56105  50.204  -8.101  34.503 0.0000000000
57238  49.995  -7.610  33.688 0.0000000000
56106  49.353  -8.495  33.955 0.0000000000
55097  47.327  -9.850  32.005 0.0000000000
55110  47.646  -9.168  31.625 0.0000000000
55111  47.024  -9.669  31.121 0.0000000000
55122  46.317  -10.004  29.735 0.0000000000
55130  46.169  -9.945  29.050 0.0000000000
54058  45.404  -11.166  30.268 0.0000000000
54069  45.147  -11.045  29.456 0.0000000000
54070  44.459  -11.327  29.369 0.0000000000
54081  44.329  -11.065  28.453 0.0000000000
52893  45.485  -11.880  32.563 0.0000000000
52894  44.508  -12.113  32.367 0.0000000000
52920  42.569  -12.060  30.513 0.0000000000
52919  43.534  -11.931  30.823 0.0000000000
54061  42.726  -11.759  29.505 0.0000000000
54072  41.826  -11.792  29.088 0.0000000000
54084  41.085  -11.730  28.326 0.0000000000
51848  40.050  -13.207  29.960 0.0000000000
52933  39.775  -12.895  29.293 0.0000000000
51859  39.139  -13.201  29.130 0.0000000000
52943  38.831  -12.657  28.080 0.0000000000
44271  33.351  -20.266  35.678 0.0000000000
45320  33.708  -19.462  35.182 0.0000000000
45321  33.133  -20.133  34.853 0.0000000000
44310  31.416  -20.629  33.386 0.0000000000
45341  31.981  -20.162  32.876 0.0000000000
45348  31.651  -19.908  32.101 0.0000000000
131479  28.984  -20.990  31.885 0.0000000000
44345  29.603  -20.663  31.374 0.0000000000
45367  29.317  -20.464  30.408 0.0000000000
72576  61.728  6.024  12.974 0.0000000000
72585  61.347  6.368  12.048 0.0000000000
72577  60.815  5.934  12.607 0.0000000000
71429  59.173  5.129  12.001 0.0000000000
72587  59.777  5.744  11.391 0.0000000000
71442  58.282  5.135  10.394 0.0000000000
71443  57.497  4.518  10.837 0.0000000000
71431  58.041  4.097  12.834 0.0000000000
70323  57.137  3.884  12.338 0.0000000000
47226  26.832  -17.972  38.891 0.0000000000
46223  26.636  -18.094  38.038 0.0000000000
47233  25.992  -18.144  37.865 0.0000000000
46143  29.623  -18.065  45.336 0.0000000000
46156  28.865  -17.830  44.244 0.0000000000
46144  28.959  -17.793  45.086 0.0000000000
47160  26.699  -17.644  44.097 0.0000000000
47167  27.415  -17.598  43.594 0.0000000000
47178  26.546  -17.658  42.269 0.0000000000
47169  25.836  -17.809  42.911 0.0000000000
46146  25.242  -18.340  45.623 0.0000000000
46157  25.753  -17.990  45.046 0.0000000000
136015  25.120  -18.309  44.930 0.0000000000
46186  23.684  -18.922  42.186 0.0000000000
46171  24.488  -18.475  43.347 0.0000000000
46185  24.319  -18.474  42.488 0.0000000000
140538  45.037  -12.948  46.980 0.0000000000
51715  45.505  -13.144  46.389 0.0000000000
50675  46.599  -14.391  45.019 0.0000000000
134029  46.399  -13.587  45.261 0.0000000000
51721  46.648  -13.074  44.384 0.0000000000
52737  46.910  -12.574  43.556 0.0000000000
51728  47.311  -12.881  43.006 0.0000000000
151104  46.967  -13.426  43.711 0.0000000000
48407  47.043  -16.061  41.997 0.0000000000
49619  47.402  -15.333  42.347 0.0000000000
48412  46.960  -16.044  41.216 0.0000000000
49626  47.364  -15.378  40.874 0.0000000000
49627  46.762  -15.818  40.425 0.0000000000
48418  45.960  -16.044  40.056 0.0000000000
48414  45.338  -16.393  40.569 0.0000000000
47195  43.907  -16.752  40.766 0.0000000000
47207  43.701  -16.328  40.005 0.0000000000
47220  42.429  -16.342  39.130 0.0000000000
47209  42.268  -16.593  40.038 0.0000000000
46175  43.024  -17.775  42.891 0.0000000000
47188  40.661  -17.484  41.418 0.0000000000
139285  41.104  -17.093  40.946 0.0000000000
47199  40.418  -17.126  40.754 0.0000000000
47210  41.183  -16.743  40.159 0.0000000000
47211  40.175  -16.780  39.996 0.0000000000
48423  38.974  -16.578  39.108 0.0000000000
47212  39.271  -16.865  39.873 0.0000000000
46212  37.142  -17.931  39.904 0.0000000000
47214  37.593  -17.256  39.460 0.0000000000
47215  36.885  -17.681  39.115 0.0000000000
46219  36.239  -18.146  38.737 0.0000000000
135796  39.862  -19.520  46.974 0.0000000000
44128  39.071  -20.013  46.601 0.0000000000
44150  37.325  -20.321  45.201 0.0000000000
44149  38.232  -20.182  45.453 0.0000000000
44162  37.665  -20.211  44.487 0.0000000000
135021  38.272  -19.978  43.901 0.0000000000
44171  37.601  -20.134  43.683 0.0000000000
134727  34.237  -20.921  43.667 0.0000000000
43183  35.445  -20.706  44.294 0.0000000000
134891  34.591  -21.060  42.977 0.0000000000
43207  35.087  -20.881  41.395 0.0000000000
43195  35.738  -20.793  42.768 0.0000000000
44188  35.742  -20.664  41.971 0.0000000000
44187  36.312  -20.279  41.758 0.0000000000
45246  36.580  -19.778  41.197 0.0000000000
44208  34.451  -20.481  38.693 0.0000000000
44200  35.108  -20.112  39.051 0.0000000000
44207  34.834  -19.861  38.290 0.0000000000
44227  34.256  -20.289  37.922 0.0000000000
44250  34.144  -20.143  37.205 0.0000000000
44228  33.660  -20.615  37.535 0.0000000000
43288  32.233  -21.062  36.833 0.0000000000
43289  31.569  -21.059  36.546 0.0000000000
43306  31.339  -21.038  35.869 0.0000000000
43290  30.794  -21.004  36.602 0.0000000000
44202  30.421  -20.439  39.216 0.0000000000
44232  28.811  -19.794  36.698 0.0000000000
44254  29.439  -20.469  36.199 0.0000000000
44275  28.301  -20.030  34.899 0.0000000000
70282  55.210  3.157  17.777 0.0000000000
68062  54.138  1.126  16.874 0.0000000000
65888  55.283  -0.390  16.325 0.0000000000
63967  52.568  -2.877  16.347 0.0000000000
63966  53.340  -2.487  16.753 0.0000000000
51654  31.816  -13.155  53.453 0.0000000000
141048  29.953  -13.963  54.290 0.0000000000
50603  29.600  -14.623  54.425 0.0000000000
49524  29.444  -15.431  54.290 0.0000000000
48288  28.120  -16.137  55.159 0.0000000000
48305  28.541  -16.525  54.522 0.0000000000
47055  27.902  -17.928  53.768 0.0000000000
47036  27.454  -17.565  54.397 0.0000000000
46019  25.756  -18.150  54.195 0.0000000000
46033  25.887  -18.363  53.572 0.0000000000
45117  25.339  -18.538  53.000 0.0000000000
45132  24.971  -19.024  51.666 0.0000000000
45125  24.803  -18.659  52.397 0.0000000000
48277  23.205  -16.073  56.132 0.0000000000
48293  23.664  -16.545  55.534 0.0000000000
48276  24.090  -16.149  56.161 0.0000000000
47025  24.075  -17.178  55.059 0.0000000000
47040  23.689  -17.388  54.285 0.0000000000
46069  22.424  -17.807  51.427 0.0000000000
46050  23.315  -18.234  51.907 0.0000000000
151277  22.941  -18.310  51.089 0.0000000000
45148  23.106  -18.576  50.428 0.0000000000
132769  22.816  -18.790  49.004 0.0000000000
45162  22.573  -18.442  49.735 0.0000000000
46117  21.196  -18.373  48.437 0.0000000000
46104  19.546  -18.568  49.916 0.0000000000
74776  65.027  7.889  13.004 0.0000000000
72573  64.033  6.094  13.477 0.0000000000
73694  64.598  6.903  13.980 0.0000000000
72548  63.813  6.098  14.858 0.0000000000
72549  63.386  5.659  14.593 0.0000000000
135301  62.839  5.392  14.901 0.0000000000
132368  62.229  5.072  14.797 0.0000000000
74738  63.787  7.762  16.326 0.0000000000
135194  63.493  7.382  16.456 0.0000000000
72525  62.181  6.099  16.468 0.0000000000
150748  62.632  6.278  16.360 0.0000000000
132041  61.946  5.553  15.929 0.0000000000
72540  61.699  5.072  15.351 0.0000000000
72541  61.125  5.298  15.873 0.0000000000
71406  60.250  5.090  15.653 0.0000000000
71394  59.243  5.528  16.745 0.0000000000
71382  58.758  5.709  17.700 0.0000000000
72482  60.780  6.658  19.251 0.0000000000
72484  58.470  5.684  19.442 0.0000000000
133504  57.864  5.360  18.134 0.0000000000
71373  57.171  4.861  18.795 0.0000000000
71374  56.527  4.355  18.474 0.0000000000
70264  56.745  3.515  20.074 0.0000000000
69136  59.509  1.972  21.325 0.0000000000
68037  58.104  0.667  20.684 0.0000000000
66946  57.388  0.651  20.144 0.0000000000
66931  57.081  -0.117  19.804 0.0000000000
64844  56.508  -0.887  20.523 0.0000000000
70159  60.686  3.222  25.716 0.0000000000
69068  60.511  2.744  26.179 0.0000000000
66857  59.855  0.986  25.419 0.0000000000
66856  60.344  1.363  25.047 0.0000000000
66864  60.083  0.932  24.560 0.0000000000
140931  60.260  0.924  23.760 0.0000000000
65781  59.708  0.521  24.158 0.0000000000
64814  57.790  -0.488  26.299 0.0000000000
64813  58.400  0.045  25.977 0.0000000000
150861  57.975  -0.277  25.552 0.0000000000
64835  57.080  -0.712  23.615 0.0000000000
64828  57.786  -0.307  23.996 0.0000000000
141460  57.125  -0.656  22.868 0.0000000000
134051  56.731  -0.824  22.381 0.0000000000
63902  55.040  -1.905  22.163 0.0000000000
63919  53.575  -2.471  20.589 0.0000000000
62892  52.703  -2.969  21.242 0.0000000000
151051  51.986  -2.957  20.839 0.0000000000
63893  53.383  -2.650  23.289 0.0000000000
63907  50.746  -2.809  22.637 0.0000000000
63906  51.665  -2.905  22.440 0.0000000000
62884  51.035  -2.926  21.868 0.0000000000
62894  50.442  -2.854  21.165 0.0000000000
65695  55.830  -0.545  33.568 0.0000000000
64737  56.123  -0.907  32.855 0.0000000000
63765  56.293  -0.964  32.029 0.0000000000
134258  55.619  -1.143  32.284 0.0000000000
157630  54.385  -4.026  35.931 0.0000000000
63738  54.592  -3.035  37.030 0.0000000000
63744  54.507  -2.574  35.850 0.0000000000
137003  54.487  -1.749  36.163 0.0000000000
63751  54.261  -2.630  35.097 0.0000000000
60804  50.884  -5.259  32.852 0.0000000000
60803  51.538  -5.012  33.376 0.0000000000
60815  51.231  -4.748  32.802 0.0000000000
62809  51.947  -3.398  32.655 0.0000000000
62804  52.567  -3.420  33.118 0.0000000000
63760  52.853  -2.555  33.435 0.0000000000
63753  53.229  -1.843  33.875 0.0000000000
64739  52.638  -1.488  33.311 0.0000000000
65705  53.334  -0.472  33.369 0.0000000000
65706  52.743  -0.712  33.106 0.0000000000
64769  53.233  -1.652  30.384 0.0000000000
64768  54.125  -1.602  30.828 0.0000000000
154164  53.017  -1.854  29.841 0.0000000000
63802  53.675  -2.029  29.658 0.0000000000
64784  52.695  -1.857  29.309 0.0000000000
135158  50.730  -1.859  28.159 0.0000000000
150481  50.938  -1.683  26.226 0.0000000000
63855  50.035  -1.882  26.766 0.0000000000
61843  47.826  -4.610  28.062 0.0000000000
62850  48.277  -3.679  27.833 0.0000000000
62873  47.434  -3.296  24.932 0.0000000000
62855  47.961  -3.255  26.213 0.0000000000
62864  47.857  -3.030  25.409 0.0000000000
63869  48.522  -2.601  25.465 0.0000000000
62872  48.213  -2.689  24.648 0.0000000000
62877  48.176  -2.705  23.749 0.0000000000
62878  47.424  -3.022  23.538 0.0000000000
61890  45.881  -3.831  21.749 0.0000000000
59818  43.742  -6.628  23.108 0.0000000000
148560  42.275  -7.487  20.315 0.0000000000
58767  42.599  -6.969  20.793 0.0000000000
55138  45.154  -10.423  27.678 0.0000000000
55146  44.973  -10.255  27.052 0.0000000000
55147  44.451  -10.313  26.705 0.0000000000
153450  43.307  -10.364  24.926 0.0000000000
55154  43.678  -10.236  25.411 0.0000000000
55163  43.418  -10.172  24.482 0.0000000000
56221  43.316  -9.991  23.739 0.0000000000
55173  42.674  -10.361  23.430 0.0000000000
142144  40.858  -10.358  22.161 0.0000000000
55188  41.054  -10.582  22.900 0.0000000000
49638  44.578  -15.528  38.350 0.0000000000
49643  44.328  -15.272  37.618 0.0000000000
49644  43.602  -15.568  37.250 0.0000000000
49650  41.993  -16.033  36.130 0.0000000000
49652  42.451  -15.502  35.781 0.0000000000
49660  42.115  -15.163  35.054 0.0000000000
49661  41.368  -15.469  34.731 0.0000000000
145989  38.770  -16.129  35.575 0.0000000000
48459  39.653  -16.150  35.568 0.0000000000
48470  39.264  -16.145  34.791 0.0000000000
49680  39.058  -15.911  32.392 0.0000000000
49671  39.502  -15.882  33.290 0.0000000000
50746  39.879  -15.434  32.669 0.0000000000
50745  40.495  -14.898  32.788 0.0000000000
50755  39.640  -15.296  31.922 0.0000000000
50763  40.050  -14.643  31.622 0.0000000000
50764  39.463  -15.009  31.201 0.0000000000
140030  37.632  -15.113  29.839 0.0000000000
50774  38.294  -14.733  29.794 0.0000000000
51851  37.869  -13.720  28.619 0.0000000000
50792  37.203  -14.334  28.781 0.0000000000
135835  33.690  -18.792  34.517 0.0000000000
46285  34.071  -18.062  34.587 0.0000000000
46286  33.707  -18.241  33.905 0.0000000000
47293  33.471  -17.595  32.060 0.0000000000
150720  33.957  -17.281  32.379 0.0000000000
134846  34.537  -16.750  32.182 0.0000000000
47327  32.266  -17.364  30.008 0.0000000000
48537  32.573  -16.525  29.527 0.0000000000
49718  33.749  -15.430  29.201 0.0000000000
133454  33.284  -16.020  29.810 0.0000000000
49707  34.067  -15.752  29.987 0.0000000000
154978  34.942  -15.942  30.680 0.0000000000
49706  34.865  -15.703  30.153 0.0000000000
50805  34.368  -14.361  27.137 0.0000000000
50794  35.614  -14.531  28.264 0.0000000000
51870  35.991  -13.761  27.340 0.0000000000
71448  65.845  5.621  8.434 0.0000000000
72591  61.083  6.462  10.950 0.0000000000
72590  61.984  6.701  10.390 0.0000000000
72626  59.669  5.386  7.942 0.0000000000
72625  60.669  5.510  7.836 0.0000000000
69180  54.377  2.569  16.343 0.0000000000
69189  54.323  2.717  15.595 0.0000000000
49536  33.400  -15.479  53.057 0.0000000000
49537  32.597  -15.234  53.258 0.0000000000
50612  31.817  -14.640  53.458 0.0000000000
50702  48.318  -13.356  41.558 0.0000000000
51744  48.526  -12.633  41.625 0.0000000000
50706  48.700  -13.624  40.968 0.0000000000
51771  49.360  -13.227  39.771 0.0000000000
51779  49.231  -13.214  38.859 0.0000000000
51778  49.800  -12.595  38.473 0.0000000000
132749  48.680  -13.327  38.169 0.0000000000
51784  48.052  -13.330  37.623 0.0000000000
130793  46.718  -13.227  36.557 0.0000000000
51795  46.420  -12.829  35.749 0.0000000000
50725  46.118  -13.863  36.838 0.0000000000
50726  45.364  -14.076  36.712 0.0000000000
136426  44.498  -14.322  36.453 0.0000000000
151466  57.746  4.117  15.111 0.0000000000
46206  29.150  -18.397  41.223 0.0000000000
46196  29.262  -18.222  41.932 0.0000000000
46182  28.526  -17.860  42.473 0.0000000000
45173  25.280  -18.947  48.691 0.0000000000
46126  25.114  -18.844  47.787 0.0000000000
45185  24.362  -19.040  47.540 0.0000000000
45187  22.645  -19.079  46.808 0.0000000000
49582  42.500  -15.093  48.077 0.0000000000
49581  43.201  -15.220  47.649 0.0000000000
48371  42.702  -15.949  47.778 0.0000000000
47133  42.955  -17.146  47.049 0.0000000000
46129  43.003  -18.017  46.154 0.0000000000
46130  42.307  -18.214  46.226 0.0000000000
46131  41.591  -18.598  46.483 0.0000000000
132848  41.112  -19.079  46.044 0.0000000000
44166  31.996  -19.776  44.884 0.0000000000
44165  32.665  -20.167  44.553 0.0000000000
44190  30.956  -19.746  41.905 0.0000000000
47060  18.462  -17.525  53.970 0.0000000000
155581  60.842  4.819  23.506 0.0000000000
71298  61.060  3.899  23.259 0.0000000000
70180  61.043  3.448  23.444 0.0000000000
69097  60.978  2.894  23.735 0.0000000000
63797  57.539  -1.221  29.573 0.0000000000
63817  57.649  -1.108  28.803 0.0000000000
63798  57.195  -1.586  29.167 0.0000000000
132069  55.363  -2.160  27.789 0.0000000000
131797  55.149  -2.145  26.993 0.0000000000
134131  53.692  -2.123  27.859 0.0000000000
57297  48.553  -7.516  31.075 0.0000000000
58623  49.096  -6.827  31.241 0.0000000000
57319  48.110  -7.490  30.402 0.0000000000
58641  47.955  -7.058  29.814 0.0000000000
59743  47.811  -6.562  29.164 0.0000000000
134952  47.683  -6.070  28.593 0.0000000000
59744  47.238  -6.886  28.453 0.0000000000
58674  46.392  -7.661  27.364 0.0000000000
58687  46.087  -7.423  26.849 0.0000000000
58697  45.127  -8.029  26.033 0.0000000000
58688  45.638  -8.020  26.563 0.0000000000
57362  45.322  -8.975  26.541 0.0000000000
146340  44.417  -9.536  25.674 0.0000000000
47231  36.355  -17.171  37.496 0.0000000000
48443  36.860  -16.607  36.987 0.0000000000
47236  36.109  -16.916  36.685 0.0000000000
48453  36.004  -16.730  35.977 0.0000000000
73738  64.661  7.232  10.719 0.0000000000
148839  63.656  7.053  10.813 0.0000000000
149804  62.732  6.826  9.947 0.0000000000
45171  31.984  -19.098  48.392 0.0000000000
45172  31.357  -18.846  47.877 0.0000000000
145082  30.992  -18.531  48.621 0.0000000000
47074  30.364  -16.954  52.299 0.0000000000
151794  30.209  -17.477  51.384 0.0000000000
47094  29.946  -17.287  51.852 0.0000000000
135429  28.364  -18.134  50.865 0.0000000000
46067  28.072  -18.317  51.622 0.0000000000
45122  27.185  -18.597  51.796 0.0000000000
139921  38.862  -16.288  50.294 0.0000000000
47103  38.787  -17.568  50.145 0.0000000000
47104  38.042  -17.562  50.438 0.0000000000
46079  37.537  -18.238  50.295 0.0000000000
156654  37.068  -18.033  50.626 0.0000000000
46060  34.427  -18.230  51.173 0.0000000000
46059  35.115  -18.371  51.010 0.0000000000
46081  34.436  -18.668  50.655 0.0000000000
132217  33.807  -19.241  49.516 0.0000000000
44135  33.328  -19.649  48.035 0.0000000000
149364  33.213  -19.256  49.143 0.0000000000
55998  50.076  -9.426  41.983 0.0000000000
57097  50.490  -8.046  42.335 0.0000000000
58448  50.751  -7.409  42.347 0.0000000000
60706  51.317  -5.831  40.269 0.0000000000
60715  51.895  -5.437  39.573 0.0000000000
59615  51.715  -6.392  39.619 0.0000000000
58500  52.048  -7.150  38.837 0.0000000000
57167  51.913  -7.815  38.339 0.0000000000
53991  48.913  -10.741  35.913 0.0000000000
53990  49.543  -10.484  36.294 0.0000000000
54000  49.132  -10.224  35.576 0.0000000000
55055  48.694  -9.999  34.854 0.0000000000
55066  48.279  -9.757  34.123 0.0000000000
55078  48.164  -9.477  33.241 0.0000000000
55079  47.559  -9.994  32.850 0.0000000000
54046  47.105  -10.397  32.393 0.0000000000
55098  46.823  -10.265  31.508 0.0000000000
54068  46.115  -10.474  30.112 0.0000000000
54056  46.383  -10.640  31.016 0.0000000000
54049  45.673  -11.296  31.128 0.0000000000
52889  43.956  -12.554  33.190 0.0000000000
52895  43.641  -12.420  32.540 0.0000000000
52896  42.948  -12.562  32.282 0.0000000000
52909  42.049  -12.511  31.256 0.0000000000
52921  41.491  -12.503  30.636 0.0000000000
52931  41.205  -12.258  29.778 0.0000000000
51839  40.844  -13.111  30.936 0.0000000000
51840  39.757  -13.855  30.282 0.0000000000
44273  31.884  -20.987  35.211 0.0000000000
44289  32.396  -20.547  34.588 0.0000000000
44290  31.489  -20.853  34.364 0.0000000000
154825  30.787  -20.725  33.068 0.0000000000
71428  60.422  5.454  13.061 0.0000000000
143677  59.644  5.139  12.880 0.0000000000
71430  58.478  4.547  12.189 0.0000000000
147646  56.393  3.722  11.955 0.0000000000
47217  26.225  -17.884  39.436 0.0000000000
47151  28.330  -17.630  45.672 0.0000000000
47158  28.212  -17.620  44.800 0.0000000000
156190  26.107  -17.808  44.462 0.0000000000
46160  23.939  -18.954  43.927 0.0000000000
46159  24.670  -18.481  44.302 0.0000000000
49603  45.724  -15.266  45.691 0.0000000000
50669  45.915  -13.734  46.107 0.0000000000
49602  46.363  -15.219  45.006 0.0000000000
50681  46.873  -14.707  44.445 0.0000000000
50680  47.094  -14.198  43.813 0.0000000000
49615  46.818  -15.860  43.605 0.0000000000
48404  46.422  -16.435  42.385 0.0000000000
48408  46.323  -16.458  41.630 0.0000000000
48409  45.602  -16.758  41.295 0.0000000000
47183  45.023  -17.088  41.806 0.0000000000
47184  44.139  -17.084  41.578 0.0000000000
47185  43.178  -17.097  41.338 0.0000000000
46177  41.348  -18.138  42.682 0.0000000000
46192  40.195  -18.040  41.877 0.0000000000
46202  39.019  -17.739  41.123 0.0000000000
47201  38.695  -17.325  40.457 0.0000000000
46203  38.173  -17.908  40.939 0.0000000000
46204  37.407  -18.216  40.654 0.0000000000
46205  36.777  -18.655  40.271 0.0000000000
44130  37.644  -20.239  47.298 0.0000000000
44140  38.087  -20.246  46.470 0.0000000000
44141  37.336  -20.368  45.909 0.0000000000
44163  36.796  -20.422  44.674 0.0000000000
43198  33.399  -21.020  42.371 0.0000000000
43197  34.214  -21.069  42.185 0.0000000000
43208  34.317  -21.051  41.354 0.0000000000
145347  34.597  -20.958  40.643 0.0000000000
43216  35.260  -20.555  40.586 0.0000000000
43217  34.268  -21.049  39.895 0.0000000000
43226  34.071  -21.037  39.109 0.0000000000
43267  33.106  -21.023  38.024 0.0000000000
135632  31.787  -21.127  38.196 0.0000000000
137477  29.726  -20.181  38.011 0.0000000000
45283  29.046  -19.689  37.620 0.0000000000
45322  27.801  -19.390  35.332 0.0000000000
45306  27.306  -18.848  35.785 0.0000000000
69165  55.127  2.177  18.345 0.0000000000
66976  54.648  0.464  17.347 0.0000000000
64890  55.152  -1.284  17.021 0.0000000000
48273  26.787  -15.894  56.051 0.0000000000
48289  27.250  -16.432  55.419 0.0000000000
146152  26.809  -17.843  54.475 0.0000000000
47037  26.172  -17.816  54.652 0.0000000000
46020  25.042  -18.254  53.858 0.0000000000
48295  21.318  -16.145  54.840 0.0000000000
143269  22.909  -17.089  54.254 0.0000000000
47056  23.197  -17.459  53.616 0.0000000000
46051  22.726  -17.396  53.037 0.0000000000
137413  22.647  -17.608  52.296 0.0000000000
134964  21.830  -18.079  49.721 0.0000000000
46086  21.251  -17.717  50.117 0.0000000000
74767  64.627  7.374  14.243 0.0000000000
74757  64.461  7.454  14.935 0.0000000000
73676  64.115  7.107  15.329 0.0000000000
151831  63.191  7.290  16.802 0.0000000000
73648  62.870  7.344  17.440 0.0000000000
72512  62.312  6.555  16.945 0.0000000000
131789  60.903  6.260  17.252 0.0000000000
131320  59.885  6.428  20.063 0.0000000000
72466  58.593  5.413  20.365 0.0000000000
71362  58.005  5.154  19.971 0.0000000000
141020  57.680  3.431  20.821 0.0000000000
68022  60.065  1.614  21.768 0.0000000000
68023  59.308  1.110  21.425 0.0000000000
148544  58.692  0.695  21.151 0.0000000000
64843  56.911  -0.691  20.990 0.0000000000
69054  60.373  2.791  27.053 0.0000000000
69069  60.338  2.206  26.568 0.0000000000
66848  60.051  1.323  26.035 0.0000000000
65765  59.452  0.655  25.774 0.0000000000
63864  56.699  -1.299  25.765 0.0000000000
64836  56.365  -1.186  23.996 0.0000000000
135710  54.471  -2.264  21.897 0.0000000000
63904  53.892  -2.681  22.038 0.0000000000
63913  53.208  -2.958  21.846 0.0000000000
133988  53.280  -2.912  22.535 0.0000000000
144096  51.879  -2.384  23.726 0.0000000000
62895  49.647  -2.854  21.497 0.0000000000
63908  49.861  -2.721  22.784 0.0000000000
130903  49.289  -2.825  22.162 0.0000000000
66779  55.009  0.550  34.722 0.0000000000
134365  54.927  -0.288  33.853 0.0000000000
135766  54.002  -5.079  37.119 0.0000000000
61776  54.239  -4.377  37.304 0.0000000000
137818  53.906  -4.953  36.418 0.0000000000
61788  54.023  -4.607  35.866 0.0000000000
147265  53.741  -4.245  34.604 0.0000000000
60827  50.080  -5.094  31.921 0.0000000000
61815  50.923  -4.387  32.327 0.0000000000
62810  51.272  -3.528  32.205 0.0000000000
63767  51.664  -2.480  32.300 0.0000000000
64759  51.685  -1.758  31.798 0.0000000000
147179  51.248  -2.026  31.196 0.0000000000
64771  51.361  -1.925  30.476 0.0000000000
64785  51.706  -1.820  29.721 0.0000000000
63842  49.404  -2.449  27.602 0.0000000000
61850  47.099  -4.785  26.785 0.0000000000
62856  47.336  -3.983  26.407 0.0000000000
61859  46.894  -4.367  26.008 0.0000000000
61869  46.799  -3.971  25.233 0.0000000000
62874  46.868  -3.558  24.263 0.0000000000
61883  45.941  -3.923  22.793 0.0000000000
60916  44.078  -5.318  21.534 0.0000000000
58751  42.305  -7.879  21.220 0.0000000000
54102  44.124  -10.568  26.948 0.0000000000
54111  43.394  -10.474  25.678 0.0000000000
54112  42.724  -10.577  25.059 0.0000000000
55177  39.056  -10.797  23.670 0.0000000000
55176  40.124  -10.709  23.517 0.0000000000
55189  39.429  -10.676  23.007 0.0000000000
48427  43.298  -16.075  38.341 0.0000000000
48436  43.307  -15.949  37.631 0.0000000000
48446  42.206  -16.216  36.959 0.0000000000
48457  41.280  -16.152  35.901 0.0000000000
154304  37.464  -16.204  33.946 0.0000000000
49664  38.969  -16.142  33.945 0.0000000000
143990  38.214  -16.202  33.617 0.0000000000
49673  38.370  -16.191  32.876 0.0000000000
49692  38.648  -15.874  31.664 0.0000000000
140148  38.796  -15.453  31.027 0.0000000000
49703  37.371  -15.651  30.520 0.0000000000
50775  36.880  -15.370  29.915 0.0000000000
135481  32.905  -18.861  32.857 0.0000000000
46302  33.414  -18.297  33.192 0.0000000000
46311  33.175  -18.191  32.434 0.0000000000
47311  33.254  -17.303  31.317 0.0000000000
48550  32.236  -16.242  28.688 0.0000000000
49726  34.323  -14.954  28.606 0.0000000000
71441  59.047  5.508  9.904 0.0000000000
72606  59.686  5.734  9.479 0.0000000000
68085  53.180  1.147  15.369 0.0000000000
69191  53.169  1.726  15.001 0.0000000000
47091  32.368  -17.620  51.674 0.0000000000
47073  31.175  -16.980  52.225 0.0000000000
48337  31.659  -16.531  52.645 0.0000000000
47052  29.980  -16.646  52.851 0.0000000000
48322  29.590  -16.420  53.491 0.0000000000
48333  35.057  -16.527  52.117 0.0000000000
47069  34.584  -17.222  51.962 0.0000000000
47089  34.087  -17.781  51.572 0.0000000000
47090  33.241  -17.750  51.626 0.0000000000
53845  47.778  -11.047  43.331 0.0000000000
54941  48.514  -10.643  43.207 0.0000000000
152261  49.113  -10.258  42.929 0.0000000000
53861  49.357  -10.559  42.261 0.0000000000
52787  49.178  -12.200  41.255 0.0000000000
53881  49.672  -10.834  41.640 0.0000000000
54953  49.873  -10.147  41.791 0.0000000000
54952  50.476  -9.785  41.402 0.0000000000
54965  50.960  -10.136  40.967 0.0000000000
54964  51.398  -9.666  40.445 0.0000000000
53929  51.614  -9.984  39.220 0.0000000000
153390  51.373  -10.550  39.126 0.0000000000
53944  51.130  -11.005  38.703 0.0000000000
53957  50.430  -11.176  37.670 0.0000000000
52848  49.511  -12.239  37.726 0.0000000000
52859  49.130  -11.819  36.971 0.0000000000
52858  49.355  -11.122  36.616 0.0000000000
52872  48.309  -10.955  35.505 0.0000000000
52873  47.702  -11.186  35.123 0.0000000000
52885  46.856  -11.272  33.981 0.0000000000
52892  46.170  -11.557  32.797 0.0000000000
52886  46.376  -11.657  33.641 0.0000000000
52876  45.941  -12.172  34.235 0.0000000000
52877  45.131  -12.480  34.055 0.0000000000
51796  45.638  -13.100  35.512 0.0000000000
51803  45.397  -12.761  34.796 0.0000000000
51810  44.275  -12.765  33.935 0.0000000000
51811  43.412  -13.073  33.834 0.0000000000
51812  42.589  -13.422  33.605 0.0000000000
44312  29.345  -20.689  33.707 0.0000000000
141867  27.587  -21.576  32.137 0.0000000000
144535  27.079  -21.980  32.663 0.0000000000
71415  59.228  4.627  14.452 0.0000000000
70319  57.113  3.770  13.228 0.0000000000
70325  55.409  3.234  12.963 0.0000000000
46221  28.110  -18.553  38.675 0.0000000000
46215  27.578  -18.158  39.238 0.0000000000
47216  27.004  -17.877  39.798 0.0000000000
47205  25.558  -17.891  39.969 0.0000000000
47192  25.630  -17.882  40.892 0.0000000000
46136  26.222  -18.100  46.644 0.0000000000
46127  24.901  -18.769  46.992 0.0000000000
46138  24.704  -18.710  46.183 0.0000000000
151608  21.896  -19.449  45.608 0.0000000000
44157  21.148  -20.212  44.775 0.0000000000
49590  43.818  -15.392  47.213 0.0000000000
49589  44.405  -15.606  46.632 0.0000000000
49596  45.123  -15.427  46.195 0.0000000000
139834  45.350  -15.860  45.745 0.0000000000
47156  45.083  -17.022  44.786 0.0000000000
131349  44.898  -17.250  44.032 0.0000000000
47165  44.654  -17.317  43.222 0.0000000000
46163  44.101  -17.587  43.865 0.0000000000
46164  43.307  -17.920  43.704 0.0000000000
46165  42.473  -18.113  43.542 0.0000000000
144002  42.132  -18.398  44.841 0.0000000000
46153  41.926  -18.404  44.157 0.0000000000
46166  41.652  -18.312  43.412 0.0000000000
46167  40.840  -18.554  43.277 0.0000000000
45236  40.015  -18.781  43.110 0.0000000000
45237  39.200  -19.030  42.917 0.0000000000
43172  35.121  -20.450  45.993 0.0000000000
43178  34.547  -20.509  45.332 0.0000000000
43185  33.805  -20.699  44.241 0.0000000000
43190  33.636  -20.812  43.588 0.0000000000
132827  33.233  -20.830  43.101 0.0000000000
43210  32.785  -21.023  41.770 0.0000000000
43219  32.383  -21.117  40.903 0.0000000000
132779  31.984  -21.215  40.164 0.0000000000
43228  31.641  -21.138  39.559 0.0000000000
44195  31.323  -20.964  40.071 0.0000000000
44203  30.071  -19.946  39.657 0.0000000000
44196  30.668  -19.914  40.956 0.0000000000
44197  30.258  -19.768  40.315 0.0000000000
45263  29.523  -19.446  39.327 0.0000000000
45264  28.855  -18.972  39.011 0.0000000000
135219  55.623  0.212  18.424 0.0000000000
64894  55.083  -1.736  16.443 0.0000000000
48279  21.192  -15.700  55.637 0.0000000000
134768  20.611  -16.666  52.889 0.0000000000
47096  20.447  -17.233  51.486 0.0000000000
46071  19.226  -18.092  51.392 0.0000000000
45126  18.678  -18.953  51.942 0.0000000000
71330  60.298  4.284  21.996 0.0000000000
71331  59.641  4.065  21.610 0.0000000000
70224  60.479  3.128  21.852 0.0000000000
70198  61.006  3.274  22.706 0.0000000000
69124  60.922  2.848  22.271 0.0000000000
69125  60.623  2.303  21.960 0.0000000000
148465  60.546  1.773  22.160 0.0000000000
66889  60.175  1.194  22.310 0.0000000000
66877  59.700  0.643  22.600 0.0000000000
65742  59.034  0.587  28.416 0.0000000000
152896  59.288  0.725  27.873 0.0000000000
65743  58.870  0.306  28.103 0.0000000000
143502  58.042  -0.541  27.743 0.0000000000
64805  57.645  -0.753  27.152 0.0000000000
63835  57.083  -1.341  27.363 0.0000000000
64815  57.198  -1.013  26.479 0.0000000000
63879  55.682  -1.816  24.863 0.0000000000
63880  55.149  -2.017  24.474 0.0000000000
63881  54.500  -2.272  24.069 0.0000000000
149255  54.754  -2.102  24.837 0.0000000000
139709  52.983  -2.061  24.713 0.0000000000
140337  50.937  -1.794  24.842 0.0000000000
65661  54.220  -0.272  36.101 0.0000000000
58591  50.999  -6.703  34.182 0.0000000000
58590  51.474  -6.077  34.210 0.0000000000
58603  50.848  -6.278  33.477 0.0000000000
59696  50.611  -5.888  32.819 0.0000000000
143987  50.348  -5.508  32.388 0.0000000000
59709  49.476  -6.246  31.535 0.0000000000
156028  50.212  -5.274  32.179 0.0000000000
60828  49.686  -5.235  31.372 0.0000000000
146656  49.561  -4.613  30.870 0.0000000000
62826  49.221  -3.910  30.105 0.0000000000
62827  48.936  -3.561  29.202 0.0000000000
61826  48.822  -4.585  29.712 0.0000000000
61844  47.405  -4.886  27.518 0.0000000000
59761  47.222  -6.184  27.890 0.0000000000
60859  47.142  -5.553  27.361 0.0000000000
61851  46.664  -5.050  26.237 0.0000000000
60883  45.843  -5.581  25.495 0.0000000000
60893  45.360  -5.665  24.805 0.0000000000
59809  44.676  -6.243  24.343 0.0000000000
59810  44.047  -6.892  23.926 0.0000000000
58708  44.707  -7.551  25.382 0.0000000000
58719  43.380  -8.296  23.332 0.0000000000
57395  43.166  -9.161  23.105 0.0000000000
56233  42.995  -9.776  23.083 0.0000000000
54094  41.678  -11.336  27.631 0.0000000000
54105  41.952  -10.998  26.800 0.0000000000
130996  40.954  -10.998  26.323 0.0000000000
54124  39.891  -11.029  25.207 0.0000000000
130946  38.853  -11.355  25.142 0.0000000000
55166  39.489  -10.880  24.403 0.0000000000
156420  39.975  -16.373  37.875 0.0000000000
135613  39.984  -16.298  37.168 0.0000000000
48449  39.229  -16.182  36.891 0.0000000000
48460  37.981  -16.129  35.741 0.0000000000
48451  37.448  -16.256  36.373 0.0000000000
48461  37.232  -16.197  35.517 0.0000000000
136879  31.254  -18.619  30.020 0.0000000000
46331  31.951  -18.150  30.436 0.0000000000
47350  31.329  -17.319  28.503 0.0000000000
72600  65.533  6.240  8.946 0.0000000000
72589  65.068  6.755  9.708 0.0000000000
72601  64.882  6.367  9.041 0.0000000000
72615  64.708  5.897  8.399 0.0000000000
72623  63.261  5.747  7.748 0.0000000000
145773  61.660  5.227  7.238 0.0000000000
45218  30.578  -18.707  44.850 0.0000000000
46142  30.227  -18.403  45.491 0.0000000000
46133  29.780  -18.126  46.094 0.0000000000
135171  29.995  -18.218  46.722 0.0000000000
47137  28.584  -17.633  47.424 0.0000000000
47138  27.801  -17.633  47.151 0.0000000000
152290  31.417  -18.123  50.666 0.0000000000
46097  29.875  -17.796  49.876 0.0000000000
46083  30.059  -17.640  50.779 0.0000000000
47116  29.395  -17.812  48.963 0.0000000000
47127  27.939  -17.632  47.998 0.0000000000
46124  27.173  -17.860  47.719 0.0000000000
46115  26.597  -18.207  48.254 0.0000000000
45158  26.133  -18.616  48.834 0.0000000000
46100  26.552  -18.607  49.532 0.0000000000
45159  24.952  -19.129  49.570 0.0000000000
48364  40.763  -16.181  49.091 0.0000000000
47113  40.733  -17.085  48.970 0.0000000000
47123  41.186  -17.465  48.311 0.0000000000
46108  40.943  -18.248  48.096 0.0000000000
46109  40.247  -18.632  48.421 0.0000000000
46110  39.546  -19.037  48.656 0.0000000000
45167  39.130  -19.413  48.120 0.0000000000
46077  38.923  -18.247  49.728 0.0000000000
45152  38.279  -19.307  48.993 0.0000000000
45168  38.442  -19.585  48.329 0.0000000000
44120  37.245  -20.148  48.020 0.0000000000
44131  36.794  -20.282  47.376 0.0000000000
44132  35.887  -20.253  47.300 0.0000000000
47106  36.616  -17.814  51.031 0.0000000000
45137  36.147  -19.108  50.073 0.0000000000
45138  35.242  -18.898  50.391 0.0000000000
141734  35.910  -19.498  49.330 0.0000000000
44113  36.135  -19.922  48.794 0.0000000000
44122  35.539  -20.117  48.163 0.0000000000
131538  35.253  -20.326  46.772 0.0000000000
44144  34.565  -20.288  46.621 0.0000000000
44145  33.766  -20.175  46.392 0.0000000000
44146  33.019  -19.940  46.465 0.0000000000
44156  32.409  -19.657  45.927 0.0000000000
63941  53.099  -2.648  18.292 0.0000000000
150702  51.964  -3.270  16.014 0.0000000000
139994  60.399  3.499  27.210 0.0000000000
70141  60.220  3.211  27.686 0.0000000000
69045  60.065  2.448  27.684 0.0000000000
67930  59.689  1.996  28.184 0.0000000000
69038  59.305  2.199  28.887 0.0000000000
67931  59.268  1.449  28.702 0.0000000000
66820  58.851  0.917  29.215 0.0000000000
65724  58.734  0.423  29.098 0.0000000000
65725  58.429  0.116  29.691 0.0000000000
67915  58.257  1.129  30.787 0.0000000000
65713  58.150  0.070  30.337 0.0000000000
64753  58.116  -0.304  30.029 0.0000000000
64754  57.467  -0.708  30.613 0.0000000000
63782  57.250  -1.220  30.321 0.0000000000
63783  56.588  -1.511  30.694 0.0000000000
60743  53.715  -5.504  37.761 0.0000000000
59655  53.212  -5.922  36.978 0.0000000000
59665  52.674  -6.092  36.403 0.0000000000
58579  51.603  -6.915  35.300 0.0000000000
56052  51.615  -9.328  38.596 0.0000000000
144105  51.619  -9.056  38.179 0.0000000000
136050  51.374  -8.609  37.159 0.0000000000
55040  50.401  -9.415  36.357 0.0000000000
56073  50.988  -8.876  36.705 0.0000000000
134564  51.406  -8.204  36.617 0.0000000000
57208  51.419  -7.851  36.028 0.0000000000
57221  51.316  -7.526  35.432 0.0000000000
57236  51.198  -7.164  34.797 0.0000000000
57272  49.900  -7.153  32.916 0.0000000000
57274  48.734  -7.840  31.789 0.0000000000
56120  48.398  -8.885  32.654 0.0000000000
56140  48.285  -8.636  32.039 0.0000000000
56158  48.072  -8.376  31.323 0.0000000000
57298  47.758  -8.187  30.600 0.0000000000
56171  47.044  -8.863  30.052 0.0000000000
56187  46.415  -9.195  28.604 0.0000000000
56188  46.041  -9.464  27.874 0.0000000000
56180  46.063  -9.810  28.483 0.0000000000
55137  45.644  -10.117  27.977 0.0000000000
55132  45.398  -10.413  28.212 0.0000000000
136663  45.641  -10.772  29.728 0.0000000000
54079  45.405  -10.633  28.838 0.0000000000
54090  44.794  -10.720  27.959 0.0000000000
54091  44.247  -10.798  27.675 0.0000000000
54082  43.600  -11.131  28.188 0.0000000000
154253  42.914  -11.176  27.982 0.0000000000
52905  45.254  -11.649  31.716 0.0000000000
54050  44.966  -11.534  30.825 0.0000000000
52907  43.731  -12.113  31.734 0.0000000000
52918  44.233  -11.807  31.038 0.0000000000
54059  44.320  -11.613  30.305 0.0000000000
149515  42.812  -11.464  28.673 0.0000000000
52950  40.104  -11.997  28.010 0.0000000000
52932  40.469  -12.570  29.549 0.0000000000
52941  40.282  -12.295  28.812 0.0000000000
52951  39.317  -12.232  27.705 0.0000000000
52952  38.630  -12.470  27.435 0.0000000000
45319  34.193  -19.081  35.801 0.0000000000
153847  34.397  -18.413  35.698 0.0000000000
45334  32.866  -19.900  34.079 0.0000000000
45347  32.325  -19.424  32.448 0.0000000000
46323  31.969  -19.162  31.662 0.0000000000
44311  30.063  -20.791  33.127 0.0000000000
44329  30.499  -20.622  32.454 0.0000000000
44344  30.234  -20.519  31.793 0.0000000000
45349  30.898  -20.268  31.864 0.0000000000
45365  30.833  -19.359  30.456 0.0000000000
73711  63.158  6.546  12.504 0.0000000000
157171  62.694  6.824  11.836 0.0000000000
72584  62.226  6.482  12.354 0.0000000000
72592  60.281  6.163  10.954 0.0000000000
72593  59.788  5.880  10.364 0.0000000000
70331  56.936  4.031  11.496 0.0000000000
70335  56.779  4.367  10.041 0.0000000000
46233  26.375  -18.269  37.252 0.0000000000
46168  29.511  -18.118  43.705 0.0000000000
46169  28.771  -17.832  43.397 0.0000000000
47176  28.074  -17.681  43.207 0.0000000000
47177  27.491  -17.643  42.612 0.0000000000
46199  24.900  -18.099  41.296 0.0000000000
46170  25.241  -18.108  43.567 0.0000000000
151933  24.789  -18.159  42.006 0.0000000000
152021  24.359  -18.299  40.865 0.0000000000
51714  46.040  -12.918  45.931 0.0000000000
53827  46.582  -11.193  44.316 0.0000000000
54933  47.358  -10.739  44.066 0.0000000000
52736  47.481  -11.973  42.992 0.0000000000
51737  47.587  -13.014  42.539 0.0000000000
50689  47.352  -14.425  43.201 0.0000000000
50688  47.561  -13.783  42.616 0.0000000000
50697  47.822  -13.896  42.046 0.0000000000
49625  47.859  -14.829  41.211 0.0000000000
49630  47.299  -15.217  40.108 0.0000000000
49641  45.951  -14.979  38.273 0.0000000000
152237  46.048  -15.366  38.864 0.0000000000
48425  44.819  -15.750  39.074 0.0000000000
48426  44.053  -15.873  38.730 0.0000000000
48415  44.490  -16.368  40.317 0.0000000000
48420  44.249  -16.024  39.546 0.0000000000
155952  42.971  -16.229  38.920 0.0000000000
141098  42.018  -16.391  38.576 0.0000000000
47175  43.539  -17.352  42.235 0.0000000000
46190  41.833  -17.660  42.097 0.0000000000
47186  42.250  -17.221  41.463 0.0000000000
47197  42.542  -16.964  40.797 0.0000000000
47222  40.759  -16.484  39.247 0.0000000000
48430  40.349  -16.420  38.456 0.0000000000
48431  39.535  -16.405  38.452 0.0000000000
48432  38.726  -16.424  38.305 0.0000000000
47213  38.404  -17.003  39.707 0.0000000000
47224  37.353  -17.048  38.636 0.0000000000
46228  35.965  -17.869  37.932 0.0000000000
46229  35.355  -18.325  37.536 0.0000000000
45179  40.563  -19.135  47.229 0.0000000000
45192  40.471  -19.310  46.467 0.0000000000
45206  39.688  -19.671  45.540 0.0000000000
44139  39.135  -20.024  45.809 0.0000000000
144358  39.925  -19.493  45.067 0.0000000000
45216  38.974  -19.641  44.177 0.0000000000
45228  38.691  -19.454  43.443 0.0000000000
45238  38.384  -19.232  42.720 0.0000000000
43177  35.280  -20.570  45.106 0.0000000000
43176  36.043  -20.562  44.888 0.0000000000
43182  36.203  -20.606  44.103 0.0000000000
43189  35.213  -21.027  43.050 0.0000000000
43188  36.340  -20.537  43.290 0.0000000000
134325  37.144  -20.174  42.982 0.0000000000
44179  37.638  -19.586  42.431 0.0000000000
45245  37.320  -19.314  41.665 0.0000000000
45253  36.499  -19.296  40.553 0.0000000000
45261  36.225  -19.155  39.893 0.0000000000
135801  35.262  -20.308  39.830 0.0000000000
45262  35.655  -19.645  39.495 0.0000000000
45267  35.937  -18.901  39.122 0.0000000000
45281  35.111  -19.113  37.917 0.0000000000
46230  34.896  -18.914  37.066 0.0000000000
45303  34.312  -19.534  36.610 0.0000000000
44252  32.897  -20.867  36.236 0.0000000000
44229  33.013  -20.940  37.130 0.0000000000
43269  31.130  -21.067  38.282 0.0000000000
44230  30.643  -20.918  37.531 0.0000000000
149006  30.095  -20.632  37.588 0.0000000000
43291  30.133  -20.862  36.177 0.0000000000
43308  29.859  -20.842  35.456 0.0000000000
43322  29.602  -20.726  34.591 0.0000000000
44292  28.803  -20.427  34.333 0.0000000000
44294  27.401  -20.302  33.966 0.0000000000
45335  27.571  -19.769  34.644 0.0000000000
70281  55.845  3.827  17.157 0.0000000000
70289  55.863  3.731  16.254 0.0000000000
70290  55.109  3.210  16.792 0.0000000000
69181  53.986  1.792  16.508 0.0000000000
67007  54.341  0.016  16.042 0.0000000000
148585  53.428  -2.492  17.534 0.0000000000
62975  53.923  -3.076  15.139 0.0000000000
50601  31.186  -14.144  53.724 0.0000000000
50602  30.428  -14.384  54.024 0.0000000000
48303  29.859  -15.754  53.701 0.0000000000
47034  28.999  -16.893  53.909 0.0000000000
49512  29.068  -15.127  54.811 0.0000000000
49525  28.835  -15.785  54.753 0.0000000000
47054  28.606  -17.467  53.473 0.0000000000
46031  27.435  -18.253  53.206 0.0000000000
46048  26.903  -18.510  52.615 0.0000000000
45116  26.113  -18.595  52.809 0.0000000000
45123  26.350  -18.880  52.026 0.0000000000
132301  25.186  -19.113  50.887 0.0000000000
45146  24.709  -19.115  50.281 0.0000000000
45160  24.190  -19.085  49.633 0.0000000000
48275  24.939  -16.116  56.179 0.0000000000
47024  24.946  -17.274  55.149 0.0000000000
47039  24.523  -17.698  54.455 0.0000000000
46049  24.039  -18.361  52.630 0.0000000000
45133  24.218  -18.656  51.790 0.0000000000
45147  23.903  -18.929  50.380 0.0000000000
45188  21.271  -18.697  47.519 0.0000000000
46101  21.954  -18.351  49.056 0.0000000000
46070  19.947  -17.719  50.789 0.0000000000
138346  64.799  7.266  12.470 0.0000000000
74788  65.004  7.396  12.937 0.0000000000
149125  64.440  6.672  12.899 0.0000000000
73710  63.857  6.350  12.876 0.0000000000
72574  63.305  6.072  13.263 0.0000000000
72563  62.516  5.657  13.609 0.0000000000
72561  64.038  5.953  14.171 0.0000000000
72564  61.662  5.500  13.550 0.0000000000
72551  61.955  5.152  14.090 0.0000000000
150944  60.687  4.882  14.541 0.0000000000
73656  63.792  7.258  15.959 0.0000000000
73666  63.686  6.799  15.683 0.0000000000
72524  63.074  6.233  15.942 0.0000000000
72539  62.448  5.415  15.394 0.0000000000
133011  60.085  4.824  14.895 0.0000000000
149278  59.300  4.845  15.363 0.0000000000
134690  57.988  4.800  16.196 0.0000000000
71396  57.315  4.665  16.766 0.0000000000
73635  62.179  7.051  19.233 0.0000000000
72500  60.324  6.437  18.301 0.0000000000
72501  59.194  6.126  18.613 0.0000000000
71384  56.544  4.349  17.464 0.0000000000
70274  56.018  3.539  19.238 0.0000000000
69164  55.655  2.484  19.196 0.0000000000
69138  57.923  2.268  20.838 0.0000000000
68044  56.838  1.568  20.065 0.0000000000
65844  56.301  -0.148  19.120 0.0000000000
65825  55.946  -0.854  19.259 0.0000000000
64853  55.397  -1.200  19.598 0.0000000000
63927  54.594  -1.613  19.526 0.0000000000
131384  53.769  -2.209  19.787 0.0000000000
71270  60.889  4.097  25.099 0.0000000000
70166  60.926  3.101  24.976 0.0000000000
67977  60.924  2.337  24.140 0.0000000000
67951  60.517  2.290  25.716 0.0000000000
67978  60.716  1.828  24.585 0.0000000000
67992  60.929  1.860  23.762 0.0000000000
66876  59.750  0.550  23.362 0.0000000000
65789  59.169  0.211  22.969 0.0000000000
65758  59.338  0.611  26.654 0.0000000000
65759  59.006  0.412  26.078 0.0000000000
65766  59.046  0.314  25.351 0.0000000000
64821  57.879  -0.303  24.883 0.0000000000
65773  59.158  0.220  24.588 0.0000000000
65783  58.495  -0.034  23.445 0.0000000000
65790  58.417  -0.045  22.604 0.0000000000
64838  57.558  -0.411  22.220 0.0000000000
136614  56.385  -0.942  21.246 0.0000000000
63910  55.683  -1.326  21.671 0.0000000000
62921  53.074  -2.682  19.887 0.0000000000
62906  52.552  -2.880  20.396 0.0000000000
155406  54.059  -2.523  23.476 0.0000000000
62883  51.891  -3.001  21.626 0.0000000000
66790  56.952  0.071  33.026 0.0000000000
64736  56.606  -0.660  32.466 0.0000000000
63774  56.456  -1.076  31.365 0.0000000000
63784  55.743  -1.825  30.624 0.0000000000
64724  54.269  -0.942  35.745 0.0000000000
65670  54.161  -0.332  35.408 0.0000000000
60790  51.816  -5.366  34.041 0.0000000000
61794  53.055  -4.698  34.604 0.0000000000
61799  53.199  -4.257  33.987 0.0000000000
145878  52.212  -4.057  32.985 0.0000000000
62803  53.142  -3.526  33.599 0.0000000000
62799  53.689  -3.535  34.140 0.0000000000
151280  54.050  -2.034  34.806 0.0000000000
143925  53.697  -1.382  34.488 0.0000000000
65683  54.147  -0.251  34.784 0.0000000000
65697  53.696  -0.348  34.028 0.0000000000
65696  54.081  -0.277  33.642 0.0000000000
64745  53.766  -0.478  32.968 0.0000000000
64758  52.471  -1.085  31.914 0.0000000000
130938  53.349  -0.758  32.246 0.0000000000
134072  54.538  -1.009  32.378 0.0000000000
64755  55.175  -1.388  31.774 0.0000000000
63776  55.069  -1.684  31.149 0.0000000000
63801  54.499  -2.119  29.871 0.0000000000
137101  54.498  -2.195  29.204 0.0000000000
63822  53.645  -2.103  28.777 0.0000000000
130928  51.898  -1.751  27.753 0.0000000000
131599  52.255  -1.795  26.820 0.0000000000
63854  51.789  -1.725  26.180 0.0000000000
63884  50.069  -1.934  24.752 0.0000000000
62838  48.829  -3.186  28.272 0.0000000000
62849  48.385  -3.117  26.998 0.0000000000
63856  49.105  -2.455  26.904 0.0000000000
137098  49.494  -2.126  26.215 0.0000000000
63868  49.358  -2.162  25.508 0.0000000000
63885  48.998  -2.513  23.937 0.0000000000
60907  44.045  -5.750  22.470 0.0000000000
60908  43.612  -5.884  21.708 0.0000000000
59826  43.121  -6.385  21.327 0.0000000000
56196  45.189  -9.818  26.805 0.0000000000
56204  44.289  -9.880  25.806 0.0000000000
55153  44.149  -10.153  25.996 0.0000000000
55162  43.819  -10.014  25.203 0.0000000000
56234  42.593  -9.919  22.630 0.0000000000
54113  41.904  -10.737  25.762 0.0000000000
55155  41.849  -10.640  24.934 0.0000000000
55165  42.190  -10.578  24.075 0.0000000000
55175  41.220  -10.660  23.718 0.0000000000
55174  41.982  -10.546  23.144 0.0000000000
55186  42.433  -10.258  22.794 0.0000000000
49642  45.143  -15.057  37.941 0.0000000000
49646  44.862  -14.699  37.185 0.0000000000
50727  43.757  -14.655  36.157 0.0000000000
49648  43.210  -15.340  36.390 0.0000000000
50738  42.359  -14.520  34.684 0.0000000000
50743  42.125  -14.155  34.010 0.0000000000
50744  41.411  -14.477  33.665 0.0000000000
48448  40.769  -16.286  36.640 0.0000000000
48458  40.490  -16.174  35.722 0.0000000000
49654  40.994  -16.030  35.131 0.0000000000
49663  39.826  -15.938  34.127 0.0000000000
49662  40.626  -15.696  34.404 0.0000000000
49669  41.047  -15.131  34.010 0.0000000000
149608  40.864  -14.828  33.369 0.0000000000
50753  41.104  -14.234  32.838 0.0000000000
50754  40.571  -14.402  32.164 0.0000000000
51831  39.880  -14.255  30.899 0.0000000000
51850  38.603  -13.944  29.344 0.0000000000
51868  37.498  -13.305  27.871 0.0000000000
150264  34.414  -17.907  35.253 0.0000000000
47258  34.530  -17.395  34.638 0.0000000000
47275  33.825  -17.808  33.392 0.0000000000
48481  34.749  -16.987  33.883 0.0000000000
134077  35.060  -16.675  33.036 0.0000000000
135383  32.610  -17.670  30.866 0.0000000000
48522  33.660  -16.249  30.432 0.0000000000
132695  33.716  -16.689  31.035 0.0000000000
48505  34.277  -16.564  31.414 0.0000000000
48504  34.998  -16.193  31.308 0.0000000000
49695  35.978  -16.069  31.330 0.0000000000
49715  36.198  -15.497  29.977 0.0000000000
50784  36.399  -15.116  29.405 0.0000000000
49725  35.180  -14.910  28.795 0.0000000000
50785  35.952  -14.872  28.878 0.0000000000
138312  36.600  -14.679  28.856 0.0000000000
50793  36.649  -14.201  28.372 0.0000000000
51869  36.685  -13.652  27.713 0.0000000000
51877  36.377  -13.307  26.885 0.0000000000
72603  62.218  6.537  9.387 0.0000000000
72605  60.331  6.051  9.549 0.0000000000
139532  61.696  6.262  8.847 0.0000000000
72624  61.634  5.888  8.097 0.0000000000
70366  56.669  3.694  7.632 0.0000000000
70313  54.928  3.143  14.901 0.0000000000
69199  54.100  2.732  14.092 0.0000000000
43196  35.051  -21.027  42.303 0.0000000000
44119  38.064  -20.070  47.925 0.0000000000
44129  38.492  -20.076  47.260 0.0000000000
44148  39.196  -19.844  45.006 0.0000000000
44153  34.378  -20.350  45.975 0.0000000000
45131  25.726  -19.064  51.440 0.0000000000
45151  38.884  -19.243  48.686 0.0000000000
45170  32.917  -19.344  48.542 0.0000000000
45180  39.213  -19.662  47.426 0.0000000000
45252  37.045  -18.980  40.947 0.0000000000
46017  27.147  -18.147  53.951 0.0000000000
46096  30.852  -18.238  49.547 0.0000000000
46098  28.649  -17.744  49.061 0.0000000000
46121  40.618  -18.831  47.815 0.0000000000
46141  42.826  -18.156  45.365 0.0000000000
46148  24.013  -18.880  44.695 0.0000000000
46154  30.061  -18.329  44.861 0.0000000000
46179  39.675  -18.454  42.441 0.0000000000
47022  26.831  -17.275  55.050 0.0000000000
47134  42.257  -17.434  47.327 0.0000000000
47143  43.254  -17.421  46.378 0.0000000000
47149  44.509  -17.063  45.334 0.0000000000
47172  46.000  -16.858  42.859 0.0000000000
47187  41.445  -17.338  41.480 0.0000000000
47189  39.855  -17.606  41.283 0.0000000000
47208  43.005  -16.327  39.626 0.0000000000
48323  20.577  -16.459  53.520 0.0000000000
48386  44.178  -16.407  46.361 0.0000000000
48393  45.109  -16.465  45.412 0.0000000000
48398  45.596  -16.781  44.193 0.0000000000
48403  47.054  -16.003  42.761 0.0000000000
48428  42.593  -16.277  38.399 0.0000000000
48437  42.745  -16.174  37.682 0.0000000000
48445  42.962  -15.921  37.019 0.0000000000
49566  39.672  -15.237  49.993 0.0000000000
49608  47.165  -15.022  43.807 0.0000000000
49618  47.597  -14.582  42.581 0.0000000000
49623  47.426  -15.392  41.614 0.0000000000
49629  47.953  -14.723  39.946 0.0000000000
49632  45.647  -15.731  39.310 0.0000000000
50671  44.829  -14.979  46.589 0.0000000000
50703  48.093  -14.079  41.419 0.0000000000
50710  48.826  -13.782  39.478 0.0000000000
50721  47.394  -13.951  37.789 0.0000000000
50803  36.081  -14.148  27.946 0.0000000000
51736  48.112  -12.393  42.075 0.0000000000
51752  49.630  -12.482  40.725 0.0000000000
51753  48.958  -12.906  41.140 0.0000000000
51789  47.372  -13.310  37.142 0.0000000000
51860  38.644  -13.136  28.649 0.0000000000
52769  49.429  -11.510  41.454 0.0000000000
52820  50.398  -12.205  39.555 0.0000000000
52847  49.796  -11.517  37.333 0.0000000000
52864  48.729  -11.345  36.245 0.0000000000
52866  47.431  -11.771  35.553 0.0000000000
52891  46.641  -11.176  33.143 0.0000000000
53862  48.795  -10.957  42.569 0.0000000000
53880  50.326  -10.471  41.265 0.0000000000
53911  51.020  -11.199  40.243 0.0000000000
53912  50.448  -11.372  40.736 0.0000000000
53930  51.158  -11.148  39.429 0.0000000000
53945  50.753  -11.459  38.328 0.0000000000
53956  50.954  -10.749  38.018 0.0000000000
54001  48.494  -10.470  35.159 0.0000000000
54080  45.129  -10.623  28.222 0.0000000000
54978  51.665  -9.878  39.888 0.0000000000
54990  51.450  -10.517  39.738 0.0000000000
55012  51.476  -9.438  38.050 0.0000000000
55024  50.727  -9.672  37.078 0.0000000000
55077  48.643  -9.168  33.818 0.0000000000
55121  46.736  -9.544  30.260 0.0000000000
55131  45.759  -10.229  28.597 0.0000000000
55172  43.094  -10.226  23.730 0.0000000000
55980  50.283  -8.724  42.188 0.0000000000
56013  51.301  -8.965  40.457 0.0000000000
56014  50.948  -9.416  40.984 0.0000000000
56043  51.658  -9.292  39.316 0.0000000000
56051  51.696  -8.572  38.278 0.0000000000
56062  51.571  -8.706  37.777 0.0000000000
56094  50.445  -8.472  35.292 0.0000000000
56119  48.770  -8.666  33.183 0.0000000000
56139  48.811  -8.157  32.478 0.0000000000
56179  46.364  -9.523  28.973 0.0000000000
56203  44.782  -9.645  26.245 0.0000000000
57116  50.832  -7.968  41.271 0.0000000000
57117  50.679  -8.401  41.771 0.0000000000
57143  51.547  -8.427  39.931 0.0000000000
57154  51.845  -7.831  38.806 0.0000000000
57194  51.800  -7.446  36.526 0.0000000000
57195  51.651  -8.008  37.229 0.0000000000
57222  50.822  -7.775  35.006 0.0000000000
57321  46.788  -8.829  29.298 0.0000000000
57372  44.782  -9.035  25.894 0.0000000000
58483  51.761  -7.185  39.395 0.0000000000
58533  52.757  -6.329  37.488 0.0000000000
58534  52.380  -7.125  37.815 0.0000000000
58548  52.351  -6.790  36.733 0.0000000000
58564  52.051  -6.672  35.946 0.0000000000
58612  49.828  -6.793  32.372 0.0000000000
58733  43.611  -7.457  23.497 0.0000000000
59602  51.187  -6.649  40.480 0.0000000000
59635  53.074  -5.814  38.149 0.0000000000
59664  52.821  -5.537  35.852 0.0000000000
59675  52.386  -5.595  35.203 0.0000000000
59708  49.843  -5.600  31.867 0.0000000000
60714  52.451  -5.711  39.124 0.0000000000
60754  53.646  -5.452  36.680 0.0000000000
60840  48.921  -5.340  30.123 0.0000000000
60858  47.518  -5.453  28.054 0.0000000000
61793  53.596  -4.705  35.224 0.0000000000
61800  52.679  -4.199  33.388 0.0000000000
61808  51.931  -4.515  33.207 0.0000000000
61820  50.324  -4.566  31.927 0.0000000000
62784  54.280  -3.934  37.821 0.0000000000
62788  54.580  -3.406  36.385 0.0000000000
62792  54.419  -3.417  35.557 0.0000000000
62815  50.590  -3.692  31.785 0.0000000000
63752  53.834  -2.527  34.417 0.0000000000
63766  52.247  -2.401  32.911 0.0000000000
63785  54.827  -2.015  30.446 0.0000000000
63799  56.724  -1.872  28.736 0.0000000000
63818  57.175  -1.451  28.337 0.0000000000
64725  53.968  -0.810  34.986 0.0000000000
64744  56.692  -0.753  31.756 0.0000000000
64746  52.694  -0.731  32.576 0.0000000000
64756  54.250  -1.268  31.608 0.0000000000
64767  57.833  -0.769  29.854 0.0000000000
64794  58.476  -0.198  27.936 0.0000000000
64804  58.247  -0.177  27.050 0.0000000000
65681  55.458  -0.015  34.200 0.0000000000
65692  57.010  -0.129  32.363 0.0000000000
65693  56.821  -0.357  32.748 0.0000000000
65694  56.520  -0.542  33.143 0.0000000000
65702  57.718  0.108  31.115 0.0000000000
65703  57.221  -0.248  31.641 0.0000000000
66765  54.075  0.468  36.350 0.0000000000
66810  58.219  0.547  30.552 0.0000000000
66828  59.184  0.918  28.571 0.0000000000
66835  59.777  1.342  27.488 0.0000000000
66849  59.726  0.939  26.185 0.0000000000
67938  59.556  1.397  28.063 0.0000000000
67944  60.109  1.715  27.019 0.0000000000
67963  60.738  2.266  24.930 0.0000000000
67964  60.455  1.813  25.444 0.0000000000
69088  60.906  2.747  24.499 0.0000000000
70172  61.047  3.284  24.156 0.0000000000
71240  60.300  3.860  27.552 0.0000000000
71282  61.148  3.828  23.843 0.0000000000
72424  61.032  4.351  23.625 0.0000000000
72523  63.300  6.589  15.962 0.0000000000
72537  63.531  6.338  15.478 0.0000000000
73633  62.669  7.537  18.237 0.0000000000
73649  62.276  7.034  18.378 0.0000000000
73658  62.900  7.054  16.887 0.0000000000
73677  63.996  6.606  15.076 0.0000000000
73687  64.270  6.465  14.413 0.0000000000
73695  64.468  6.453  13.724 0.0000000000
74739  63.333  7.608  16.968 0.0000000000
75825  63.895  8.440  16.433 0.0000000000
75844  64.495  7.914  15.164 0.0000000000
131009  52.438  -5.187  34.599 0.0000000000
132068  54.577  -2.142  26.549 0.0000000000
132995  51.451  -6.615  34.715 0.0000000000
133659  45.220  -13.744  46.613 0.0000000000
134285  49.264  -12.897  38.086 0.0000000000
134726  40.287  -13.504  30.631 0.0000000000
135063  53.683  -5.640  37.219 0.0000000000
135956  59.355  0.653  27.404 0.0000000000
136294  43.324  -15.818  47.370 0.0000000000
136794  48.871  -13.750  40.256 0.0000000000
136929  36.736  -18.421  50.426 0.0000000000
137336  34.952  -20.929  43.675 0.0000000000
140377  52.544  -6.453  38.508 0.0000000000
141214  52.507  -6.795  37.276 0.0000000000
145582  58.499  -0.005  29.390 0.0000000000
145644  48.126  -14.296  39.168 0.0000000000
147524  60.657  2.779  25.531 0.0000000000
147753  58.763  0.269  26.654 0.0000000000
150343  51.138  -8.376  36.184 0.0000000000
150425  34.837  -20.767  40.068 0.0000000000
151323  39.198  -16.130  36.170 0.0000000000
151663  44.350  -14.900  47.026 0.0000000000
153274  60.875  3.564  25.244 0.0000000000
153868  54.145  -4.155  35.288 0.0000000000
154657  47.820  -14.937  40.577 0.0000000000
154859  47.402  -12.775  36.596 0.0000000000
155606  57.132  0.936  32.716 0.0000000000
155729  50.606  -11.851  38.565 0.0000000000
155893  53.693  -0.684  34.360 0.0000000000
