#!ascii label  , from subject freesurfer vox2ras=TkReg
689
64531  22.424  -2.627  -43.362 0.0000000000
71970  28.549  4.765  -50.071 0.0000000000
84081  26.904  15.266  -53.853 0.0000000000
77590  21.889  9.670  -49.891 0.0000000000
59401  25.493  -7.430  -42.356 0.0000000000
62611  28.787  -5.219  -45.314 0.0000000000
144609  24.825  0.249  -48.192 0.0000000000
73137  22.365  5.180  -48.567 0.0000000000
78683  27.516  10.476  -51.090 0.0000000000
85132  32.390  16.554  -52.898 0.0000000000
87185  25.236  18.947  -54.567 0.0000000000
61593  23.998  -5.168  -43.193 0.0000000000
60542  27.176  -6.884  -43.624 0.0000000000
62627  25.124  -3.986  -44.924 0.0000000000
70827  21.208  3.926  -46.026 0.0000000000
74252  20.121  6.446  -45.505 0.0000000000
79816  24.428  11.726  -53.025 0.0000000000
77617  24.728  9.745  -52.614 0.0000000000
82044  27.003  12.921  -52.170 0.0000000000
83089  30.167  14.392  -50.206 0.0000000000
86160  30.165  17.170  -51.751 0.0000000000
88090  23.918  19.267  -51.934 0.0000000000
86173  23.809  17.667  -52.593 0.0000000000
89127  24.716  21.118  -55.611 0.0000000000
68705  27.073  1.633  -49.855 0.0000000000
149052  28.300  -0.830  -47.687 0.0000000000
69762  29.696  2.086  -47.761 0.0000000000
82056  23.996  13.469  -52.923 0.0000000000
146863  31.413  7.825  -48.347 0.0000000000
66481  21.569  -0.260  -44.028 0.0000000000
150660  23.563  -1.457  -45.585 0.0000000000
67621  22.202  1.219  -45.728 0.0000000000
69778  23.591  2.700  -48.540 0.0000000000
71996  26.215  4.530  -51.064 0.0000000000
75375  21.975  7.578  -49.284 0.0000000000
74328  25.954  6.899  -51.949 0.0000000000
76466  28.392  8.086  -50.171 0.0000000000
78673  30.517  10.818  -48.895 0.0000000000
149941  24.443  15.998  -53.290 0.0000000000
86184  26.574  17.952  -53.975 0.0000000000
90168  25.483  21.530  -57.818 0.0000000000
90145  27.652  21.558  -55.885 0.0000000000
88107  29.866  19.587  -53.602 0.0000000000
87184  31.592  18.694  -55.566 0.0000000000
156169  26.791  -2.955  -46.459 0.0000000000
150707  21.921  -2.171  -42.818 0.0000000000
63531  22.271  -3.403  -42.421 0.0000000000
63543  23.222  -3.730  -43.542 0.0000000000
62603  24.315  -4.823  -43.757 0.0000000000
63554  23.563  -3.387  -44.264 0.0000000000
82068  26.334  13.625  -54.540 0.0000000000
80950  26.162  12.297  -53.391 0.0000000000
83099  27.422  14.398  -52.532 0.0000000000
84073  28.477  15.356  -51.549 0.0000000000
85128  28.315  16.576  -52.306 0.0000000000
90125  24.483  21.382  -53.812 0.0000000000
89107  24.460  20.736  -53.962 0.0000000000
90147  24.540  21.638  -55.368 0.0000000000
69794  27.696  2.973  -50.216 0.0000000000
68703  27.922  1.781  -49.569 0.0000000000
70852  28.743  3.080  -49.051 0.0000000000
80952  23.224  12.499  -52.263 0.0000000000
82057  23.396  13.751  -52.319 0.0000000000
60522  24.037  -6.659  -41.761 0.0000000000
58224  24.184  -7.914  -40.875 0.0000000000
56887  26.030  -8.910  -41.275 0.0000000000
58233  26.775  -8.206  -42.171 0.0000000000
60554  27.987  -6.191  -44.361 0.0000000000
60527  28.323  -7.065  -42.850 0.0000000000
67611  21.819  0.817  -44.946 0.0000000000
68652  21.186  2.147  -44.710 0.0000000000
71947  21.714  4.783  -47.500 0.0000000000
70838  22.313  3.547  -47.672 0.0000000000
70854  22.742  3.907  -48.469 0.0000000000
70865  24.605  3.482  -49.811 0.0000000000
71971  23.675  4.652  -49.758 0.0000000000
138957  20.123  8.705  -46.440 0.0000000000
76450  21.344  8.709  -48.480 0.0000000000
77608  26.588  9.706  -52.176 0.0000000000
75405  24.724  7.802  -52.148 0.0000000000
76476  26.852  8.741  -51.937 0.0000000000
75392  27.106  7.218  -51.903 0.0000000000
145323  28.030  8.927  -50.497 0.0000000000
78663  29.765  9.575  -48.880 0.0000000000
78675  28.728  10.586  -49.765 0.0000000000
84069  32.029  15.324  -51.012 0.0000000000
82032  32.501  13.852  -50.713 0.0000000000
87182  24.641  18.917  -54.091 0.0000000000
86185  24.104  16.797  -52.952 0.0000000000
86190  25.207  17.547  -54.143 0.0000000000
134196  25.365  16.612  -54.316 0.0000000000
87179  26.134  18.473  -54.405 0.0000000000
89113  28.704  20.756  -54.716 0.0000000000
89135  30.217  20.694  -55.989 0.0000000000
88126  31.239  19.459  -55.015 0.0000000000
66502  24.217  -0.595  -46.900 0.0000000000
156748  24.865  -2.165  -46.188 0.0000000000
65482  25.790  -1.321  -47.409 0.0000000000
146089  29.997  -1.223  -47.597 0.0000000000
156619  29.012  -2.092  -47.280 0.0000000000
61585  23.136  -5.321  -42.091 0.0000000000
60530  24.395  -6.278  -42.490 0.0000000000
59400  26.364  -7.553  -42.704 0.0000000000
61591  25.477  -5.777  -43.769 0.0000000000
61603  25.878  -5.409  -44.319 0.0000000000
61615  27.240  -5.147  -45.111 0.0000000000
135807  20.263  4.544  -44.943 0.0000000000
71940  20.657  5.158  -45.921 0.0000000000
73126  21.202  5.691  -47.078 0.0000000000
78692  22.871  10.888  -51.688 0.0000000000
77609  23.492  9.536  -51.729 0.0000000000
78699  24.497  10.489  -52.715 0.0000000000
79802  26.169  11.452  -52.837 0.0000000000
80931  27.657  12.033  -50.877 0.0000000000
80920  28.521  11.968  -50.169 0.0000000000
150001  28.632  13.466  -50.519 0.0000000000
84071  30.221  15.877  -50.889 0.0000000000
85126  31.621  17.083  -52.083 0.0000000000
87144  23.522  18.302  -50.825 0.0000000000
87162  23.819  18.601  -52.311 0.0000000000
88123  24.530  19.831  -54.209 0.0000000000
88132  24.811  20.298  -55.039 0.0000000000
67658  25.945  1.074  -49.456 0.0000000000
66526  26.265  -0.328  -48.398 0.0000000000
150929  27.471  0.761  -49.166 0.0000000000
67647  28.371  0.723  -48.399 0.0000000000
78664  21.506  10.723  -49.296 0.0000000000
79804  22.900  11.775  -51.903 0.0000000000
82070  24.496  12.824  -53.227 0.0000000000
83118  26.079  14.818  -54.991 0.0000000000
59398  27.911  -7.633  -42.421 0.0000000000
74277  29.583  6.338  -49.002 0.0000000000
71957  30.098  4.700  -48.202 0.0000000000
65448  21.972  -1.392  -43.854 0.0000000000
64548  22.916  -1.994  -44.645 0.0000000000
66480  22.107  -0.876  -44.497 0.0000000000
66504  23.038  -0.054  -45.943 0.0000000000
67637  23.640  0.810  -47.447 0.0000000000
149283  21.748  2.705  -46.308 0.0000000000
68676  22.767  1.920  -47.247 0.0000000000
68691  24.511  1.544  -48.734 0.0000000000
69787  25.535  2.481  -49.870 0.0000000000
136156  26.432  3.289  -50.488 0.0000000000
71982  27.978  4.444  -50.624 0.0000000000
135297  20.626  7.039  -46.742 0.0000000000
74291  22.004  6.653  -48.972 0.0000000000
76478  22.928  8.551  -50.835 0.0000000000
139392  23.923  7.057  -51.236 0.0000000000
73159  24.161  5.548  -50.691 0.0000000000
74314  25.607  5.698  -51.555 0.0000000000
73167  27.838  5.967  -51.374 0.0000000000
74289  28.716  6.250  -50.310 0.0000000000
75361  29.658  7.597  -48.880 0.0000000000
77575  31.205  9.607  -48.570 0.0000000000
153783  31.146  12.526  -49.422 0.0000000000
83121  24.737  15.182  -53.660 0.0000000000
84091  25.761  15.526  -54.940 0.0000000000
140726  26.574  15.900  -54.310 0.0000000000
89139  24.954  21.093  -56.930 0.0000000000
89137  25.848  21.082  -56.191 0.0000000000
90167  26.427  21.988  -57.411 0.0000000000
89125  26.240  20.706  -55.528 0.0000000000
88120  27.301  19.811  -54.322 0.0000000000
88109  27.844  19.345  -53.699 0.0000000000
86182  27.988  17.944  -52.906 0.0000000000
87160  29.965  18.447  -52.582 0.0000000000
87158  31.524  18.259  -53.139 0.0000000000
86187  32.315  17.320  -54.130 0.0000000000
64547  24.410  -2.562  -45.560 0.0000000000
63564  26.325  -3.826  -45.677 0.0000000000
62635  28.259  -4.120  -46.162 0.0000000000
65480  27.777  -1.721  -47.353 0.0000000000
63590  28.403  -2.969  -46.751 0.0000000000
63545  22.108  -2.640  -42.715 0.0000000000
63544  22.577  -3.268  -43.101 0.0000000000
62614  23.910  -4.130  -44.015 0.0000000000
63555  22.910  -2.989  -43.802 0.0000000000
83107  26.349  14.308  -54.818 0.0000000000
157737  26.647  13.366  -53.959 0.0000000000
84080  27.356  15.257  -52.919 0.0000000000
84079  28.029  15.768  -52.184 0.0000000000
85129  27.555  16.172  -52.808 0.0000000000
90136  24.542  21.567  -54.517 0.0000000000
135100  28.190  4.088  -50.310 0.0000000000
70864  28.085  3.177  -49.950 0.0000000000
70863  28.618  3.952  -49.539 0.0000000000
59402  24.736  -7.078  -42.073 0.0000000000
59390  24.335  -7.334  -41.488 0.0000000000
59389  25.009  -7.912  -41.581 0.0000000000
58211  25.463  -8.630  -41.306 0.0000000000
58223  25.949  -8.217  -41.918 0.0000000000
58222  26.506  -8.585  -41.633 0.0000000000
61601  28.349  -5.698  -44.767 0.0000000000
60541  28.546  -6.116  -44.143 0.0000000000
61600  29.011  -5.578  -44.625 0.0000000000
62610  29.409  -4.988  -45.101 0.0000000000
67612  21.309  1.247  -44.309 0.0000000000
141530  21.958  5.188  -47.983 0.0000000000
71959  22.256  4.482  -48.046 0.0000000000
71958  22.692  4.584  -48.723 0.0000000000
71972  23.202  4.289  -49.110 0.0000000000
77568  20.925  9.402  -47.922 0.0000000000
77578  21.670  9.049  -49.348 0.0000000000
78689  26.887  10.488  -51.794 0.0000000000
144649  26.340  9.090  -52.341 0.0000000000
77607  27.210  9.652  -51.577 0.0000000000
142035  27.486  8.838  -51.307 0.0000000000
77599  27.761  9.702  -50.810 0.0000000000
77598  28.341  9.784  -50.055 0.0000000000
78682  28.099  10.494  -50.394 0.0000000000
84078  32.501  15.758  -52.375 0.0000000000
151753  32.429  15.313  -51.656 0.0000000000
86191  24.709  18.092  -53.796 0.0000000000
87181  25.014  18.490  -54.289 0.0000000000
87180  25.530  18.133  -54.437 0.0000000000
88122  25.642  19.080  -54.641 0.0000000000
89136  29.737  21.236  -56.527 0.0000000000
89146  30.368  20.648  -56.942 0.0000000000
88138  30.780  20.029  -56.456 0.0000000000
66517  24.820  -0.414  -47.674 0.0000000000
65483  24.978  -1.095  -47.224 0.0000000000
66516  25.391  -0.763  -47.694 0.0000000000
66512  30.928  -1.231  -47.820 0.0000000000
65477  30.449  -1.829  -47.612 0.0000000000
62592  23.326  -4.866  -42.679 0.0000000000
62581  22.714  -4.658  -42.131 0.0000000000
61584  23.797  -5.537  -42.597 0.0000000000
60531  23.599  -6.007  -42.002 0.0000000000
61583  24.404  -5.713  -43.022 0.0000000000
60529  25.091  -6.223  -43.202 0.0000000000
61592  24.708  -5.486  -43.526 0.0000000000
62613  24.678  -4.443  -44.360 0.0000000000
61604  25.059  -5.151  -44.092 0.0000000000
62612  25.509  -4.693  -44.608 0.0000000000
61616  26.375  -4.924  -44.832 0.0000000000
62626  25.943  -4.248  -45.191 0.0000000000
74240  19.888  6.143  -44.971 0.0000000000
73112  20.250  5.634  -45.287 0.0000000000
73119  20.497  5.894  -46.006 0.0000000000
73118  20.910  5.466  -46.486 0.0000000000
153419  20.415  6.580  -46.188 0.0000000000
78700  24.024  10.972  -52.703 0.0000000000
78691  23.444  10.435  -52.058 0.0000000000
78709  24.651  11.170  -52.952 0.0000000000
145674  26.627  12.807  -53.367 0.0000000000
79813  25.757  11.732  -53.146 0.0000000000
80941  26.598  12.101  -52.683 0.0000000000
79793  26.654  11.318  -52.131 0.0000000000
141870  27.520  12.777  -51.302 0.0000000000
82036  28.206  12.799  -50.624 0.0000000000
82043  27.950  13.543  -51.100 0.0000000000
85116  29.725  16.423  -51.417 0.0000000000
84072  29.284  15.687  -51.109 0.0000000000
85115  30.669  16.547  -51.375 0.0000000000
86159  31.002  17.227  -51.807 0.0000000000
89095  24.209  20.094  -52.276 0.0000000000
88080  23.781  19.016  -51.059 0.0000000000
87151  23.644  18.462  -51.635 0.0000000000
88098  24.136  19.546  -52.680 0.0000000000
133407  24.625  20.913  -54.772 0.0000000000
88110  24.302  19.754  -53.400 0.0000000000
68706  26.513  1.653  -49.832 0.0000000000
67657  26.735  0.908  -49.506 0.0000000000
67656  27.304  1.064  -49.497 0.0000000000
69776  28.894  2.235  -48.479 0.0000000000
68688  28.990  1.342  -47.958 0.0000000000
67634  29.182  0.383  -47.747 0.0000000000
148433  21.279  10.968  -48.605 0.0000000000
79773  21.694  11.339  -49.938 0.0000000000
79794  22.490  11.290  -51.314 0.0000000000
79784  22.102  11.269  -50.684 0.0000000000
149412  23.488  13.062  -52.482 0.0000000000
80951  23.817  12.521  -52.793 0.0000000000
83109  24.830  13.629  -53.528 0.0000000000
82082  25.656  13.907  -54.082 0.0000000000
59410  26.472  -6.937  -43.353 0.0000000000
59399  27.186  -7.738  -42.672 0.0000000000
60528  27.599  -7.277  -43.133 0.0000000000
59386  28.558  -7.252  -41.771 0.0000000000
75359  31.064  7.046  -48.261 0.0000000000
66469  21.642  -0.885  -43.748 0.0000000000
154300  21.854  -0.931  -44.173 0.0000000000
65447  22.450  -1.572  -44.418 0.0000000000
67610  22.398  0.369  -45.473 0.0000000000
67620  22.759  0.749  -46.272 0.0000000000
66503  23.492  0.254  -46.780 0.0000000000
67638  23.091  1.170  -46.991 0.0000000000
70820  20.846  3.532  -45.355 0.0000000000
69748  21.333  3.079  -45.836 0.0000000000
69779  22.899  3.098  -48.148 0.0000000000
69763  22.556  2.687  -47.450 0.0000000000
68693  23.150  2.301  -47.864 0.0000000000
68675  23.419  1.510  -47.663 0.0000000000
68692  23.832  1.866  -48.326 0.0000000000
68707  25.138  1.775  -49.387 0.0000000000
68708  24.335  2.272  -48.953 0.0000000000
70876  25.201  3.683  -50.365 0.0000000000
69796  25.771  3.135  -50.287 0.0000000000
70884  26.649  3.970  -50.753 0.0000000000
71984  27.238  4.025  -50.686 0.0000000000
71995  26.962  4.546  -50.958 0.0000000000
75363  21.308  7.804  -48.187 0.0000000000
75347  20.442  8.014  -46.800 0.0000000000
75353  20.927  7.444  -47.446 0.0000000000
74278  21.559  6.545  -48.303 0.0000000000
139281  23.041  9.181  -51.213 0.0000000000
76490  24.009  8.996  -51.959 0.0000000000
75404  25.458  7.735  -52.232 0.0000000000
75393  24.514  7.040  -51.673 0.0000000000
73160  23.500  6.409  -50.519 0.0000000000
74315  24.296  6.278  -51.201 0.0000000000
73170  24.840  5.562  -51.244 0.0000000000
156733  25.648  6.353  -51.772 0.0000000000
75384  27.552  7.219  -51.564 0.0000000000
74312  27.363  6.473  -51.764 0.0000000000
74302  27.820  6.614  -51.401 0.0000000000
73156  28.306  5.670  -50.856 0.0000000000
75373  28.606  7.088  -50.226 0.0000000000
75372  29.179  6.868  -49.510 0.0000000000
76458  28.986  7.749  -49.506 0.0000000000
146816  29.845  10.228  -48.969 0.0000000000
77576  30.383  9.217  -48.620 0.0000000000
78661  31.166  10.310  -48.695 0.0000000000
77587  31.942  10.126  -48.717 0.0000000000
78672  31.600  10.906  -48.905 0.0000000000
82035  30.002  13.518  -49.811 0.0000000000
82028  29.914  12.818  -49.622 0.0000000000
82027  30.670  13.036  -49.585 0.0000000000
87163  23.501  17.742  -51.940 0.0000000000
155656  23.360  16.851  -52.025 0.0000000000
85136  23.644  16.449  -52.413 0.0000000000
84083  23.565  15.425  -52.332 0.0000000000
83101  23.759  14.441  -52.626 0.0000000000
84082  24.137  15.200  -52.932 0.0000000000
132223  25.995  17.521  -54.398 0.0000000000
152657  25.468  15.940  -54.617 0.0000000000
152953  25.886  16.756  -54.550 0.0000000000
85140  26.041  16.146  -54.771 0.0000000000
85134  26.370  16.890  -54.161 0.0000000000
89149  24.565  21.066  -57.565 0.0000000000
89148  25.031  21.107  -57.330 0.0000000000
89138  25.275  21.017  -56.522 0.0000000000
90157  25.630  21.334  -56.967 0.0000000000
90166  27.601  22.326  -57.407 0.0000000000
90155  27.131  21.909  -56.578 0.0000000000
90146  26.684  21.369  -55.952 0.0000000000
89124  27.178  21.016  -55.312 0.0000000000
88128  26.736  20.278  -54.888 0.0000000000
89114  27.731  20.607  -54.703 0.0000000000
155817  29.010  20.435  -54.368 0.0000000000
88119  28.396  20.165  -54.123 0.0000000000
88108  28.884  19.566  -53.550 0.0000000000
87173  28.405  18.802  -53.163 0.0000000000
87161  28.982  18.265  -52.646 0.0000000000
87172  29.411  19.011  -53.037 0.0000000000
88106  31.156  19.225  -54.168 0.0000000000
87177  31.624  18.695  -54.684 0.0000000000
86181  31.993  17.878  -53.629 0.0000000000
86195  31.960  18.018  -55.190 0.0000000000
151048  23.559  -2.144  -45.191 0.0000000000
64558  26.280  -2.553  -46.523 0.0000000000
63580  25.209  -2.873  -45.848 0.0000000000
62636  27.216  -3.704  -46.080 0.0000000000
145795  28.059  -3.512  -46.442 0.0000000000
66525  27.066  -0.485  -48.308 0.0000000000
65489  27.257  -1.196  -47.705 0.0000000000
66515  27.844  -1.095  -47.687 0.0000000000
64556  29.670  -3.165  -46.888 0.0000000000
64567  29.103  -2.723  -47.007 0.0000000000
63576  29.372  -3.736  -46.583 0.0000000000
62593  22.809  -4.084  -42.753 0.0000000000
62604  23.582  -4.481  -43.334 0.0000000000
63553  24.316  -3.711  -44.635 0.0000000000
80963  25.381  12.513  -53.524 0.0000000000
80962  25.822  12.532  -53.632 0.0000000000
146519  26.218  13.046  -53.967 0.0000000000
82055  26.993  13.579  -52.979 0.0000000000
83094  28.093  14.463  -51.516 0.0000000000
84074  27.865  15.050  -52.105 0.0000000000
85117  28.805  16.155  -51.692 0.0000000000
85127  29.205  16.928  -51.940 0.0000000000
90118  24.458  21.252  -53.307 0.0000000000
89102  24.338  20.573  -53.183 0.0000000000
68720  27.347  2.429  -50.101 0.0000000000
68704  27.508  1.731  -49.750 0.0000000000
69786  27.765  2.384  -49.911 0.0000000000
69777  28.275  2.323  -49.423 0.0000000000
69775  29.490  3.003  -48.179 0.0000000000
139143  23.059  13.157  -52.023 0.0000000000
151264  23.433  -6.405  -41.454 0.0000000000
59392  22.989  -6.523  -40.813 0.0000000000
59391  23.681  -7.064  -41.163 0.0000000000
59377  23.370  -7.473  -40.448 0.0000000000
56874  26.165  -9.414  -40.686 0.0000000000
58210  26.670  -8.983  -41.104 0.0000000000
58209  27.334  -8.767  -40.791 0.0000000000
60555  27.378  -6.330  -44.163 0.0000000000
135346  27.985  -6.715  -43.742 0.0000000000
67599  21.266  0.538  -43.713 0.0000000000
148981  21.565  0.426  -44.355 0.0000000000
68651  21.592  1.642  -45.181 0.0000000000
71948  21.491  4.255  -46.856 0.0000000000
69747  21.605  3.425  -46.539 0.0000000000
137464  21.899  4.140  -47.454 0.0000000000
70853  23.378  3.525  -48.825 0.0000000000
69789  24.084  3.113  -49.210 0.0000000000
70866  23.855  3.897  -49.528 0.0000000000
70877  24.480  4.276  -50.216 0.0000000000
71985  25.329  4.348  -50.777 0.0000000000
76440  20.889  8.379  -47.680 0.0000000000
76449  21.637  8.139  -48.958 0.0000000000
77616  25.406  9.538  -52.632 0.0000000000
76489  24.964  8.708  -52.494 0.0000000000
142337  25.975  9.030  -52.491 0.0000000000
76487  26.396  8.281  -52.235 0.0000000000
75403  26.190  7.577  -52.129 0.0000000000
74327  26.612  6.782  -51.893 0.0000000000
76486  26.861  7.867  -52.000 0.0000000000
76467  27.739  8.033  -51.015 0.0000000000
153619  28.890  8.478  -49.491 0.0000000000
77589  28.595  9.049  -49.728 0.0000000000
78674  29.107  9.879  -49.375 0.0000000000
141528  29.523  10.754  -49.293 0.0000000000
83088  31.163  14.544  -50.258 0.0000000000
82033  31.762  13.928  -50.115 0.0000000000
83087  31.950  14.618  -50.587 0.0000000000
83093  32.490  14.654  -51.275 0.0000000000
154159  24.090  18.277  -53.032 0.0000000000
137284  24.259  17.774  -53.234 0.0000000000
134160  24.737  16.963  -53.669 0.0000000000
86189  25.636  17.106  -54.444 0.0000000000
90154  28.272  21.947  -56.627 0.0000000000
89123  28.185  21.211  -55.252 0.0000000000
90153  29.034  21.547  -56.306 0.0000000000
89122  29.306  21.145  -55.498 0.0000000000
89121  30.056  20.547  -55.187 0.0000000000
88117  30.375  19.970  -54.432 0.0000000000
88127  30.708  20.089  -55.487 0.0000000000
65469  23.888  -1.117  -46.163 0.0000000000
64560  24.162  -1.806  -45.850 0.0000000000
65468  24.562  -1.439  -46.544 0.0000000000
65467  25.299  -1.738  -46.778 0.0000000000
64570  26.049  -1.969  -46.848 0.0000000000
66514  29.050  -1.012  -47.466 0.0000000000
65479  28.669  -1.445  -47.436 0.0000000000
65478  29.529  -1.733  -47.456 0.0000000000
64566  29.887  -2.456  -47.296 0.0000000000
60532  23.006  -5.814  -41.488 0.0000000000
131933  25.107  -6.795  -42.651 0.0000000000
59411  25.737  -6.923  -43.024 0.0000000000
60544  25.926  -6.393  -43.562 0.0000000000
60557  26.148  -5.954  -43.989 0.0000000000
60543  26.656  -6.400  -43.866 0.0000000000
60556  26.762  -5.720  -44.443 0.0000000000
61602  27.650  -5.737  -44.701 0.0000000000
61614  28.068  -5.244  -45.299 0.0000000000
71933  20.836  4.390  -45.765 0.0000000000
143738  20.343  4.823  -45.164 0.0000000000
71939  21.053  4.737  -46.272 0.0000000000
131290  21.305  5.084  -46.966 0.0000000000
73125  21.531  5.474  -47.590 0.0000000000
77601  22.268  9.827  -50.509 0.0000000000
77610  22.812  9.938  -51.316 0.0000000000
77618  24.069  9.912  -52.382 0.0000000000
77626  25.014  10.550  -52.867 0.0000000000
78708  25.047  11.332  -53.082 0.0000000000
78707  25.386  11.140  -52.985 0.0000000000
77625  25.497  10.389  -52.767 0.0000000000
78690  26.321  10.579  -52.452 0.0000000000
79783  27.873  11.236  -50.615 0.0000000000
80930  29.123  12.958  -50.028 0.0000000000
141261  29.303  13.852  -50.250 0.0000000000
84063  28.885  14.933  -50.898 0.0000000000
146063  29.339  14.511  -50.496 0.0000000000
84061  30.674  15.199  -50.523 0.0000000000
84070  31.274  15.871  -50.979 0.0000000000
85113  32.087  15.979  -51.525 0.0000000000
85125  32.124  16.582  -52.115 0.0000000000
130895  24.083  18.800  -52.899 0.0000000000
87175  24.329  18.797  -53.516 0.0000000000
88131  24.905  19.372  -54.539 0.0000000000
88130  25.249  19.885  -54.983 0.0000000000
157749  25.307  0.275  -48.552 0.0000000000
66527  25.470  -0.226  -48.234 0.0000000000
67649  26.600  0.269  -48.926 0.0000000000
67648  27.231  0.393  -48.971 0.0000000000
66524  27.713  -0.303  -48.216 0.0000000000
68690  27.744  1.118  -49.223 0.0000000000
142182  27.759  0.411  -48.694 0.0000000000
67635  28.481  -0.180  -47.890 0.0000000000
137459  29.486  -0.478  -47.573 0.0000000000
78676  21.858  10.465  -50.124 0.0000000000
78684  22.357  10.603  -50.964 0.0000000000
79803  23.884  11.780  -52.804 0.0000000000
154177  23.441  11.975  -52.469 0.0000000000
146310  24.803  12.341  -53.293 0.0000000000
80964  25.245  13.060  -53.619 0.0000000000
83108  26.159  14.172  -54.533 0.0000000000
144337  26.524  15.012  -54.643 0.0000000000
59388  27.501  -8.109  -42.017 0.0000000000
73146  29.119  5.513  -49.472 0.0000000000
71969  29.152  4.757  -49.029 0.0000000000
73136  29.797  5.548  -48.660 0.0000000000
64532  22.072  -2.027  -43.270 0.0000000000
64539  22.527  -2.201  -43.999 0.0000000000
65457  22.930  -1.332  -45.017 0.0000000000
66492  22.005  -0.005  -44.730 0.0000000000
66491  22.587  -0.476  -45.239 0.0000000000
66490  23.278  -0.819  -45.695 0.0000000000
149967  23.577  -0.480  -46.311 0.0000000000
66518  24.185  0.201  -47.541 0.0000000000
69737  20.957  2.880  -45.039 0.0000000000
69736  21.429  2.424  -45.486 0.0000000000
68663  21.971  2.014  -46.019 0.0000000000
69764  22.080  3.052  -46.970 0.0000000000
68677  22.270  2.328  -46.785 0.0000000000
68662  22.500  1.583  -46.547 0.0000000000
67636  24.198  0.997  -48.110 0.0000000000
67651  25.106  0.870  -48.789 0.0000000000
134861  25.897  1.848  -49.781 0.0000000000
69788  24.806  2.690  -49.563 0.0000000000
68722  26.311  2.458  -50.121 0.0000000000
69795  26.926  2.828  -50.370 0.0000000000
70873  27.438  3.349  -50.436 0.0000000000
70872  27.853  3.658  -50.396 0.0000000000
157576  28.235  4.564  -50.498 0.0000000000
75338  19.360  7.802  -45.433 0.0000000000
74268  21.037  6.715  -47.289 0.0000000000
73139  21.321  6.178  -47.613 0.0000000000
73150  22.427  5.842  -49.089 0.0000000000
76469  22.187  9.128  -50.034 0.0000000000
76468  22.485  8.540  -50.244 0.0000000000
75374  22.421  7.839  -49.870 0.0000000000
75394  24.010  7.956  -51.729 0.0000000000
75395  23.337  7.677  -50.925 0.0000000000
144015  22.359  7.167  -49.564 0.0000000000
74290  22.584  6.520  -49.583 0.0000000000
132765  22.993  5.915  -49.760 0.0000000000
73148  23.561  5.395  -50.053 0.0000000000
138491  24.113  4.949  -50.298 0.0000000000
73158  24.723  4.925  -50.764 0.0000000000
73169  26.254  5.269  -51.416 0.0000000000
74313  26.974  6.182  -51.806 0.0000000000
73168  26.876  5.528  -51.548 0.0000000000
71994  27.246  5.096  -51.200 0.0000000000
73157  27.812  5.205  -51.030 0.0000000000
145355  28.284  4.982  -50.649 0.0000000000
73147  28.678  5.520  -50.267 0.0000000000
151978  29.620  6.960  -48.964 0.0000000000
145525  30.561  7.766  -48.471 0.0000000000
77577  29.744  8.957  -48.793 0.0000000000
76448  30.110  8.439  -48.626 0.0000000000
76447  31.131  8.644  -48.437 0.0000000000
79772  29.089  11.374  -49.663 0.0000000000
79771  29.989  11.550  -49.265 0.0000000000
82026  31.601  13.144  -49.692 0.0000000000
79769  32.166  11.538  -49.329 0.0000000000
83110  24.414  14.354  -53.265 0.0000000000
85142  25.055  15.980  -54.024 0.0000000000
84092  25.346  15.293  -54.409 0.0000000000
83120  25.162  14.485  -53.939 0.0000000000
83119  25.749  14.684  -54.623 0.0000000000
84090  26.185  15.477  -54.923 0.0000000000
136072  24.411  21.529  -56.123 0.0000000000
138665  24.692  21.196  -56.319 0.0000000000
141498  25.106  20.897  -55.870 0.0000000000
89126  25.516  20.655  -55.677 0.0000000000
90156  26.315  21.530  -56.605 0.0000000000
88129  25.863  19.957  -55.083 0.0000000000
88121  26.368  19.400  -54.584 0.0000000000
87178  26.887  18.925  -54.054 0.0000000000
86183  27.148  17.475  -53.471 0.0000000000
85133  27.024  16.558  -53.470 0.0000000000
86172  27.723  17.036  -52.832 0.0000000000
86171  28.626  17.412  -52.444 0.0000000000
86170  29.587  17.706  -52.217 0.0000000000
156486  30.610  19.372  -53.743 0.0000000000
87159  30.846  18.444  -52.742 0.0000000000
86169  30.521  17.841  -52.195 0.0000000000
86168  31.385  17.727  -52.451 0.0000000000
86180  32.263  17.235  -53.317 0.0000000000
85139  32.459  16.556  -53.796 0.0000000000
86198  31.726  17.843  -56.040 0.0000000000
85146  32.130  17.180  -55.578 0.0000000000
85145  32.394  16.576  -54.833 0.0000000000
64538  23.224  -2.632  -44.489 0.0000000000
63567  23.961  -2.965  -44.913 0.0000000000
63566  24.733  -3.313  -45.283 0.0000000000
63565  25.561  -3.576  -45.523 0.0000000000
62625  26.807  -4.423  -45.451 0.0000000000
62624  27.722  -4.578  -45.662 0.0000000000
62623  28.546  -4.733  -45.804 0.0000000000
65490  26.557  -1.046  -47.779 0.0000000000
141369  26.464  -1.663  -47.268 0.0000000000
64568  27.691  -2.320  -46.988 0.0000000000
157854  28.352  -1.737  -47.342 0.0000000000
63578  27.516  -2.970  -46.605 0.0000000000
62634  28.990  -4.280  -46.287 0.0000000000
62622  29.212  -4.703  -45.807 0.0000000000
70851  29.320  3.888  -48.610 0.0000000000
70850  30.128  3.744  -47.901 0.0000000000
58221  27.119  -8.552  -41.547 0.0000000000
62602  29.600  -5.133  -44.191 0.0000000000
63577  28.730  -3.691  -46.529 0.0000000000
63579  26.131  -3.140  -46.081 0.0000000000
64557  29.081  -3.285  -46.762 0.0000000000
64559  25.619  -2.414  -46.384 0.0000000000
64569  26.842  -2.306  -46.871 0.0000000000
65481  27.095  -1.713  -47.348 0.0000000000
65491  25.910  -0.720  -47.901 0.0000000000
67650  25.875  0.352  -48.844 0.0000000000
68689  28.342  1.547  -48.878 0.0000000000
68721  26.874  2.176  -50.059 0.0000000000
70839  21.862  3.666  -47.114 0.0000000000
70874  26.983  3.500  -50.574 0.0000000000
70875  25.925  3.809  -50.697 0.0000000000
71983  27.513  4.588  -50.830 0.0000000000
71997  25.493  5.009  -51.186 0.0000000000
73138  21.817  5.844  -48.326 0.0000000000
73149  22.947  5.090  -49.326 0.0000000000
73177  26.342  6.058  -51.766 0.0000000000
74262  20.856  6.196  -46.781 0.0000000000
74279  21.294  6.955  -47.909 0.0000000000
74288  29.060  6.093  -49.737 0.0000000000
74301  28.254  6.425  -50.913 0.0000000000
74303  22.818  7.150  -50.156 0.0000000000
74326  26.996  6.759  -51.886 0.0000000000
74329  25.211  6.995  -51.930 0.0000000000
75360  30.123  7.002  -48.636 0.0000000000
75362  21.592  7.267  -48.628 0.0000000000
75383  28.039  7.225  -50.891 0.0000000000
75385  22.757  7.968  -50.439 0.0000000000
75402  26.741  7.381  -51.969 0.0000000000
76457  29.407  8.390  -49.030 0.0000000000
76459  22.063  8.401  -49.622 0.0000000000
76475  27.251  7.955  -51.717 0.0000000000
76477  23.460  8.659  -51.418 0.0000000000
76488  25.740  8.475  -52.412 0.0000000000
77588  29.232  9.068  -49.190 0.0000000000
77600  22.609  9.201  -50.688 0.0000000000
77615  25.982  9.856  -52.592 0.0000000000
78662  30.468  9.979  -48.716 0.0000000000
78698  25.813  10.851  -52.797 0.0000000000
78701  23.415  11.309  -52.334 0.0000000000
79782  28.451  11.138  -50.104 0.0000000000
79792  27.263  11.268  -51.354 0.0000000000
79814  25.373  11.876  -53.278 0.0000000000
79815  24.939  11.837  -53.211 0.0000000000
80918  30.377  12.314  -49.407 0.0000000000
80919  29.479  12.178  -49.632 0.0000000000
80940  27.070  12.071  -51.718 0.0000000000
80942  22.713  12.539  -51.696 0.0000000000
80965  24.282  12.217  -53.062 0.0000000000
82034  30.914  13.799  -49.850 0.0000000000
82054  27.444  13.709  -51.937 0.0000000000
82069  25.931  13.318  -54.095 0.0000000000
83090  28.658  14.158  -50.725 0.0000000000
83100  26.825  14.314  -53.876 0.0000000000
84060  31.441  15.132  -50.639 0.0000000000
84062  29.743  15.142  -50.603 0.0000000000
84086  27.050  15.832  -53.425 0.0000000000
85114  31.500  16.582  -51.602 0.0000000000
85130  23.343  16.043  -52.012 0.0000000000
85135  23.947  15.962  -52.736 0.0000000000
85141  25.688  16.331  -54.756 0.0000000000
86167  32.027  17.196  -52.594 0.0000000000
86188  32.016  18.017  -54.391 0.0000000000
86194  32.235  17.451  -54.834 0.0000000000
87170  31.589  18.524  -53.890 0.0000000000
87171  30.324  19.001  -53.155 0.0000000000
87174  27.442  18.429  -53.518 0.0000000000
88118  29.369  20.131  -54.058 0.0000000000
89112  29.494  20.529  -54.693 0.0000000000
90144  28.507  21.512  -55.891 0.0000000000
133807  26.749  4.984  -51.235 0.0000000000
135241  28.412  -2.270  -47.104 0.0000000000
135344  21.571  9.915  -49.348 0.0000000000
137058  24.436  9.197  -52.369 0.0000000000
138411  27.647  4.026  -50.590 0.0000000000
140627  31.065  18.867  -53.438 0.0000000000
141993  31.912  17.707  -52.986 0.0000000000
142068  27.357  5.721  -51.526 0.0000000000
147434  24.419  8.539  -52.193 0.0000000000
149844  25.001  6.277  -51.615 0.0000000000
152648  25.206  3.107  -49.972 0.0000000000
153681  26.955  -7.327  -43.166 0.0000000000
153995  27.464  13.242  -51.596 0.0000000000
155715  22.974  6.477  -50.004 0.0000000000
156663  26.321  0.649  -49.242 0.0000000000
