#!ascii label  , from subject freesurfer vox2ras=TkReg
1780
26057  32.674  -40.501  -23.667 0.8999999762
25118  32.425  -41.420  -23.552 0.8000000119
25131  32.967  -41.301  -24.268 0.8000000119
139513  32.705  -42.809  -24.807 0.6999999881
23355  32.564  -43.302  -25.376 0.8000000119
26041  31.272  -41.133  -22.667 0.8999999762
26074  33.136  -40.559  -24.329 1.0000000000
26073  33.323  -40.193  -24.872 1.0000000000
25143  33.184  -41.552  -25.134 0.8999999762
24238  32.881  -42.406  -25.531 0.8000000119
24249  32.745  -42.143  -26.595 0.8000000119
25154  33.062  -41.317  -26.494 0.8999999762
23379  32.319  -42.875  -27.154 0.8000000119
24259  31.937  -42.579  -27.900 0.6999999881
23380  31.743  -43.381  -27.644 0.6999999881
134338  30.521  -39.968  -22.493 0.8000000119
26902  31.365  -40.188  -22.654 0.8999999762
26901  31.684  -39.340  -22.746 0.8999999762
131928  31.020  -39.441  -22.521 0.8999999762
26905  28.921  -39.553  -22.673 0.8999999762
26939  33.118  -39.867  -24.137 0.8999999762
26938  33.366  -39.287  -24.750 1.0000000000
25142  33.325  -40.762  -25.740 0.8999999762
26962  33.330  -39.769  -26.800 1.0000000000
26093  33.163  -40.548  -26.841 0.8999999762
25165  32.676  -41.374  -27.293 0.8999999762
24258  32.395  -42.163  -27.410 0.8000000119
23395  31.261  -43.072  -28.494 0.6999999881
28899  32.546  -37.925  -23.167 0.8999999762
27845  31.161  -38.604  -22.558 0.8999999762
141928  30.260  -38.239  -22.535 0.8999999762
27846  29.663  -38.630  -22.596 0.8999999762
27847  28.890  -38.665  -22.815 0.8999999762
157956  32.245  -39.247  -23.098 0.8999999762
26922  33.099  -39.060  -23.950 0.8999999762
156120  33.495  -39.057  -25.492 1.0000000000
26104  32.312  -40.994  -28.038 0.8000000119
25166  32.145  -41.765  -27.992 0.8000000119
25180  31.068  -41.506  -29.089 0.8000000119
135571  30.520  -40.929  -29.496 0.8000000119
25197  30.292  -41.748  -29.535 0.8000000119
25198  29.350  -41.959  -29.941 0.8000000119
28901  30.918  -37.648  -22.535 0.8999999762
28918  28.654  -37.689  -23.225 0.8999999762
28919  27.878  -37.703  -23.697 0.8999999762
149479  32.230  -37.308  -22.854 0.8999999762
133398  28.869  -36.932  -23.378 0.8999999762
28939  28.163  -36.905  -23.870 0.8000000119
27885  26.652  -38.637  -24.497 0.8000000119
27866  33.112  -38.264  -23.775 0.8999999762
139180  27.631  -36.577  -24.539 0.6999999881
28941  26.846  -37.749  -24.734 0.6999999881
28951  26.510  -37.281  -25.434 0.6999999881
141923  33.494  -37.763  -24.442 0.8999999762
134772  26.683  -36.550  -25.577 0.6999999881
28966  25.564  -37.175  -26.319 0.6999999881
28949  33.717  -37.745  -25.446 1.0000000000
31019  26.022  -35.820  -26.279 0.6000000238
27893  33.528  -38.484  -25.052 1.0000000000
28964  33.688  -37.783  -26.495 1.0000000000
152048  33.498  -38.594  -26.587 1.0000000000
27919  32.931  -38.893  -27.770 1.0000000000
154415  32.709  -40.601  -27.564 0.8999999762
27918  33.378  -38.330  -27.257 1.0000000000
27933  32.439  -38.596  -28.499 0.8999999762
26990  32.445  -39.455  -28.270 0.8000000119
150734  31.949  -40.620  -28.505 0.8000000119
139383  30.609  -40.146  -29.555 0.8000000119
148469  30.032  -40.482  -29.856 0.8000000119
26130  29.251  -40.381  -30.182 0.8000000119
27004  29.942  -39.837  -30.037 0.8000000119
27014  28.354  -39.257  -30.481 0.8000000119
29937  31.575  -36.917  -22.645 0.8999999762
28903  29.470  -37.982  -22.726 0.8999999762
29938  30.601  -36.868  -22.599 0.8999999762
28917  29.384  -37.242  -22.939 0.8999999762
29951  28.747  -36.261  -23.663 0.8999999762
28916  33.148  -37.462  -23.614 0.8999999762
28950  27.094  -36.796  -25.045 0.6999999881
133863  33.548  -36.858  -24.061 0.8999999762
29989  27.007  -36.113  -25.453 0.6000000238
29990  26.601  -35.931  -25.827 0.6000000238
132251  33.870  -36.960  -24.943 1.0000000000
31946  24.910  -35.206  -26.640 0.5000000000
29988  34.079  -36.986  -25.912 1.0000000000
30001  33.957  -36.803  -26.929 1.0000000000
28980  33.505  -37.503  -27.469 1.0000000000
28981  33.014  -38.036  -28.037 1.0000000000
26129  31.265  -39.691  -29.238 0.8000000119
28993  31.823  -37.704  -29.407 0.8999999762
27002  31.237  -38.886  -29.456 0.8000000119
27003  30.582  -39.376  -29.729 0.8000000119
29004  30.858  -37.398  -30.162 0.8999999762
157853  30.505  -37.986  -30.147 0.8000000119
30051  30.427  -36.711  -30.383 0.8999999762
142386  29.177  -37.911  -30.469 0.8000000119
27957  27.915  -38.724  -30.650 0.8000000119
30053  27.941  -36.927  -30.804 0.8000000119
144469  27.362  -38.234  -30.814 0.8000000119
30965  29.429  -35.697  -23.359 0.8999999762
29947  32.413  -36.686  -22.946 0.8999999762
29948  31.934  -36.019  -22.794 0.8999999762
30966  28.662  -35.575  -23.906 0.6999999881
30981  28.303  -35.098  -24.442 0.8000000119
138008  33.472  -36.071  -23.730 0.8999999762
30961  33.243  -35.312  -23.466 0.8999999762
149440  27.448  -34.863  -25.353 0.6999999881
30999  26.534  -35.296  -25.939 0.6000000238
31000  25.792  -35.253  -26.243 0.6000000238
31927  27.022  -34.815  -25.633 0.6999999881
31928  26.334  -34.820  -25.774 0.6000000238
31929  25.298  -34.793  -25.929 0.5000000000
31920  24.895  -34.289  -25.028 0.5000000000
31930  24.187  -34.491  -25.661 0.5000000000
153852  34.221  -36.044  -26.996 1.0000000000
139334  33.602  -36.809  -27.712 1.0000000000
30027  33.418  -36.353  -28.253 1.0000000000
28992  33.198  -37.176  -28.260 1.0000000000
29002  32.046  -37.045  -29.495 0.8999999762
31061  33.706  -35.500  -28.152 1.0000000000
31062  33.200  -35.841  -28.726 0.8999999762
30028  32.763  -36.570  -28.949 0.8999999762
30040  31.371  -36.657  -30.064 0.8999999762
30039  32.143  -36.213  -29.688 0.8999999762
31091  30.773  -35.864  -30.389 0.8999999762
154497  29.625  -36.749  -30.550 0.8999999762
30052  28.967  -37.208  -30.615 0.8999999762
146536  31.594  -35.874  -30.127 0.8999999762
157324  30.103  -35.482  -30.614 0.8999999762
31092  29.361  -35.459  -30.768 0.8999999762
30951  31.007  -36.125  -22.626 0.8999999762
29949  30.108  -36.247  -22.839 0.8999999762
139253  29.837  -34.871  -23.328 0.8999999762
139474  30.712  -34.739  -22.945 0.8999999762
31909  29.367  -34.237  -23.726 1.0000000000
31917  28.559  -34.357  -24.299 0.8000000119
31906  32.452  -34.216  -23.020 0.8999999762
31918  27.890  -34.608  -24.892 0.6999999881
29971  33.900  -36.149  -24.504 0.8999999762
30979  33.831  -35.376  -24.114 0.8999999762
32723  28.049  -33.788  -24.595 0.6999999881
32733  26.835  -34.301  -25.337 0.6999999881
32734  25.945  -34.323  -25.237 0.5000000000
30997  34.371  -35.441  -25.815 1.0000000000
32727  24.558  -33.592  -24.609 0.5000000000
32735  23.235  -34.001  -25.441 0.5000000000
31018  34.341  -35.451  -26.658 1.0000000000
31969  34.319  -34.816  -27.105 1.0000000000
144113  34.226  -34.135  -27.646 1.0000000000
31970  34.088  -34.912  -27.747 1.0000000000
31986  33.281  -35.094  -28.898 1.0000000000
31985  33.777  -34.605  -28.340 1.0000000000
153734  33.869  -33.851  -28.394 1.0000000000
144042  32.645  -34.781  -29.502 0.8999999762
31079  32.100  -35.385  -29.879 0.8999999762
32003  31.080  -34.383  -30.492 0.8999999762
133431  29.101  -34.769  -34.307 0.6999999881
154966  28.595  -34.314  -34.158 0.8000000119
31132  27.458  -35.482  -33.592 0.8000000119
32030  27.080  -34.770  -33.455 0.8000000119
138132  33.039  -34.660  -23.297 0.8999999762
31907  31.577  -34.520  -22.852 1.0000000000
149422  30.934  -34.122  -22.961 1.0000000000
32717  29.786  -33.561  -23.531 1.0000000000
32722  28.939  -33.605  -24.025 0.6999999881
31915  34.146  -34.645  -24.483 0.8999999762
31916  33.638  -34.647  -23.777 0.8999999762
32724  27.273  -33.721  -24.799 0.6999999881
32726  25.487  -33.732  -24.584 0.6000000238
31945  34.452  -34.727  -26.286 1.0000000000
31926  34.424  -34.656  -25.368 0.8999999762
32728  23.659  -33.182  -24.890 0.4000000060
136956  34.435  -34.179  -26.795 1.0000000000
32768  33.630  -33.228  -28.783 1.0000000000
32776  32.990  -33.203  -29.397 1.0000000000
33535  33.359  -32.634  -29.133 1.0000000000
32790  26.377  -34.335  -31.933 0.8999999762
32043  31.397  -34.364  -34.515 0.6000000238
32044  30.037  -34.229  -34.572 0.6000000238
148685  29.088  -33.939  -34.361 0.8000000119
32826  28.127  -33.838  -34.024 0.8000000119
32031  26.588  -34.763  -33.062 0.8999999762
151334  26.260  -34.856  -32.342 0.8999999762
31905  33.301  -34.000  -23.380 0.8999999762
33479  29.416  -32.886  -23.711 0.8000000119
33480  28.555  -32.910  -24.068 0.6999999881
33482  26.841  -32.975  -24.258 0.6999999881
145738  26.253  -32.213  -23.947 0.6000000238
34325  24.186  -32.145  -24.747 0.4000000060
134766  34.600  -33.818  -25.947 1.0000000000
137668  34.431  -33.862  -24.864 0.8999999762
32746  34.504  -33.406  -26.984 1.0000000000
32767  34.233  -33.148  -28.011 1.0000000000
33527  33.895  -32.411  -28.562 1.0000000000
34382  33.350  -31.924  -29.180 1.0000000000
135848  27.335  -33.845  -31.292 0.8999999762
32795  26.957  -33.231  -31.565 0.8999999762
32796  26.555  -33.513  -32.046 0.8999999762
141283  26.474  -33.476  -32.901 0.8999999762
32020  26.376  -34.257  -32.580 0.8999999762
32821  32.623  -34.075  -33.978 0.6000000238
32822  31.844  -33.824  -34.286 0.6000000238
136791  30.803  -34.094  -34.604 0.6000000238
32824  30.502  -33.448  -34.568 0.8000000119
32825  28.820  -33.164  -34.348 0.8000000119
32828  26.743  -33.491  -33.268 0.8999999762
32715  31.585  -33.634  -22.894 0.8999999762
142548  31.001  -33.027  -22.964 0.8999999762
139891  30.249  -32.936  -23.298 0.6999999881
33469  31.847  -32.641  -22.840 0.8999999762
33470  30.801  -32.363  -23.043 0.8999999762
34322  28.176  -32.098  -23.886 0.6000000238
32721  34.017  -33.895  -24.004 1.0000000000
34320  34.504  -31.942  -24.250 1.0000000000
32713  33.636  -33.189  -23.472 1.0000000000
34314  27.795  -31.225  -23.687 0.6000000238
145758  27.167  -31.995  -23.894 0.6000000238
34324  25.729  -31.422  -24.087 0.5000000000
32732  34.632  -33.150  -25.255 1.0000000000
33492  34.743  -32.380  -25.087 1.0000000000
150947  34.760  -32.695  -26.141 1.0000000000
33514  34.541  -32.438  -27.334 1.0000000000
33526  34.334  -31.920  -28.040 1.0000000000
34371  33.891  -31.519  -28.667 1.0000000000
145142  33.289  -31.025  -29.262 1.0000000000
34383  32.685  -31.550  -29.662 1.0000000000
33537  32.033  -32.037  -30.161 1.0000000000
34391  31.364  -31.377  -30.429 1.0000000000
33544  31.129  -32.127  -30.536 1.0000000000
34392  30.483  -31.366  -30.773 1.0000000000
135863  29.715  -31.787  -31.052 0.8999999762
33545  30.274  -32.311  -30.847 0.8999999762
32788  27.797  -33.125  -31.304 0.8999999762
33556  26.515  -32.653  -32.468 0.8999999762
33582  27.088  -32.803  -33.704 0.8999999762
33568  34.871  -32.966  -33.340 0.6000000238
33569  33.871  -32.849  -33.459 0.6000000238
32810  32.343  -33.260  -33.931 0.6000000238
32823  31.173  -33.588  -34.479 0.6000000238
147512  29.725  -33.326  -34.540 0.8000000119
147097  27.875  -32.969  -34.009 0.8000000119
34309  32.433  -31.798  -22.812 0.8999999762
34311  30.489  -31.608  -23.164 0.6999999881
33472  29.064  -32.154  -23.713 0.6000000238
34313  28.709  -31.356  -23.592 0.6000000238
33478  33.932  -32.304  -23.519 0.8999999762
34323  26.422  -31.449  -23.837 0.5000000000
32720  34.360  -32.971  -24.307 1.0000000000
33504  34.956  -31.811  -25.727 1.0000000000
140750  34.854  -31.648  -24.948 0.8999999762
132929  34.845  -31.781  -26.632 1.0000000000
140549  34.627  -31.610  -27.417 1.0000000000
34370  34.433  -31.024  -28.059 1.0000000000
150427  33.895  -30.810  -28.756 1.0000000000
35251  33.562  -30.266  -29.110 1.0000000000
35252  32.891  -30.265  -29.556 1.0000000000
34384  32.059  -31.112  -30.111 1.0000000000
155382  30.984  -30.974  -30.568 1.0000000000
34393  29.514  -31.078  -31.149 1.0000000000
34401  27.882  -31.739  -31.408 0.8999999762
33554  27.347  -32.414  -31.497 0.8999999762
33555  26.756  -32.525  -31.912 0.8999999762
35296  26.356  -31.056  -33.027 0.8999999762
145536  33.612  -32.179  -33.447 0.6000000238
33570  32.965  -32.679  -33.637 0.6000000238
149380  31.388  -32.231  -34.216 0.6000000238
34425  31.125  -31.465  -34.226 0.6999999881
34426  29.994  -31.930  -34.604 0.6999999881
33581  28.556  -32.385  -34.361 0.6999999881
34429  27.610  -32.097  -34.112 0.8000000119
34430  26.923  -32.028  -33.739 0.8999999762
140384  35.501  -32.241  -33.359 0.6000000238
34427  29.179  -31.812  -34.510 0.6999999881
34428  28.361  -31.729  -34.397 0.8000000119
134824  27.719  -31.231  -34.307 0.8999999762
34312  29.610  -31.473  -23.435 0.6999999881
35184  28.352  -30.500  -23.486 0.6000000238
138333  33.011  -30.986  -22.849 0.8999999762
142547  31.034  -31.009  -22.927 0.6999999881
34321  34.065  -31.311  -23.458 0.8000000119
34335  35.068  -31.065  -25.370 1.0000000000
137726  34.717  -30.982  -24.378 0.8000000119
35221  35.296  -30.390  -26.028 0.8999999762
35207  35.136  -30.265  -24.987 0.8000000119
34360  34.979  -30.895  -27.020 1.0000000000
35238  34.796  -30.163  -27.781 1.0000000000
35239  34.212  -30.205  -28.553 1.0000000000
36091  33.842  -29.565  -29.057 1.0000000000
152303  33.226  -29.720  -29.421 1.0000000000
36104  31.847  -29.307  -30.249 1.0000000000
135212  31.412  -30.673  -30.397 1.0000000000
157382  30.146  -30.811  -30.941 1.0000000000
35271  28.944  -30.399  -31.338 0.8999999762
35273  27.304  -30.817  -31.719 0.8999999762
34402  27.062  -31.615  -31.706 0.8999999762
35281  26.450  -31.120  -32.706 0.8999999762
149104  32.141  -32.435  -33.896 0.6000000238
141421  30.431  -31.315  -34.448 0.6999999881
35314  26.550  -30.906  -33.346 0.8999999762
35290  36.303  -30.846  -33.614 0.6000000238
139470  35.046  -31.457  -33.314 0.6000000238
35311  30.086  -30.533  -34.476 0.6999999881
142978  28.277  -30.398  -34.471 0.6999999881
145771  30.192  -30.841  -23.199 0.6999999881
35183  29.291  -30.649  -23.363 0.6000000238
136608  33.121  -30.032  -22.835 0.8000000119
142060  32.219  -30.325  -22.626 0.8000000119
35182  30.788  -30.288  -22.935 0.6999999881
142825  29.947  -30.020  -23.121 0.6999999881
149092  34.311  -30.533  -23.665 0.6999999881
150131  33.745  -30.528  -23.202 0.8000000119
36061  35.345  -29.690  -25.476 0.6999999881
36083  35.469  -29.104  -27.021 0.8000000119
36084  35.139  -29.479  -27.626 0.8000000119
36916  35.298  -28.700  -27.881 0.8000000119
36090  34.604  -29.360  -28.396 0.8999999762
36923  34.072  -28.821  -29.093 0.8999999762
153461  33.244  -28.963  -29.547 1.0000000000
36936  32.416  -28.727  -30.048 1.0000000000
36113  30.407  -29.605  -30.916 1.0000000000
36937  31.649  -28.486  -30.437 1.0000000000
36112  31.026  -29.009  -30.619 1.0000000000
35263  29.878  -30.303  -31.117 1.0000000000
36120  28.355  -29.866  -31.532 1.0000000000
35272  28.030  -30.615  -31.510 0.8999999762
141062  27.102  -30.219  -31.997 0.8999999762
35274  26.730  -30.905  -32.188 0.8999999762
35275  26.480  -30.351  -32.719 0.8999999762
157154  34.734  -30.779  -33.359 0.6000000238
34417  32.897  -31.841  -33.598 0.6000000238
146628  31.966  -31.521  -33.878 0.6000000238
35295  31.498  -30.949  -34.007 0.6999999881
35297  26.486  -30.077  -33.232 0.8999999762
35313  27.344  -30.348  -34.182 0.8999999762
36153  29.667  -29.740  -34.522 0.6999999881
35312  29.247  -30.451  -34.532 0.6999999881
36155  27.816  -29.554  -34.440 0.8999999762
142506  26.969  -29.418  -34.104 0.8999999762
36032  32.327  -29.476  -22.623 0.6999999881
36033  31.481  -29.849  -22.679 0.6000000238
36034  30.667  -29.493  -22.857 0.6000000238
36036  28.963  -29.671  -23.262 0.6000000238
35192  34.039  -29.763  -23.333 0.6999999881
36864  32.361  -28.559  -22.662 0.6000000238
36047  34.591  -29.291  -23.858 0.6999999881
36896  35.487  -28.949  -25.494 0.6999999881
138646  35.681  -27.872  -27.825 0.8000000119
36922  34.724  -28.501  -28.660 0.8000000119
156194  34.269  -28.210  -29.165 0.8000000119
37879  32.943  -28.136  -29.885 1.0000000000
37878  33.438  -27.684  -29.824 0.8000000119
138644  30.987  -28.294  -30.772 1.0000000000
36955  29.276  -28.625  -31.461 1.0000000000
37892  30.725  -27.802  -31.037 1.0000000000
36947  30.140  -28.540  -31.200 1.0000000000
37898  28.532  -28.171  -31.758 1.0000000000
37899  27.716  -27.819  -32.134 1.0000000000
151157  27.208  -28.981  -32.228 1.0000000000
36122  26.917  -29.548  -32.312 0.8999999762
35293  32.954  -30.866  -33.580 0.6000000238
36139  26.336  -29.475  -33.132 0.8999999762
35291  35.558  -30.758  -33.436 0.6000000238
35292  34.026  -30.415  -33.451 0.6000000238
35294  32.092  -30.757  -33.814 0.6999999881
36157  26.378  -29.184  -33.333 0.8999999762
36151  31.261  -29.650  -34.175 0.6999999881
36993  29.244  -28.933  -34.615 0.6999999881
36866  30.584  -28.604  -22.809 0.5000000000
36031  33.253  -29.110  -22.837 0.6000000238
149215  32.317  -27.623  -22.772 0.5000000000
36878  34.756  -28.547  -23.997 0.6999999881
36879  34.070  -28.769  -23.350 0.6999999881
132140  35.670  -28.240  -25.613 0.6999999881
36877  35.347  -28.254  -24.777 0.6999999881
37859  36.068  -27.456  -27.192 0.6999999881
38812  36.045  -27.162  -27.947 0.6999999881
37866  35.536  -27.500  -28.473 0.8000000119
37876  35.346  -27.070  -29.054 0.8000000119
37877  34.623  -27.101  -29.547 0.8000000119
36934  34.089  -27.680  -29.517 0.8000000119
38828  34.483  -26.476  -30.027 0.8000000119
38829  33.779  -27.038  -30.038 0.8000000119
38844  32.362  -26.686  -30.714 0.8999999762
155912  32.077  -27.281  -30.558 1.0000000000
38843  33.158  -26.540  -30.521 0.8000000119
38854  31.907  -26.185  -31.193 0.8999999762
38845  30.892  -27.108  -31.151 1.0000000000
36954  30.156  -27.441  -31.363 1.0000000000
37897  29.354  -27.796  -31.547 1.0000000000
37900  26.880  -27.629  -32.486 1.0000000000
144094  26.526  -28.149  -32.641 0.8999999762
36959  26.236  -28.430  -32.952 0.8999999762
36981  26.243  -28.573  -33.293 0.8999999762
157961  26.134  -27.891  -33.225 0.8999999762
36997  26.230  -27.907  -33.663 0.8999999762
141795  35.048  -29.948  -33.478 0.6000000238
36138  32.551  -30.104  -33.740 0.6000000238
36152  30.461  -29.770  -34.387 0.6999999881
36994  28.344  -28.840  -34.622 0.8000000119
37929  26.821  -27.938  -34.419 0.8999999762
36978  35.800  -29.219  -33.814 0.6000000238
36990  31.676  -28.766  -34.242 0.6999999881
36992  30.066  -28.970  -34.545 0.6999999881
37007  27.997  -28.054  -34.748 0.8000000119
37930  26.462  -27.564  -34.169 0.8999999762
37005  29.674  -28.149  -34.717 0.6999999881
37946  26.940  -27.187  -34.624 0.8999999762
36863  33.305  -28.091  -22.996 0.5000000000
140456  31.432  -27.193  -22.825 0.5000000000
37816  34.210  -27.824  -23.500 0.6999999881
37815  34.914  -27.784  -24.079 0.6999999881
37839  36.001  -26.888  -25.717 0.6999999881
37814  35.300  -27.300  -24.550 0.6999999881
37851  36.222  -26.844  -26.556 0.6999999881
38818  36.257  -26.359  -28.186 0.6999999881
150936  35.834  -26.916  -28.529 0.6999999881
38827  35.194  -26.509  -29.555 0.8000000119
39886  35.053  -26.029  -30.018 0.8000000119
38842  33.866  -26.354  -30.404 0.8000000119
39901  32.715  -26.041  -31.029 0.8000000119
38855  31.105  -26.351  -31.340 0.8999999762
38856  30.288  -26.580  -31.509 1.0000000000
38857  29.452  -26.888  -31.666 1.0000000000
142507  28.493  -27.200  -31.923 1.0000000000
39913  33.131  -25.416  -31.390 0.8000000119
137215  32.282  -25.543  -31.544 0.8000000119
39916  29.586  -26.027  -31.950 0.8999999762
151923  28.861  -26.454  -32.020 1.0000000000
38858  27.461  -27.034  -32.344 1.0000000000
141331  29.252  -25.398  -32.372 0.8999999762
38870  27.139  -26.320  -32.655 1.0000000000
38859  26.634  -26.957  -32.729 1.0000000000
38872  26.345  -26.473  -33.474 1.0000000000
37931  26.337  -26.967  -34.154 0.8999999762
36150  32.148  -29.422  -33.937 0.6999999881
38879  26.257  -26.515  -33.775 0.8999999762
36136  34.075  -29.563  -33.603 0.6000000238
154943  33.385  -28.635  -33.928 0.6000000238
153231  26.513  -26.836  -34.361 0.8999999762
36989  32.700  -28.490  -34.096 0.6999999881
37928  30.515  -28.151  -34.646 0.6999999881
141435  28.461  -27.526  -34.904 0.6999999881
37945  27.758  -27.303  -34.891 0.8000000119
37944  29.208  -27.400  -34.974 0.6999999881
146867  26.738  -26.299  -34.796 0.8000000119
39948  26.695  -25.504  -35.099 0.8999999762
38894  28.504  -26.717  -35.260 0.6999999881
149586  33.630  -27.553  -23.221 0.6000000238
135425  33.844  -27.034  -23.348 0.5000000000
144627  35.256  -26.356  -24.490 0.6999999881
38767  34.662  -26.953  -23.851 0.5000000000
39862  36.512  -25.483  -26.638 0.6999999881
38792  36.314  -26.056  -26.009 0.6999999881
39868  36.521  -25.849  -27.423 0.6999999881
39846  36.373  -25.259  -25.974 0.6999999881
39876  36.544  -25.454  -28.195 0.6999999881
39877  36.207  -25.865  -28.790 0.6999999881
39884  36.403  -25.205  -29.032 0.6999999881
39885  35.746  -25.806  -29.519 0.6999999881
39898  35.327  -25.439  -30.266 0.8000000119
39899  34.426  -25.779  -30.508 0.8000000119
39911  34.864  -25.068  -30.907 0.8000000119
39912  33.985  -25.265  -31.157 0.8000000119
40969  32.739  -24.933  -31.974 0.8000000119
40981  34.095  -24.275  -32.190 0.8000000119
40982  33.285  -24.414  -32.418 0.8000000119
39914  31.423  -25.672  -31.645 0.8000000119
39928  30.050  -25.356  -32.277 0.8999999762
40987  28.439  -25.003  -32.748 0.8999999762
39929  27.707  -25.667  -32.645 1.0000000000
40983  32.376  -24.417  -32.695 0.8000000119
40984  31.368  -24.615  -32.684 0.8000000119
38871  26.622  -26.285  -32.987 1.0000000000
40988  27.305  -25.011  -33.176 1.0000000000
36980  33.951  -28.789  -33.818 0.6000000238
39938  26.255  -25.694  -33.877 1.0000000000
37927  31.224  -28.221  -34.515 0.6999999881
141678  31.195  -27.370  -34.840 0.6999999881
38884  26.277  -26.073  -34.185 0.8999999762
144194  26.306  -24.662  -34.582 1.0000000000
38892  30.308  -26.494  -35.445 0.6999999881
38893  29.558  -26.625  -35.384 0.8000000119
39946  28.039  -25.668  -35.629 0.8000000119
40928  36.708  -24.856  -27.325 0.6999999881
134815  36.710  -23.949  -26.766 0.6999999881
40935  36.824  -24.482  -28.357 0.6999999881
40943  36.646  -24.450  -29.382 0.6999999881
40955  36.368  -24.341  -30.214 0.6999999881
40956  35.681  -24.749  -30.588 0.6999999881
40966  35.304  -24.423  -31.284 0.8000000119
40967  34.444  -24.636  -31.528 0.8000000119
41990  33.802  -23.900  -32.823 0.8000000119
41989  34.533  -23.702  -32.559 0.8000000119
41991  33.115  -24.034  -33.009 0.8000000119
40985  30.446  -24.750  -32.703 0.8999999762
40986  29.508  -24.832  -32.715 0.8999999762
40998  30.870  -24.220  -33.275 0.8000000119
40999  29.945  -24.293  -33.266 0.8999999762
41001  27.836  -24.339  -33.440 0.8999999762
37925  32.919  -27.559  -34.552 0.6000000238
42004  29.449  -23.703  -33.755 0.8999999762
42005  28.414  -23.696  -33.820 0.8999999762
40989  26.523  -25.049  -33.625 1.0000000000
150442  33.769  -27.259  -34.698 0.6000000238
41004  26.318  -24.322  -34.508 0.8999999762
152086  30.830  -26.720  -35.282 0.6999999881
146203  26.221  -23.897  -35.122 0.8999999762
39966  28.833  -25.255  -36.016 0.8000000119
39947  27.035  -25.632  -35.322 0.8999999762
144409  26.623  -24.089  -35.841 0.8000000119
155733  36.920  -24.036  -27.549 0.6999999881
41960  36.894  -23.763  -29.819 0.6999999881
40965  36.087  -24.103  -30.947 0.6999999881
41976  36.564  -23.346  -31.210 0.6999999881
41977  35.735  -23.775  -31.652 0.6999999881
40997  31.747  -24.070  -33.288 0.8000000119
42003  30.400  -23.696  -33.756 0.8000000119
42002  31.276  -23.661  -33.772 0.8000000119
42015  30.878  -23.216  -34.309 0.8000000119
41002  27.065  -24.249  -33.746 0.8999999762
37942  32.207  -27.046  -34.943 0.6000000238
42016  29.966  -23.184  -34.300 0.8000000119
43022  29.528  -22.592  -34.810 0.8999999762
42006  27.275  -23.636  -34.148 0.8999999762
42007  26.596  -23.903  -34.252 0.8999999762
37941  33.164  -26.781  -35.099 0.6000000238
38891  31.580  -26.536  -35.377 0.6999999881
43006  26.240  -23.398  -34.941 0.8999999762
38913  30.020  -25.912  -35.750 0.6999999881
142607  26.260  -23.658  -35.376 0.8000000119
135069  28.186  -24.740  -36.140 0.6999999881
41024  27.393  -24.108  -36.274 0.8000000119
41950  37.351  -22.945  -28.645 0.6999999881
41967  37.142  -23.121  -30.374 0.6999999881
42982  37.120  -22.727  -31.061 0.6999999881
42001  32.566  -23.780  -33.400 0.8000000119
42013  32.670  -23.172  -34.133 0.8000000119
42014  31.739  -23.191  -34.273 0.8000000119
43021  30.478  -22.656  -34.816 0.8000000119
42018  28.051  -23.147  -34.364 0.8999999762
43024  27.196  -22.706  -34.783 0.8999999762
38890  32.467  -26.357  -35.540 0.6000000238
43005  26.749  -23.157  -34.682 0.8999999762
38912  30.939  -26.004  -35.780 0.6999999881
43970  26.273  -22.377  -35.626 0.8999999762
137352  29.134  -24.691  -36.490 0.6999999881
43051  26.226  -22.594  -36.056 0.8000000119
41023  28.418  -23.934  -36.736 0.6999999881
42058  27.142  -22.944  -36.735 0.8000000119
155799  26.538  -23.592  -36.126 0.8000000119
42057  28.004  -23.108  -37.077 0.8000000119
42966  37.460  -22.369  -29.193 0.6999999881
147043  37.425  -22.572  -29.872 0.6000000238
157189  33.312  -26.191  -35.830 0.6000000238
43041  30.077  -22.069  -35.345 0.8000000119
154892  28.424  -21.925  -35.279 0.8999999762
43969  26.817  -22.004  -35.388 0.8999999762
143417  32.665  -25.879  -36.135 0.6000000238
44993  26.646  -21.482  -35.949 0.8999999762
39964  30.509  -25.367  -36.315 0.8000000119
43989  26.108  -22.106  -36.089 0.8999999762
145857  26.521  -22.790  -36.386 0.8000000119
41038  29.576  -24.116  -37.047 0.6999999881
43065  27.555  -22.415  -37.171 0.8000000119
44013  27.120  -21.709  -37.081 0.8000000119
39963  31.422  -25.382  -36.500 0.6999999881
43985  29.573  -21.361  -35.721 0.8000000119
39982  31.824  -24.887  -37.183 0.5000000000
39983  30.949  -24.829  -36.906 0.6000000238
136274  31.314  -24.393  -37.501 0.6000000238
142537  30.490  -24.310  -37.272 0.6999999881
43998  26.585  -21.616  -36.292 0.8000000119
42055  30.150  -23.689  -37.568 0.6000000238
42076  29.958  -23.009  -37.940 0.6000000238
43064  28.431  -22.537  -37.559 0.6999999881
44012  27.960  -21.761  -37.632 0.8000000119
43999  26.418  -21.964  -36.361 0.8000000119
43084  28.819  -21.979  -38.043 0.6000000238
44990  28.983  -20.657  -36.114 0.8000000119
45893  27.715  -20.083  -36.677 0.8000000119
44992  27.181  -20.844  -36.276 0.8999999762
41050  31.600  -23.880  -38.008 0.6000000238
44029  27.694  -21.039  -37.772 0.8000000119
45017  27.069  -20.953  -37.154 0.8000000119
139787  27.581  -19.885  -37.131 0.8000000119
44028  28.402  -21.169  -38.236 0.6000000238
45004  29.377  -19.879  -36.575 0.8000000119
45910  27.818  -19.538  -37.301 0.8000000119
42075  30.817  -23.429  -38.009 0.6000000238
43082  30.753  -22.653  -38.401 0.6000000238
45016  27.511  -20.123  -37.498 0.8000000119
44026  30.295  -21.763  -38.642 0.6000000238
45949  28.147  -19.439  -38.514 0.6999999881
45923  27.862  -19.417  -37.725 0.8000000119
45044  29.539  -20.083  -39.206 0.6000000238
45045  28.700  -19.679  -38.929 0.6000000238
46948  28.544  -18.842  -39.129 0.6999999881
44025  31.246  -21.961  -38.771 0.6000000238
44037  30.843  -21.211  -39.054 0.6000000238
45922  30.050  -18.677  -37.512 0.8000000119
45909  28.353  -19.501  -36.951 0.8000000119
156809  32.004  -23.616  -38.312 0.6000000238
45908  29.218  -19.096  -37.246 0.8000000119
42087  33.174  -23.111  -38.704 0.5000000000
46937  28.601  -18.257  -38.522 0.8000000119
46927  28.189  -18.807  -37.942 0.8000000119
43080  32.567  -22.532  -38.846 0.6000000238
43081  31.756  -22.641  -38.638 0.6000000238
143004  28.558  -18.229  -38.859 0.6000000238
43094  33.401  -22.295  -39.050 0.5000000000
44036  31.749  -21.436  -39.172 0.6000000238
45042  31.383  -20.667  -39.452 0.6000000238
45948  29.385  -19.070  -39.530 0.6000000238
45041  32.356  -20.870  -39.556 0.6000000238
45946  30.962  -19.903  -39.708 0.6000000238
45963  30.427  -19.121  -39.944 0.6000000238
45964  29.778  -18.117  -40.209 0.6000000238
48161  30.127  -18.040  -37.982 0.8000000119
134132  29.179  -18.350  -37.803 0.8000000119
48160  31.119  -17.772  -38.122 0.8000000119
48177  30.354  -17.175  -38.535 0.6999999881
49378  29.582  -17.286  -38.597 0.6999999881
44035  32.570  -21.766  -39.200 0.6000000238
46963  29.005  -18.120  -39.624 0.6000000238
49407  29.140  -17.061  -40.034 0.6000000238
48178  28.819  -17.622  -38.973 0.6999999881
141962  33.025  -20.636  -39.774 0.5000000000
45053  32.581  -20.155  -39.984 0.5000000000
138578  31.381  -19.395  -40.171 0.6000000238
46962  30.911  -18.564  -40.458 0.6000000238
45052  33.273  -20.091  -40.068 0.5000000000
48176  31.128  -17.060  -38.546 0.6999999881
49394  29.961  -16.687  -38.960 0.6000000238
49406  29.351  -16.461  -39.899 0.6000000238
49379  29.113  -17.176  -38.938 0.6000000238
49420  29.485  -16.282  -40.232 0.6000000238
50482  29.555  -16.179  -39.835 0.6000000238
45961  32.763  -19.543  -40.379 0.5000000000
46961  31.996  -18.915  -40.580 0.6000000238
46976  31.443  -18.102  -40.809 0.6000000238
48203  30.545  -17.609  -40.729 0.6000000238
140207  29.368  -16.676  -40.230 0.6000000238
50503  29.671  -15.980  -40.290 0.6000000238
46974  33.274  -18.170  -41.215 0.6000000238
48219  32.617  -17.419  -41.506 0.6000000238
46959  33.841  -18.770  -40.848 0.5000000000
46973  34.181  -18.147  -41.333 0.5000000000
46972  35.011  -18.068  -41.418 0.4000000060
48217  34.557  -17.501  -41.777 0.5000000000
49393  30.657  -16.530  -38.966 0.6000000238
50481  30.165  -16.010  -39.624 0.6000000238
48220  31.395  -17.253  -41.272 0.6000000238
49431  30.130  -15.787  -41.072 0.6000000238
50492  29.998  -15.668  -40.342 0.6000000238
49429  33.054  -16.735  -41.959 0.6000000238
135095  31.963  -16.521  -41.771 0.6000000238
48218  33.651  -17.483  -41.635 0.5000000000
48230  34.059  -16.844  -42.119 0.5000000000
48216  35.370  -17.467  -41.884 0.4000000060
48229  34.956  -16.919  -42.305 0.4000000060
50511  30.755  -15.254  -41.507 0.6000000238
51559  30.848  -14.795  -41.253 0.5000000000
51540  30.857  -15.033  -40.502 0.5000000000
50491  31.498  -15.322  -39.792 0.5000000000
146134  30.876  -16.141  -41.528 0.6000000238
50524  31.034  -14.690  -41.564 0.5000000000
49445  33.476  -16.113  -42.487 0.6000000238
49444  34.503  -16.230  -42.631 0.5000000000
51539  31.851  -14.606  -40.333 0.4000000060
49430  31.451  -15.595  -41.976 0.6000000238
50523  31.267  -14.771  -42.088 0.5000000000
50520  33.980  -15.511  -42.923 0.4000000060
50521  32.831  -15.201  -42.747 0.6000000238
50534  32.685  -14.356  -43.065 0.6000000238
51566  31.506  -14.103  -42.248 0.4000000060
49454  34.912  -15.620  -43.121 0.4000000060
134002  34.439  -15.073  -43.322 0.4000000060
52534  31.732  -13.748  -42.195 0.4000000060
50533  33.602  -14.772  -43.224 0.4000000060
51565  32.149  -14.192  -42.807 0.4000000060
49453  35.638  -15.592  -43.318 0.4000000060
51574  33.395  -14.034  -43.506 0.4000000060
52510  33.473  -13.535  -40.585 0.4000000060
53601  32.162  -13.419  -41.764 0.4000000060
52543  32.181  -13.573  -42.673 0.4000000060
51585  35.125  -14.133  -43.987 0.4000000060
52540  34.147  -13.678  -43.944 0.4000000060
52541  33.250  -13.310  -43.688 0.4000000060
53600  33.060  -13.112  -41.504 0.4000000060
138015  33.186  -12.624  -42.163 0.4000000060
53610  32.647  -12.969  -42.222 0.4000000060
52556  35.009  -13.260  -44.433 0.3000000119
53623  33.182  -12.659  -43.782 0.4000000060
53625  32.496  -13.093  -42.929 0.4000000060
54752  33.687  -12.094  -42.461 0.4000000060
54753  33.026  -12.430  -42.833 0.4000000060
31117  26.777  -35.426  -33.201 0.8000000119
31119  26.310  -35.337  -32.474 0.8999999762
31096  26.181  -35.255  -31.713 0.8999999762
30066  25.992  -35.742  -31.784 0.8999999762
30054  26.307  -36.085  -31.464 0.8999999762
31998  32.463  -33.869  -29.732 0.8999999762
32777  32.270  -32.974  -29.956 1.0000000000
33536  32.781  -32.386  -29.577 1.0000000000
143407  28.839  -36.262  -30.740 0.8999999762
149609  30.564  -35.022  -30.558 0.8999999762
145465  30.755  -33.681  -30.650 0.8999999762
32778  31.616  -32.738  -30.353 1.0000000000
31093  28.318  -35.349  -30.934 0.8999999762
32004  30.098  -34.241  -30.776 0.8999999762
143527  29.280  -33.804  -31.032 0.8999999762
32785  30.913  -32.947  -30.630 1.0000000000
31094  27.128  -35.188  -31.033 0.8999999762
32787  28.843  -33.131  -31.169 0.8999999762
51551  31.093  -14.467  -41.111 0.4000000060
51558  31.322  -14.171  -41.731 0.4000000060
139797  31.811  -14.035  -40.969 0.4000000060
139811  32.889  -14.596  -39.926 0.4000000060
26923  32.661  -39.565  -23.545 0.8999999762
26092  33.393  -40.033  -26.250 1.0000000000
24272  31.505  -42.097  -28.527 0.8000000119
142635  29.704  -39.809  -22.522 0.8999999762
27883  33.330  -38.568  -24.369 1.0000000000
149700  31.309  -40.592  -29.041 0.8000000119
29946  33.073  -36.715  -23.399 0.8999999762
139068  32.468  -37.650  -28.841 0.8999999762
26991  31.872  -39.164  -28.897 0.8000000119
27955  29.837  -38.296  -30.282 0.8000000119
27956  28.921  -38.669  -30.430 0.8000000119
31038  34.158  -35.490  -27.399 1.0000000000
29012  29.929  -37.469  -30.384 0.8999999762
29013  28.201  -37.896  -30.687 0.8000000119
142783  27.639  -36.036  -30.878 0.8999999762
142149  26.905  -36.606  -30.918 0.8000000119
31078  32.713  -35.656  -29.291 0.8999999762
32005  29.039  -34.600  -30.979 0.8999999762
31908  30.203  -34.179  -23.264 1.0000000000
32725  26.445  -33.730  -24.716 0.6000000238
33485  24.442  -32.842  -24.547 0.4000000060
33484  25.114  -32.990  -24.342 0.4000000060
31997  33.311  -34.105  -29.078 1.0000000000
146043  31.607  -33.597  -30.331 0.8999999762
32827  27.265  -33.580  -33.656 0.8000000119
32714  32.671  -33.372  -23.006 0.8999999762
32008  26.464  -34.744  -31.470 0.8999999762
140333  30.853  -34.885  -34.611 0.6000000238
32032  26.386  -34.762  -32.692 0.8999999762
33471  29.932  -32.231  -23.418 0.6999999881
144263  24.812  -32.313  -24.431 0.4000000060
32006  27.833  -34.533  -31.103 0.8999999762
33562  26.410  -32.666  -32.896 0.8999999762
34418  26.525  -31.787  -33.269 0.8999999762
33578  30.934  -32.835  -34.443 0.6999999881
33579  30.246  -32.683  -34.570 0.6999999881
34310  31.411  -31.751  -22.850 0.8000000119
34308  33.335  -31.788  -23.085 0.8999999762
151595  32.603  -30.831  -29.722 1.0000000000
32786  29.953  -33.221  -30.915 0.8999999762
34394  28.863  -31.760  -31.256 0.8999999762
33547  28.312  -32.420  -31.288 0.8999999762
141192  28.348  -33.827  -31.152 0.8999999762
34407  26.396  -31.867  -32.789 0.8999999762
36037  27.936  -29.672  -23.452 0.5000000000
34351  35.097  -31.207  -26.162 1.0000000000
34403  26.599  -31.801  -32.299 0.8999999762
35191  34.711  -30.035  -24.127 0.6999999881
36076  35.477  -29.474  -26.220 0.8000000119
35227  35.243  -29.938  -26.958 0.8999999762
35310  30.906  -30.596  -34.228 0.6999999881
139508  26.782  -30.215  -33.667 0.8999999762
36154  28.781  -29.662  -34.571 0.8000000119
36035  29.816  -29.147  -23.004 0.6000000238
36865  31.468  -29.009  -22.648 0.6000000238
35190  35.109  -29.304  -24.662 0.6999999881
36908  35.680  -28.647  -26.286 0.6999999881
36915  35.785  -28.291  -27.098 0.6999999881
36946  32.217  -27.931  -30.308 1.0000000000
36957  27.787  -28.639  -31.978 1.0000000000
36996  26.554  -28.477  -34.024 0.8999999762
37800  31.437  -28.091  -22.676 0.6000000238
155746  29.093  -28.784  -23.119 0.5000000000
37852  35.957  -27.731  -26.249 0.6999999881
37890  32.835  -27.320  -30.250 0.8999999762
37801  30.476  -27.602  -22.877 0.5000000000
38811  36.300  -26.659  -27.365 0.6999999881
38819  35.800  -26.435  -28.956 0.8000000119
37918  26.202  -27.341  -33.550 0.8999999762
38755  33.179  -26.397  -23.270 0.5000000000
38793  35.852  -26.193  -25.218 0.6999999881
39915  30.551  -25.827  -31.753 0.8999999762
40968  33.589  -24.793  -31.746 0.8000000119
40970  31.852  -25.081  -32.124 0.8000000119
151980  26.312  -24.241  -35.197 0.8999999762
38768  34.032  -26.257  -23.557 0.5000000000
39822  35.507  -25.526  -24.797 0.6999999881
40944  36.089  -25.049  -29.872 0.6999999881
41978  34.899  -24.048  -31.933 0.8000000119
39927  30.945  -25.221  -32.183 0.8999999762
41000  28.938  -24.318  -33.268 0.8999999762
39965  29.628  -25.305  -36.159 0.8000000119
41951  37.100  -23.749  -28.954 0.6999999881
152435  36.623  -23.732  -30.516 0.6999999881
42000  33.505  -23.425  -33.512 0.8000000119
43043  26.166  -22.949  -35.859 0.8999999762
41959  37.314  -23.115  -29.484 0.6999999881
43023  28.426  -22.464  -34.839 0.8999999762
42056  29.101  -23.309  -37.440 0.6999999881
146221  27.557  -21.171  -35.817 0.8999999762
45029  28.160  -20.264  -38.375 0.6999999881
44027  29.319  -21.472  -38.502 0.6000000238
45028  28.953  -20.596  -38.712 0.6000000238
45950  28.262  -19.130  -38.813 0.8000000119
48163  28.865  -17.673  -38.718 0.6999999881
45962  31.823  -20.105  -39.846 0.6000000238
48221  30.272  -16.642  -41.009 0.6000000238
142418  32.120  -19.645  -40.232 0.6000000238
49432  29.881  -15.834  -40.588 0.6000000238
52520  32.388  -13.618  -41.163 0.4000000060
53611  31.801  -13.577  -41.975 0.4000000060
154900  33.897  -12.993  -40.907 0.4000000060
52557  33.863  -12.889  -44.224 0.4000000060
143528  26.795  -35.861  -30.970 0.8999999762
17881  29.961  -49.117  -22.409 0.4000000060
18686  28.611  -48.589  -21.547 0.4000000060
138079  27.845  -48.186  -21.325 0.4000000060
18700  30.522  -48.390  -22.799 0.4000000060
19519  28.485  -47.498  -21.518 0.4000000060
19520  27.275  -47.495  -21.458 0.4000000060
19544  30.948  -47.796  -23.390 0.3000000119
18701  29.871  -48.071  -22.138 0.4000000060
20463  31.288  -46.983  -24.571 0.4000000060
20476  31.174  -46.855  -25.506 0.4000000060
20485  30.832  -46.591  -26.517 0.4000000060
21481  30.557  -45.293  -27.897 0.4000000060
20432  29.213  -46.858  -21.703 0.5000000000
20434  27.742  -46.695  -21.550 0.4000000060
140661  30.515  -46.630  -22.520 0.4000000060
19532  29.900  -47.158  -22.069 0.4000000060
20475  31.489  -46.228  -24.900 0.5000000000
21447  31.302  -46.030  -25.827 0.4000000060
21460  31.107  -45.785  -26.586 0.4000000060
22427  30.919  -44.520  -27.930 0.5000000000
155895  30.360  -44.736  -28.446 0.5000000000
22439  29.858  -44.511  -29.087 0.6000000238
22451  29.216  -44.228  -29.611 0.6000000238
22452  28.431  -44.400  -29.905 0.4000000060
21386  29.057  -46.049  -21.632 0.5000000000
21387  28.163  -45.928  -21.607 0.5000000000
21388  27.107  -45.963  -21.813 0.5000000000
20439  25.362  -46.148  -22.683 0.5000000000
21412  30.907  -46.003  -22.761 0.6000000238
140998  29.822  -46.319  -21.921 0.6000000238
21411  31.354  -45.783  -23.332 0.5000000000
22375  31.621  -44.843  -23.375 0.6000000238
21433  31.703  -45.574  -24.210 0.5000000000
21446  31.752  -45.427  -25.223 0.5000000000
21459  31.560  -45.269  -26.179 0.4000000060
22426  31.499  -44.169  -27.352 0.6000000238
23381  31.226  -43.830  -28.039 0.6000000238
134098  30.604  -43.930  -28.692 0.6000000238
24286  30.079  -42.618  -29.554 0.6000000238
24287  29.344  -42.846  -29.865 0.6000000238
24288  28.604  -42.557  -30.165 0.6000000238
23409  29.821  -43.562  -29.480 0.6000000238
23410  28.731  -43.494  -29.988 0.6000000238
25200  27.473  -41.704  -30.564 0.6000000238
22341  28.778  -45.127  -21.652 0.5000000000
22342  27.724  -45.159  -21.765 0.5000000000
21397  26.837  -45.132  -22.086 0.5000000000
21399  25.589  -45.383  -22.731 0.5000000000
21395  31.024  -45.301  -22.661 0.6000000238
22340  29.682  -45.469  -21.818 0.6000000238
22391  32.111  -44.613  -24.512 0.6000000238
135648  31.507  -44.064  -22.985 0.6000000238
22408  32.063  -44.660  -25.622 0.5000000000
22374  31.974  -43.921  -23.616 0.6000000238
23370  32.078  -43.672  -26.845 0.6000000238
24273  30.851  -42.378  -29.116 0.6000000238
25199  28.375  -41.750  -30.296 0.6000000238
22359  27.313  -44.450  -21.997 0.6000000238
22360  26.517  -44.442  -22.356 0.5000000000
22361  25.757  -44.610  -22.730 0.5000000000
22356  31.058  -44.475  -22.608 0.6000000238
157462  29.538  -44.740  -21.823 0.6000000238
23286  29.013  -44.214  -21.793 0.6000000238
22376  25.182  -44.154  -23.349 0.5000000000
22392  24.496  -44.379  -24.147 0.5000000000
23302  31.025  -43.691  -22.584 0.6000000238
23356  32.274  -43.889  -25.982 0.6000000238
26131  27.963  -40.888  -30.457 0.6999999881
23305  28.406  -43.620  -21.965 0.6000000238
152723  27.710  -43.873  -22.008 0.6000000238
23306  27.005  -43.750  -22.249 0.6000000238
23303  30.236  -43.295  -22.293 0.6000000238
137129  27.687  -43.208  -22.222 0.6000000238
145101  26.871  -42.964  -22.524 0.6000000238
23323  25.476  -43.077  -23.353 0.6000000238
23338  24.810  -43.300  -24.012 0.6000000238
24195  29.559  -42.589  -22.220 0.6000000238
23339  24.286  -43.712  -24.706 0.5000000000
23321  31.616  -43.358  -23.007 0.6000000238
24240  24.208  -42.450  -25.608 0.6000000238
26140  27.312  -40.150  -30.777 0.6999999881
24196  28.545  -42.690  -22.203 0.6000000238
24198  26.822  -42.239  -22.742 0.6000000238
143390  29.796  -41.901  -22.315 0.6000000238
143027  29.073  -41.901  -22.307 0.6000000238
24197  27.560  -42.392  -22.485 0.6000000238
24214  25.636  -42.168  -23.644 0.6000000238
24226  25.033  -42.400  -24.267 0.6000000238
24193  31.044  -42.872  -22.594 0.6000000238
25133  25.374  -41.593  -24.422 0.6000000238
24212  31.696  -42.533  -23.021 0.6000000238
146491  32.884  -42.124  -24.615 0.6000000238
27958  27.124  -38.821  -30.874 0.6999999881
27964  26.257  -37.863  -31.802 0.6999999881
24194  30.380  -42.349  -22.399 0.6000000238
25102  27.228  -41.525  -22.813 0.6999999881
25121  26.654  -41.169  -23.312 0.6999999881
25119  31.807  -41.690  -23.044 0.6000000238
30065  26.020  -36.530  -32.013 0.6999999881
25100  28.771  -41.231  -22.491 0.6999999881
25098  30.422  -41.415  -22.435 0.6999999881
25099  29.518  -41.251  -22.403 0.6999999881
25120  27.104  -40.680  -23.182 0.6999999881
138705  26.544  -40.689  -23.622 0.6999999881
25132  26.038  -41.195  -23.829 0.6000000238
26075  26.225  -40.347  -24.161 0.6999999881
26941  26.515  -39.503  -24.256 0.6000000238
25144  25.104  -41.155  -25.143 0.5000000000
150713  26.703  -36.130  -33.175 0.8000000119
26042  29.991  -40.591  -22.426 0.6999999881
26043  29.032  -40.458  -22.557 0.6999999881
26060  27.542  -39.906  -23.197 0.6999999881
26927  27.012  -39.500  -23.681 0.6999999881
26952  25.152  -39.736  -25.768 0.5000000000
26940  26.938  -38.977  -23.943 0.6999999881
26950  26.202  -39.066  -24.879 0.6000000238
26951  25.718  -39.007  -25.416 0.6000000238
43040  30.992  -22.123  -35.305 0.6999999881
41988  35.315  -23.456  -32.336 0.6999999881
41999  34.249  -23.417  -33.123 0.6999999881
135533  32.949  -22.543  -34.660 0.6999999881
41987  36.149  -23.138  -32.081 0.6000000238
42994  35.650  -22.832  -32.724 0.6000000238
43038  32.668  -22.064  -35.157 0.6999999881
43039  31.826  -22.126  -35.234 0.6999999881
43984  30.669  -21.369  -35.771 0.6999999881
143233  30.013  -20.717  -36.202 0.6999999881
132820  36.804  -22.666  -31.723 0.6000000238
43003  35.852  -22.239  -33.182 0.6000000238
43004  34.462  -22.803  -33.647 0.6999999881
149942  33.511  -22.044  -34.904 0.6999999881
42981  37.333  -22.054  -31.403 0.6000000238
43983  31.473  -21.601  -35.565 0.6999999881
44989  30.844  -20.717  -36.208 0.6999999881
45907  30.253  -19.396  -36.985 0.6999999881
131912  36.485  -22.376  -32.471 0.6000000238
43002  36.544  -21.706  -33.059 0.6000000238
43966  35.370  -21.490  -34.298 0.6000000238
43981  34.059  -21.459  -35.119 0.6999999881
44986  33.205  -21.301  -35.490 0.6999999881
44988  31.623  -20.942  -35.983 0.6999999881
45002  31.334  -20.313  -36.375 0.6999999881
45906  31.345  -19.599  -36.766 0.6999999881
42993  37.155  -21.661  -32.282 0.6000000238
43965  36.094  -21.069  -34.111 0.5000000000
44974  34.827  -21.156  -34.939 0.6000000238
44985  34.178  -20.642  -35.561 0.5000000000
45000  33.209  -20.424  -36.027 0.6999999881
46909  33.059  -18.829  -36.991 0.6999999881
46924  31.498  -18.450  -37.571 0.6999999881
51571  37.780  -14.391  -43.898 0.3000000119
51583  37.428  -14.120  -44.242 0.3000000119
50532  35.251  -14.944  -43.591 0.3000000119
142306  28.457  -49.390  -21.513 0.4000000060
18687  27.748  -49.045  -21.228 0.3000000119
140097  26.873  -49.195  -20.931 0.4000000060
17891  30.600  -49.189  -23.197 0.3000000119
142112  26.136  -48.558  -21.092 0.4000000060
19558  31.183  -47.771  -25.061 0.4000000060
19521  26.340  -47.181  -21.676 0.4000000060
19566  30.866  -47.521  -26.082 0.4000000060
19574  30.534  -47.408  -26.978 0.4000000060
21472  30.207  -46.030  -27.986 0.4000000060
21482  29.869  -45.401  -28.636 0.5000000000
139014  28.221  -45.103  -29.828 0.4000000060
19533  25.383  -46.943  -22.183 0.4000000060
23411  27.694  -43.784  -30.233 0.5000000000
20451  24.564  -46.203  -23.426 0.5000000000
143731  26.656  -41.886  -30.946 0.6000000238
21413  24.934  -45.646  -23.264 0.5000000000
22377  24.717  -45.079  -23.707 0.5000000000
22393  24.228  -45.275  -24.403 0.5000000000
26141  26.640  -40.286  -31.276 0.6000000238
136288  24.036  -44.629  -24.809 0.5000000000
23371  23.739  -43.251  -25.776 0.4000000060
146734  26.702  -38.907  -31.263 0.6999999881
25145  24.524  -41.501  -25.705 0.5000000000
27968  26.300  -38.002  -32.333 0.6999999881
26086  24.801  -40.660  -25.773 0.5000000000
29026  26.366  -37.415  -32.584 0.8000000119
157583  26.777  -36.935  -33.124 0.6999999881
26094  24.357  -40.117  -26.577 0.5000000000
148576  24.678  -39.223  -26.443 0.6000000238
39847  36.044  -25.417  -25.411 0.6000000238
40918  36.508  -24.660  -26.337 0.6000000238
42974  37.417  -22.308  -30.514 0.6000000238
43951  37.138  -20.956  -33.031 0.5000000000
44958  36.704  -20.588  -33.812 0.5000000000
45890  36.285  -19.322  -35.120 0.5000000000
45892  34.779  -19.856  -35.812 0.5000000000
46908  33.949  -19.011  -36.655 0.5000000000
46922  33.726  -18.300  -37.180 0.5000000000
48174  32.882  -17.360  -38.067 0.5000000000
52538  38.583  -12.990  -44.279 0.3000000119
52553  37.668  -13.480  -44.568 0.3000000119
51584  35.939  -13.911  -44.368 0.3000000119
24211  32.250  -42.218  -23.528 0.6000000238
22407  32.352  -44.022  -25.193 0.6000000238
26926  27.488  -39.059  -23.514 0.8000000119
156009  28.607  -40.590  -30.328 0.6999999881
27015  27.626  -39.396  -30.678 0.6999999881
29015  26.365  -37.174  -31.464 0.6999999881
42995  34.900  -23.145  -32.951 0.6999999881
48159  32.119  -17.938  -37.808 0.6000000238
50542  36.631  -14.472  -44.108 0.3000000119
30077  26.229  -36.739  -32.428 0.8000000119
30086  27.254  -37.023  -33.363 0.6999999881
43018  33.614  -22.708  -34.268 0.6999999881
18685  29.395  -48.645  -21.882 0.4000000060
19531  30.475  -47.533  -22.613 0.4000000060
136849  31.106  -48.260  -24.185 0.3000000119
20462  31.416  -46.378  -23.973 0.5000000000
20435  26.927  -46.742  -21.684 0.5000000000
142890  29.706  -46.152  -28.507 0.3000000119
22453  27.573  -44.642  -30.140 0.4000000060
20440  24.738  -46.589  -22.896 0.5000000000
26085  25.335  -40.442  -25.257 0.6000000238
44987  32.504  -20.859  -35.878 0.6999999881
45003  30.542  -20.097  -36.505 0.6999999881
43017  35.230  -22.164  -33.786 0.6999999881
43953  35.934  -21.655  -33.676 0.6000000238
43967  34.451  -21.996  -34.454 0.6999999881
43952  36.493  -21.209  -33.551 0.6000000238
44973  35.618  -20.785  -34.668 0.5000000000
45905  32.299  -19.304  -36.841 0.6999999881
45920  31.695  -19.016  -37.189 0.6999999881
44972  36.246  -20.477  -34.395 0.5000000000
44984  35.177  -20.393  -35.274 0.5000000000
45903  33.980  -19.857  -36.196 0.5000000000
45904  33.120  -19.600  -36.506 0.5000000000
151167  32.950  -18.121  -37.474 0.5000000000
46923  32.285  -18.626  -37.323 0.6999999881
44946  37.607  -20.337  -32.546 0.5000000000
46898  35.829  -19.014  -35.666 0.5000000000
45902  35.206  -19.191  -36.015 0.5000000000
48158  33.573  -17.679  -37.574 0.5000000000
146583  26.546  -38.642  -32.355 0.6000000238
29032  26.703  -37.497  -32.999 0.6000000238
30103  29.651  -36.914  -34.088 0.5000000000
29031  27.424  -37.865  -33.283 0.6000000238
30105  27.903  -36.282  -33.659 0.6000000238
30101  31.521  -36.522  -34.404 0.5000000000
139838  30.061  -36.033  -34.408 0.5000000000
138157  28.998  -36.235  -34.046 0.6000000238
28967  24.857  -37.233  -26.880 0.5000000000
31131  28.487  -35.490  -33.965 0.6000000238
141986  31.975  -35.984  -34.460 0.5000000000
139618  30.967  -36.079  -34.538 0.5000000000
32041  32.981  -34.902  -34.045 0.5000000000
30003  24.763  -36.236  -27.177 0.4000000060
30014  24.112  -36.026  -27.900 0.4000000060
31039  24.481  -35.531  -27.263 0.4000000060
145332  31.668  -35.160  -34.517 0.5000000000
32040  33.928  -35.111  -33.700 0.5000000000
32042  32.128  -34.634  -34.332 0.5000000000
31021  24.139  -34.972  -27.184 0.4000000060
32808  34.193  -33.642  -33.481 0.5000000000
32029  33.544  -34.290  -33.694 0.5000000000
31948  23.434  -34.461  -26.510 0.4000000060
150607  26.745  -30.258  -23.763 0.4000000060
35194  26.134  -30.617  -23.995 0.4000000060
35195  25.338  -30.641  -24.417 0.4000000060
35196  24.688  -30.654  -24.769 0.3000000119
153197  31.417  -26.523  -23.022 0.4000000060
139406  30.743  -26.708  -23.010 0.4000000060
36868  28.342  -28.884  -23.329 0.4000000060
136229  27.504  -28.916  -23.574 0.4000000060
38757  31.014  -26.022  -23.202 0.4000000060
36869  27.901  -28.305  -23.479 0.4000000060
36038  27.079  -29.632  -23.684 0.4000000060
37804  27.840  -27.694  -23.548 0.4000000060
146661  26.274  -29.645  -24.073 0.4000000060
144003  25.664  -29.984  -24.402 0.4000000060
36867  29.701  -28.270  -22.995 0.4000000060
37802  29.574  -27.528  -23.088 0.4000000060
142089  28.708  -27.936  -23.250 0.4000000060
145763  31.693  -26.052  -23.192 0.4000000060
38758  30.238  -26.099  -23.262 0.4000000060
38759  29.429  -26.213  -23.384 0.4000000060
37803  29.077  -26.981  -23.285 0.4000000060
146744  28.223  -27.052  -23.518 0.4000000060
37817  27.260  -27.083  -23.786 0.4000000060
137614  26.712  -28.901  -23.883 0.4000000060
38769  27.021  -26.158  -24.127 0.4000000060
37819  25.932  -27.536  -24.587 0.4000000060
155871  26.114  -28.891  -24.290 0.4000000060
144131  34.635  -26.114  -23.954 0.4000000060
39813  31.429  -25.426  -23.465 0.4000000060
39814  30.585  -25.401  -23.518 0.4000000060
39815  29.754  -25.465  -23.572 0.4000000060
39823  34.875  -25.513  -24.270 0.5000000000
39824  34.181  -25.510  -23.844 0.4000000060
39811  33.399  -25.598  -23.563 0.4000000060
40873  31.926  -24.757  -23.755 0.4000000060
40875  30.092  -24.756  -23.877 0.4000000060
39825  29.232  -24.846  -23.931 0.4000000060
39816  28.955  -25.594  -23.671 0.4000000060
38761  27.838  -26.307  -23.773 0.4000000060
39827  27.687  -25.535  -24.075 0.4000000060
38770  26.449  -26.841  -24.305 0.4000000060
40902  36.155  -24.670  -25.617 0.5000000000
40903  35.644  -24.783  -25.033 0.5000000000
40880  34.337  -24.706  -24.245 0.5000000000
40881  33.408  -24.308  -24.141 0.4000000060
40882  32.470  -24.116  -24.155 0.4000000060
40883  31.427  -23.951  -24.311 0.4000000060
40874  30.979  -24.704  -23.829 0.4000000060
39826  28.408  -25.085  -24.013 0.4000000060
41889  35.002  -24.108  -24.800 0.5000000000
41891  33.064  -23.560  -24.545 0.4000000060
157490  31.382  -23.262  -24.863 0.4000000060
40884  30.447  -24.115  -24.327 0.4000000060
41910  34.529  -23.237  -25.057 0.4000000060
41911  33.608  -23.049  -24.972 0.4000000060
41912  32.722  -22.906  -25.034 0.4000000060
41892  32.147  -23.394  -24.662 0.4000000060
146045  30.855  -22.847  -25.376 0.4000000060
42929  34.521  -22.045  -25.907 0.4000000060
43868  34.031  -21.455  -26.375 0.4000000060
43869  33.075  -21.490  -26.465 0.4000000060
42931  32.751  -21.977  -25.908 0.4000000060
43870  32.165  -21.583  -26.415 0.4000000060
42928  35.962  -22.237  -26.379 0.5000000000
43867  35.108  -21.538  -26.424 0.4000000060
43894  33.494  -20.926  -26.951 0.4000000060
148668  32.420  -20.984  -27.087 0.4000000060
43895  31.460  -21.249  -26.984 0.3000000119
41943  37.146  -23.553  -28.079 0.5000000000
42907  34.966  -22.686  -25.529 0.5000000000
42908  34.079  -22.547  -25.440 0.4000000060
42909  33.210  -22.468  -25.455 0.4000000060
42910  32.497  -22.428  -25.496 0.4000000060
152653  31.317  -22.343  -25.750 0.4000000060
42930  33.607  -21.970  -25.905 0.4000000060
42932  31.976  -22.106  -25.819 0.4000000060
42953  36.665  -22.410  -27.025 0.5000000000
43893  34.395  -20.979  -26.810 0.4000000060
154176  31.785  -20.867  -27.354 0.3000000119
42959  37.340  -22.077  -28.380 0.5000000000
43866  36.116  -21.525  -26.931 0.5000000000
43892  35.244  -20.747  -27.166 0.4000000060
44891  34.112  -20.462  -27.375 0.4000000060
44892  33.006  -20.357  -27.715 0.4000000060
44919  31.258  -20.229  -28.253 0.3000000119
44894  31.268  -20.742  -27.590 0.3000000119
43910  37.124  -21.167  -28.207 0.5000000000
43920  37.454  -21.554  -28.990 0.4000000060
139086  37.539  -21.881  -29.778 0.5000000000
44916  35.639  -20.174  -27.845 0.3000000119
140764  34.749  -20.133  -27.708 0.4000000060
150055  33.858  -19.839  -28.078 0.4000000060
44917  32.997  -19.829  -28.307 0.3000000119
44893  31.997  -20.535  -27.758 0.3000000119
45822  30.287  -19.842  -28.712 0.3000000119
44915  36.629  -20.276  -28.312 0.3000000119
44914  37.311  -20.741  -28.861 0.4000000060
44928  37.575  -21.069  -29.589 0.4000000060
157233  37.770  -20.574  -30.871 0.4000000060
43932  37.600  -21.149  -31.508 0.4000000060
153797  37.514  -20.890  -32.225 0.4000000060
141453  34.897  -19.640  -28.244 0.3000000119
45819  33.238  -19.463  -28.707 0.3000000119
44918  32.239  -19.923  -28.420 0.3000000119
45821  31.348  -19.568  -28.956 0.3000000119
45840  29.618  -19.318  -29.387 0.3000000119
45823  29.234  -19.792  -28.775 0.3000000119
45817  35.804  -19.673  -28.385 0.3000000119
45839  30.534  -19.217  -29.488 0.3000000119
46837  29.041  -18.814  -29.893 0.3000000119
44929  37.140  -20.065  -28.913 0.3000000119
151648  37.444  -20.381  -29.372 0.3000000119
45851  37.739  -19.662  -30.591 0.3000000119
44940  37.811  -20.227  -31.640 0.4000000060
44957  37.440  -19.977  -33.362 0.4000000060
45882  37.478  -19.123  -33.858 0.4000000060
142746  34.554  -19.346  -36.263 0.4000000060
45841  28.732  -19.302  -29.337 0.3000000119
45835  36.484  -18.885  -29.380 0.3000000119
141583  35.270  -18.985  -28.936 0.3000000119
45816  36.507  -19.531  -28.842 0.3000000119
45834  37.297  -19.631  -29.529 0.3000000119
46851  37.713  -18.716  -30.855 0.3000000119
45865  37.922  -19.525  -32.351 0.3000000119
132864  37.789  -19.181  -33.110 0.4000000060
46880  37.915  -18.520  -33.326 0.3000000119
46897  36.443  -18.440  -35.468 0.4000000060
149410  35.627  -18.426  -36.168 0.4000000060
48144  35.742  -17.597  -36.531 0.4000000060
46907  34.795  -18.732  -36.476 0.4000000060
46921  34.369  -18.352  -36.884 0.4000000060
45852  37.259  -18.798  -30.013 0.3000000119
46887  37.664  -18.284  -34.121 0.3000000119
48122  37.806  -17.415  -34.310 0.3000000119
149228  36.228  -17.861  -36.027 0.4000000060
48143  36.455  -17.197  -36.252 0.4000000060
48156  35.210  -17.268  -37.134 0.4000000060
49375  35.367  -16.405  -37.548 0.4000000060
49376  34.596  -16.451  -37.953 0.4000000060
49391  33.154  -16.509  -38.521 0.4000000060
153835  32.375  -16.756  -38.563 0.5000000000
48117  38.110  -17.671  -33.419 0.3000000119
49350  37.640  -16.281  -35.286 0.3000000119
49351  37.123  -16.789  -35.833 0.3000000119
49364  36.702  -16.434  -36.490 0.4000000060
49374  36.270  -16.039  -37.153 0.4000000060
50466  35.827  -15.499  -37.789 0.3000000119
50467  34.917  -15.723  -38.266 0.4000000060
50478  33.319  -15.698  -38.961 0.3000000119
50479  32.255  -16.033  -39.134 0.3000000119
49392  31.579  -16.594  -38.812 0.4000000060
50490  32.568  -15.180  -39.568 0.3000000119
49340  37.907  -16.554  -34.493 0.3000000119
50442  37.739  -15.437  -35.450 0.3000000119
49363  37.341  -15.994  -36.037 0.3000000119
140392  36.955  -15.668  -36.687 0.3000000119
50465  36.626  -15.242  -37.294 0.3000000119
51518  36.329  -14.655  -37.914 0.3000000119
51528  35.327  -14.377  -38.872 0.3000000119
50477  34.222  -15.370  -38.784 0.3000000119
50489  33.574  -14.937  -39.362 0.3000000119
51537  34.629  -14.599  -39.130 0.3000000119
50430  37.980  -14.909  -34.856 0.3000000119
50456  37.467  -15.192  -36.206 0.3000000119
50464  37.060  -14.488  -37.269 0.3000000119
52485  36.908  -13.715  -37.869 0.3000000119
51527  35.957  -14.018  -38.617 0.3000000119
52508  35.270  -13.958  -39.228 0.3000000119
135268  34.561  -13.820  -39.670 0.3000000119
51538  33.701  -14.157  -39.858 0.3000000119
139822  35.150  -13.440  -39.655 0.3000000119
52509  34.068  -13.657  -40.057 0.3000000119
53608  34.847  -12.212  -41.146 0.3000000119
145345  35.722  -24.153  -25.312 0.5000000000
41908  36.211  -23.809  -25.884 0.5000000000
144633  26.422  -38.634  -31.819 0.6000000238
27044  26.833  -39.117  -32.552 0.5000000000
144428  26.906  -38.303  -32.903 0.5000000000
29044  29.354  -37.800  -33.808 0.5000000000
27995  28.384  -38.243  -33.541 0.5000000000
30100  32.629  -36.535  -34.266 0.5000000000
29042  31.231  -37.311  -34.144 0.5000000000
29043  30.313  -37.542  -34.026 0.5000000000
27894  26.228  -38.250  -25.225 0.6000000238
27895  25.687  -38.321  -25.738 0.6000000238
28952  25.918  -37.607  -25.826 0.6000000238
27905  24.635  -38.337  -26.696 0.5000000000
27920  24.025  -37.809  -27.685 0.5000000000
151786  24.310  -36.800  -27.647 0.5000000000
28982  23.664  -36.830  -28.500 0.5000000000
31040  23.847  -35.267  -27.977 0.4000000060
31971  23.333  -34.674  -27.677 0.4000000060
34337  23.304  -31.987  -25.384 0.3000000119
34336  24.117  -31.198  -25.006 0.3000000119
36049  24.956  -29.832  -24.859 0.4000000060
36048  25.603  -29.249  -24.588 0.4000000060
38771  25.848  -26.769  -24.707 0.4000000060
40885  29.595  -24.230  -24.389 0.4000000060
39828  26.916  -25.280  -24.466 0.4000000060
39848  26.176  -24.999  -24.949 0.4000000060
41895  28.642  -24.289  -24.528 0.4000000060
41913  30.178  -23.200  -25.239 0.4000000060
41896  27.742  -23.930  -24.959 0.4000000060
43871  31.336  -21.833  -26.279 0.4000000060
150629  30.730  -21.070  -27.320 0.4000000060
42911  30.022  -22.716  -25.714 0.4000000060
42933  30.625  -22.249  -26.043 0.4000000060
44895  30.384  -20.557  -27.881 0.3000000119
149350  29.637  -20.283  -28.296 0.3000000119
44920  28.782  -20.373  -28.212 0.3000000119
31126  33.431  -35.765  -34.053 0.5000000000
33493  22.751  -33.119  -25.674 0.4000000060
37841  25.445  -27.113  -25.014 0.4000000060
39829  26.140  -25.982  -24.642 0.4000000060
147586  29.231  -23.771  -24.857 0.4000000060
41915  28.577  -23.551  -25.198 0.4000000060
32736  22.598  -33.868  -26.150 0.4000000060
145516  29.351  -35.537  -34.294 0.5000000000
38756  32.222  -26.656  -23.013 0.4000000060
143053  36.917  -23.285  -27.258 0.5000000000
43928  37.655  -21.372  -30.539 0.5000000000
39812  32.391  -25.664  -23.387 0.4000000060
41942  37.162  -22.676  -27.797 0.5000000000
151583  36.770  -19.795  -34.343 0.4000000060
49377  33.916  -16.985  -37.934 0.4000000060
139577  34.691  -16.953  -37.569 0.4000000060
30104  28.416  -37.191  -33.712 0.6000000238
30102  30.644  -36.728  -34.310 0.5000000000
154122  32.081  -36.515  -34.366 0.5000000000
36870  27.133  -28.091  -23.734 0.4000000060
37818  26.600  -27.554  -24.092 0.4000000060
36880  26.350  -28.235  -24.205 0.4000000060
36881  25.696  -28.418  -24.677 0.4000000060
40879  35.122  -24.908  -24.560 0.5000000000
40872  32.881  -24.865  -23.730 0.4000000060
40886  27.709  -24.728  -24.445 0.4000000060
41890  34.012  -23.783  -24.552 0.4000000060
41909  35.400  -23.460  -25.372 0.5000000000
146029  31.835  -22.736  -25.269 0.4000000060
41930  36.455  -23.079  -26.480 0.5000000000
152304  35.281  -22.253  -25.988 0.5000000000
41931  35.768  -22.893  -25.881 0.5000000000
150069  36.356  -20.875  -27.584 0.5000000000
42952  36.881  -21.760  -27.596 0.5000000000
44936  37.688  -20.438  -30.060 0.3000000119
45857  37.927  -19.376  -31.415 0.3000000119
46896  37.237  -17.959  -34.899 0.4000000060
48133  36.825  -17.562  -35.594 0.4000000060
49365  35.967  -16.835  -36.870 0.4000000060
48132  37.470  -17.113  -35.097 0.3000000119
50476  35.408  -14.875  -38.480 0.3000000119
49390  34.043  -16.144  -38.427 0.4000000060
131135  37.971  -15.716  -34.675 0.3000000119
131484  37.452  -13.707  -36.934 0.3000000119
53598  35.117  -12.525  -40.479 0.3000000119
40887  26.925  -24.421  -24.850 0.4000000060
24250  23.699  -42.653  -26.267 0.4000000060
25155  23.902  -41.821  -26.491 0.4000000060
25168  23.416  -41.728  -27.601 0.4000000060
140802  24.308  -41.016  -26.313 0.4000000060
26105  23.681  -40.083  -27.594 0.3000000119
24290  26.668  -42.644  -30.856 0.5000000000
26977  23.518  -39.410  -28.114 0.3000000119
25213  26.514  -41.137  -31.296 0.5000000000
135988  26.437  -40.663  -31.599 0.5000000000
141333  26.429  -41.785  -31.344 0.5000000000
26963  25.224  -38.777  -26.050 0.5000000000
152278  23.996  -39.080  -27.266 0.4000000060
25224  26.662  -41.426  -32.124 0.5000000000
26149  26.951  -40.865  -32.544 0.3000000119
27029  26.523  -39.314  -32.137 0.5000000000
132599  26.587  -40.582  -32.123 0.4000000060
27043  27.200  -39.660  -32.858 0.4000000060
25231  27.470  -41.149  -33.011 0.3000000119
137497  27.313  -40.366  -32.945 0.3000000119
27041  28.784  -39.997  -33.478 0.3000000119
27042  27.816  -39.797  -33.246 0.3000000119
27977  30.552  -39.016  -33.699 0.3000000119
27978  29.590  -39.313  -33.624 0.3000000119
27979  28.533  -39.137  -33.468 0.4000000060
27980  27.473  -38.891  -33.127 0.4000000060
28995  22.513  -36.593  -29.439 0.3000000119
27991  31.791  -37.888  -33.832 0.4000000060
27993  30.008  -38.396  -33.814 0.4000000060
30029  22.824  -35.810  -29.206 0.3000000119
32747  22.537  -34.085  -27.092 0.3000000119
36062  24.974  -28.770  -25.205 0.3000000119
36897  25.267  -27.814  -25.156 0.3000000119
36898  24.565  -27.964  -25.687 0.3000000119
37842  24.860  -27.026  -25.541 0.3000000119
142484  25.573  -24.709  -25.497 0.3000000119
40904  26.925  -23.651  -25.392 0.3000000119
40905  26.232  -24.214  -25.310 0.3000000119
40919  24.415  -24.774  -26.374 0.3000000119
42912  29.338  -22.645  -25.895 0.3000000119
42913  28.656  -22.873  -25.745 0.3000000119
41916  27.727  -23.166  -25.608 0.3000000119
157250  27.074  -23.143  -25.722 0.3000000119
42914  26.549  -23.145  -25.804 0.3000000119
42934  29.740  -22.130  -26.357 0.3000000119
42936  28.011  -22.448  -26.181 0.3000000119
42937  27.077  -22.630  -26.102 0.3000000119
43873  28.288  -21.804  -26.685 0.3000000119
43874  27.429  -21.892  -26.608 0.3000000119
43875  26.524  -21.949  -26.541 0.3000000119
43896  30.025  -21.143  -27.335 0.3000000119
43872  29.078  -21.706  -26.773 0.3000000119
43899  27.774  -21.308  -27.178 0.3000000119
139420  27.038  -43.180  -30.579 0.5000000000
31063  23.069  -35.029  -28.646 0.3000000119
40906  25.001  -24.362  -25.952 0.3000000119
42935  28.855  -22.296  -26.305 0.3000000119
27921  23.541  -38.635  -28.301 0.3000000119
145064  23.369  -37.818  -28.771 0.3000000119
28994  22.984  -37.183  -29.295 0.3000000119
19534  24.492  -47.122  -22.672 0.4000000060
19535  23.771  -47.329  -23.133 0.4000000060
19545  24.113  -46.701  -23.503 0.4000000060
19560  22.494  -47.377  -25.346 0.4000000060
19559  22.843  -46.786  -25.477 0.3000000119
20464  24.034  -46.255  -24.038 0.4000000060
20477  23.371  -46.383  -25.011 0.4000000060
21449  23.497  -45.926  -25.217 0.4000000060
21496  29.055  -45.067  -29.402 0.3000000119
21434  23.901  -45.956  -24.623 0.4000000060
21462  22.698  -45.726  -26.716 0.3000000119
22419  22.677  -44.877  -27.171 0.3000000119
146998  23.427  -45.444  -25.475 0.4000000060
23383  22.647  -43.867  -28.215 0.3000000119
22429  22.470  -44.669  -28.238 0.3000000119
23397  22.641  -43.172  -28.644 0.3000000119
22409  23.589  -44.780  -25.404 0.4000000060
143096  23.288  -43.304  -26.517 0.3000000119
24251  23.348  -42.534  -27.059 0.3000000119
19547  22.652  -47.566  -24.472 0.4000000060
19552  23.089  -46.903  -24.803 0.4000000060
24274  22.716  -42.416  -28.833 0.3000000119
19522  24.869  -47.611  -21.908 0.3000000119
24275  22.382  -42.729  -29.142 0.3000000119
17870  29.152  -49.348  -21.864 0.4000000060
18708  30.864  -48.549  -23.494 0.3000000119
19543  31.183  -47.072  -23.711 0.3000000119
19546  23.456  -47.004  -24.025 0.4000000060
19551  31.196  -47.582  -24.191 0.3000000119
20433  28.542  -46.606  -21.574 0.5000000000
20438  26.208  -46.436  -22.024 0.5000000000
20450  31.125  -46.516  -23.172 0.5000000000
20465  23.622  -46.480  -24.456 0.4000000060
20486  23.095  -46.304  -25.510 0.3000000119
20494  30.387  -46.673  -27.446 0.4000000060
21396  30.386  -45.760  -22.279 0.6000000238
21398  26.216  -45.701  -22.293 0.5000000000
21414  24.366  -45.782  -23.947 0.5000000000
21448  23.816  -45.401  -24.981 0.5000000000
21471  30.694  -45.910  -27.247 0.4000000060
21483  29.204  -45.948  -29.043 0.3000000119
22357  30.314  -44.843  -22.165 0.6000000238
22358  28.160  -44.397  -21.802 0.6000000238
22410  23.054  -45.001  -26.134 0.3000000119
22418  31.202  -45.087  -27.127 0.6000000238
22428  22.706  -44.169  -27.573 0.3000000119
23304  29.275  -43.404  -22.024 0.6000000238
23307  26.065  -43.634  -22.678 0.5000000000
23320  32.135  -43.038  -23.592 0.6000000238
23322  26.135  -42.604  -22.899 0.6000000238
23337  32.427  -43.504  -24.442 0.6999999881
23357  23.825  -43.939  -25.274 0.5000000000
23369  32.519  -43.071  -26.267 0.6000000238
23372  23.351  -44.056  -25.926 0.4000000060
23382  22.899  -43.357  -27.537 0.3000000119
23396  30.587  -43.141  -29.144 0.6000000238
23413  22.191  -43.388  -29.240 0.3000000119
24213  26.402  -41.797  -23.174 0.6999999881
24225  32.561  -42.621  -24.127 0.6000000238
24227  24.519  -42.820  -24.794 0.6000000238
24239  24.778  -41.963  -24.981 0.6000000238
24260  23.017  -42.475  -28.092 0.3000000119
24289  27.206  -42.454  -30.585 0.5000000000
25097  31.136  -42.003  -22.632 0.6000000238
25101  28.200  -41.755  -22.497 0.6000000238
25130  33.268  -40.888  -24.847 1.0000000000
25167  23.795  -40.942  -27.075 0.3000000119
25216  26.398  -41.297  -31.686 0.5000000000
26044  28.014  -40.783  -22.740 0.6999999881
26058  31.996  -40.819  -23.023 0.8999999762
26059  28.318  -39.985  -22.775 0.8999999762
26061  26.782  -40.091  -23.653 0.6999999881
26076  25.644  -40.755  -24.619 0.5000000000
26084  33.432  -39.770  -25.554 1.0000000000
26117  32.411  -40.252  -28.124 0.8000000119
26132  26.965  -40.985  -30.861 0.6000000238
26139  28.295  -40.007  -30.430 0.8000000119
26143  26.441  -40.034  -31.836 0.5000000000
26156  28.080  -40.622  -33.323 0.3000000119
26157  26.885  -40.050  -32.518 0.4000000060
26903  30.269  -39.122  -22.506 0.8999999762
26904  29.481  -39.156  -22.591 0.8999999762
26924  32.145  -39.945  -23.063 0.8999999762
26925  28.186  -39.265  -23.019 0.6999999881
26942  25.832  -39.845  -24.914 0.6000000238
26949  33.476  -39.265  -26.242 1.0000000000
26976  33.334  -39.122  -27.052 1.0000000000
27013  29.111  -39.532  -30.302 0.8000000119
27016  26.910  -39.494  -31.022 0.6999999881
27021  26.607  -39.465  -31.537 0.6000000238
27844  32.042  -38.619  -22.875 0.8999999762
27867  32.636  -38.777  -23.387 0.8999999762
27868  28.038  -38.435  -23.334 0.8000000119
27884  27.269  -38.247  -23.949 0.8999999762
27903  33.587  -38.487  -25.882 1.0000000000
27904  25.335  -37.922  -26.251 0.6000000238
27934  31.866  -38.356  -29.166 0.8999999762
27944  31.214  -38.062  -29.755 0.8999999762
27945  30.556  -38.626  -29.946 0.8000000119
27946  29.849  -39.064  -30.174 0.8000000119
27959  26.646  -38.168  -31.174 0.6999999881
27981  26.593  -38.155  -32.606 0.6000000238
27992  30.884  -38.143  -33.880 0.4000000060
27994  29.199  -38.575  -33.652 0.4000000060
28900  31.763  -37.831  -22.717 0.8999999762
28902  30.078  -37.466  -22.629 0.8999999762
28940  27.470  -37.327  -24.310 0.8000000119
28965  26.141  -36.671  -26.017 0.6999999881
29003  31.470  -37.377  -29.776 0.8999999762
29014  27.135  -37.510  -30.880 0.8000000119
29020  26.079  -37.323  -32.180 0.6999999881
29939  29.898  -36.862  -22.772 0.8999999762
29950  29.396  -36.537  -23.146 0.8999999762
29972  28.074  -35.934  -24.381 0.6999999881
29973  27.440  -35.994  -25.041 0.6999999881
29987  34.182  -36.197  -25.391 1.0000000000
30000  34.274  -36.170  -26.290 1.0000000000
30002  25.470  -36.440  -26.595 0.6000000238
30013  33.867  -36.173  -27.585 1.0000000000
30015  23.490  -35.849  -28.647 0.4000000060
30078  26.214  -35.966  -32.268 0.8999999762
30087  26.500  -36.768  -32.874 0.8000000119
30088  26.380  -36.055  -32.611 0.8000000119
30962  32.368  -35.141  -22.990 0.8999999762
30963  31.348  -35.325  -22.765 0.8999999762
30964  30.400  -35.485  -22.906 0.8999999762
30978  34.217  -35.417  -24.921 0.8999999762
30980  28.972  -34.950  -23.814 0.6999999881
30982  27.689  -35.274  -25.003 0.6999999881
30998  27.136  -35.418  -25.549 0.6999999881
31020  25.254  -35.696  -26.696 0.4000000060
31090  31.368  -35.185  -30.298 0.8999999762
31095  26.478  -35.419  -31.241 0.8999999762
31105  26.035  -34.959  -31.895 0.8999999762
31112  26.068  -35.166  -32.002 0.8999999762
31118  26.558  -35.384  -33.107 0.8999999762
31127  32.453  -35.434  -34.323 0.5000000000
31128  31.280  -35.616  -34.564 0.5000000000
31129  30.665  -35.553  -34.569 0.6000000238
31130  30.029  -35.169  -34.537 0.5000000000
31919  27.439  -34.366  -25.191 0.6999999881
31921  23.997  -34.070  -24.915 0.5000000000
31947  24.441  -34.826  -26.473 0.5000000000
31999  31.915  -34.541  -30.100 0.8999999762
32007  26.978  -34.445  -31.252 0.8999999762
32009  26.189  -34.762  -31.924 0.8999999762
32014  26.266  -34.610  -32.216 0.8999999762
32045  26.860  -34.170  -33.319 0.8999999762
32716  30.612  -33.573  -23.112 0.8999999762
32789  26.683  -34.034  -31.572 0.8999999762
32797  26.396  -34.118  -32.308 0.8999999762
32802  26.454  -33.494  -32.602 0.8999999762
32809  33.216  -33.473  -33.665 0.6000000238
32811  26.503  -34.171  -32.932 0.8999999762
33468  33.033  -32.526  -23.014 0.8999999762
33481  27.704  -32.940  -24.270 0.6000000238
33483  25.938  -33.036  -24.194 0.6000000238
33546  29.342  -32.436  -31.118 0.8999999762
33571  26.643  -32.708  -33.265 0.8999999762
33577  31.603  -33.029  -34.226 0.6000000238
33580  29.462  -32.541  -34.532 0.8000000119
34400  28.454  -31.128  -31.371 0.8999999762
34416  35.992  -31.484  -33.460 0.6000000238
35180  31.926  -31.072  -22.653 0.8000000119
35181  31.478  -30.507  -22.723 0.6999999881
35185  27.460  -30.387  -23.608 0.5000000000
35193  26.930  -30.996  -23.711 0.4000000060
35253  32.111  -30.225  -30.074 1.0000000000
35261  31.244  -29.881  -30.482 1.0000000000
35262  30.657  -30.510  -30.724 1.0000000000
35282  26.372  -30.355  -32.979 0.8999999762
35309  31.696  -30.265  -33.947 0.6999999881
36103  32.604  -29.530  -29.796 1.0000000000
36114  29.413  -29.403  -31.329 1.0000000000
36121  27.625  -29.511  -31.872 0.8999999762
36123  26.450  -29.453  -32.762 0.8999999762
36127  26.255  -28.965  -33.085 0.8999999762
36137  33.159  -29.278  -33.760 0.6000000238
36156  26.614  -29.162  -33.792 0.8999999762
36935  33.658  -28.248  -29.501 0.8000000119
36956  28.505  -29.031  -31.634 1.0000000000
36958  26.661  -28.817  -32.542 0.8999999762
36967  26.163  -28.286  -33.219 0.8999999762
36991  30.851  -28.939  -34.413 0.6999999881
36995  27.342  -28.602  -34.471 0.8999999762
37006  28.830  -28.151  -34.727 0.6999999881
37008  27.321  -27.823  -34.646 0.8000000119
37799  33.098  -27.219  -23.050 0.5000000000
37840  35.689  -27.556  -25.310 0.6999999881
37867  34.849  -27.759  -29.000 0.8000000119
37891  31.439  -27.669  -30.713 1.0000000000
37901  26.264  -27.597  -32.933 0.8999999762
37909  26.204  -27.296  -33.338 1.0000000000
37926  31.970  -27.873  -34.468 0.6999999881
37943  30.177  -27.266  -35.023 0.6999999881
38760  28.636  -26.316  -23.556 0.4000000060
38794  25.426  -26.416  -25.136 0.4000000060
38804  36.428  -26.191  -26.796 0.6999999881
38860  26.410  -26.941  -32.937 1.0000000000
38869  28.055  -26.401  -32.300 1.0000000000
38883  26.412  -26.142  -34.451 0.8999999762
38895  27.450  -26.489  -35.118 0.8000000119
38896  26.348  -25.202  -34.645 0.8999999762
38911  31.913  -25.850  -35.962 0.6999999881
38914  29.108  -25.915  -35.711 0.8000000119
39817  28.298  -25.754  -23.789 0.4000000060
39900  33.526  -25.888  -30.826 0.8000000119
39917  28.659  -25.813  -32.321 1.0000000000
39930  26.845  -25.682  -33.108 1.0000000000
39931  26.383  -25.720  -33.567 1.0000000000
39942  26.255  -25.515  -34.182 1.0000000000
39967  27.276  -24.840  -35.743 0.8999999762
39968  26.692  -24.868  -35.413 0.8999999762
40990  26.223  -25.019  -33.970 1.0000000000
41003  26.416  -24.523  -33.968 0.8999999762
41011  26.376  -24.411  -35.277 0.8000000119
41022  30.065  -24.758  -36.700 0.8000000119
41025  26.419  -23.530  -35.976 0.8000000119
41037  32.147  -24.420  -37.782 0.6000000238
41893  30.691  -23.482  -24.803 0.4000000060
41894  29.921  -23.651  -24.820 0.4000000060
41914  29.421  -23.228  -25.385 0.4000000060
41917  25.631  -23.939  -25.702 0.3000000119
42008  26.295  -23.918  -34.632 0.8999999762
42017  28.984  -23.165  -34.331 0.8999999762
42019  26.174  -23.690  -34.943 0.8999999762
42029  26.181  -23.115  -35.207 0.8999999762
42040  27.497  -23.508  -36.641 0.8000000119
42041  26.714  -23.449  -36.290 0.8000000119
42042  26.276  -23.161  -36.032 0.8000000119
42043  26.225  -23.097  -35.752 0.8000000119
42073  32.372  -23.275  -38.543 0.6000000238
42074  31.548  -23.277  -38.348 0.6000000238
43019  32.208  -22.636  -34.719 0.8000000119
43020  31.359  -22.671  -34.785 0.6999999881
43025  26.421  -22.947  -34.958 0.8999999762
43026  26.235  -22.929  -35.451 0.8999999762
43042  29.111  -21.982  -35.287 0.8999999762
43063  29.211  -22.617  -37.840 0.6000000238
43066  26.560  -22.162  -36.514 0.8000000119
43083  29.706  -22.282  -38.281 0.6000000238
43095  32.002  -22.061  -38.894 0.6000000238
43968  27.614  -21.854  -35.335 0.8999999762
43971  26.221  -22.502  -35.767 0.8999999762
43982  32.223  -21.481  -35.557 0.6999999881
43986  28.472  -21.346  -35.642 0.8999999762
43987  26.863  -21.482  -35.769 0.8999999762
43988  26.281  -22.018  -35.872 0.8999999762
44014  26.768  -21.744  -36.807 0.8000000119
44038  29.893  -20.928  -38.896 0.6000000238
44991  28.206  -20.679  -36.107 0.8000000119
45001  32.221  -20.164  -36.357 0.6999999881
45005  28.430  -20.084  -36.460 0.8000000119
45006  27.320  -20.353  -36.817 0.8999999762
45007  26.981  -20.868  -36.995 0.8000000119
45030  27.645  -20.036  -38.030 0.6999999881
45043  30.463  -20.434  -39.343 0.6000000238
45883  35.974  -20.095  -34.923 0.5000000000
45891  35.549  -19.652  -35.482 0.5000000000
45921  30.946  -18.944  -37.309 0.6999999881
45934  27.904  -19.413  -38.144 0.8000000119
45947  30.158  -19.718  -39.552 0.6000000238
45960  33.543  -19.451  -40.453 0.5000000000
46888  37.009  -18.838  -34.662 0.4000000060
46910  28.439  -18.871  -37.604 0.8000000119
46925  30.734  -18.359  -37.707 0.8000000119
46926  29.043  -18.130  -38.092 0.6999999881
46938  28.215  -18.833  -38.326 0.8000000119
46960  32.970  -18.842  -40.752 0.6000000238
46964  28.644  -18.179  -39.233 0.6000000238
46975  32.297  -18.145  -41.043 0.6000000238
48145  35.008  -18.003  -36.741 0.4000000060
48157  34.367  -17.667  -37.313 0.4000000060
48162  29.163  -17.736  -38.405 0.6999999881
48175  31.896  -17.281  -38.355 0.6000000238
48189  28.921  -17.597  -39.348 0.6000000238
48204  29.696  -17.050  -40.504 0.6000000238
48205  29.224  -17.354  -40.044 0.6000000238
48206  29.089  -17.852  -39.811 0.6000000238
49380  29.109  -16.885  -38.971 0.6999999881
49395  29.291  -16.741  -39.406 0.6000000238
49396  29.153  -17.058  -39.433 0.6999999881
49419  29.705  -16.274  -40.566 0.6000000238
49446  32.423  -15.926  -42.288 0.6000000238
50480  31.098  -15.966  -39.382 0.5000000000
50502  30.066  -15.629  -40.626 0.6000000238
50512  30.435  -15.287  -41.086 0.6000000238
50522  31.938  -14.542  -42.606 0.5000000000
50531  36.182  -15.133  -43.670 0.4000000060
51541  30.439  -15.193  -40.833 0.6000000238
51550  32.673  -14.078  -40.484 0.4000000060
51572  35.859  -14.546  -43.987 0.3000000119
51573  34.345  -14.435  -43.598 0.4000000060
51575  32.622  -13.695  -43.216 0.4000000060
51582  38.100  -13.773  -44.194 0.3000000119
52521  31.627  -13.841  -41.544 0.4000000060
52542  32.678  -13.103  -43.280 0.4000000060
53586  35.472  -12.856  -39.853 0.3000000119
53587  34.533  -13.188  -40.241 0.3000000119
53599  34.466  -12.664  -40.819 0.3000000119
53609  33.956  -12.519  -41.556 0.4000000060
53617  32.658  -12.817  -42.912 0.4000000060
53618  32.251  -13.392  -42.471 0.4000000060
53624  32.892  -12.672  -43.335 0.4000000060
132104  29.736  -41.101  -29.872 0.8000000119
132125  33.112  -41.661  -25.902 0.8000000119
132728  26.916  -31.201  -33.840 0.8999999762
132865  32.783  -35.983  -23.182 0.8999999762
133942  30.697  -32.076  -34.453 0.6999999881
134609  27.677  -31.184  -31.522 0.8999999762
134709  35.659  -26.865  -25.033 0.6999999881
134798  28.769  -31.135  -34.486 0.6999999881
135161  29.667  -31.197  -34.538 0.6999999881
135288  23.353  -40.891  -28.150 0.3000000119
135335  24.889  -31.482  -24.481 0.4000000060
135547  33.712  -28.052  -34.177 0.6000000238
135738  26.345  -28.650  -33.572 0.8999999762
136025  27.101  -28.336  -32.331 1.0000000000
136334  29.182  -48.071  -21.701 0.4000000060
136738  22.929  -44.114  -26.767 0.3000000119
137049  33.950  -31.379  -33.374 0.6000000238
137394  29.819  -44.085  -22.031 0.6000000238
137672  27.070  -48.383  -21.202 0.4000000060
137899  26.159  -27.866  -33.335 0.8999999762
137911  31.891  -39.967  -28.690 0.8000000119
138017  24.121  -43.219  -25.228 0.5000000000
138118  27.394  -34.201  -33.665 0.8000000119
138295  31.714  -41.264  -28.535 0.8000000119
138754  31.796  -44.473  -26.532 0.4000000060
139148  23.109  -36.425  -29.133 0.3000000119
139730  29.873  -36.090  -30.583 0.8999999762
139869  28.899  -41.113  -30.211 0.6999999881
140051  35.219  -22.642  -33.270 0.6000000238
140590  25.446  -32.235  -24.177 0.5000000000
141122  34.478  -32.170  -33.326 0.6000000238
141137  25.226  -44.999  -23.143 0.5000000000
141176  26.951  -36.295  -33.260 0.6999999881
141340  28.005  -34.689  -33.902 0.8000000119
141724  29.918  -26.849  -23.112 0.4000000060
142624  26.664  -39.823  -32.257 0.5000000000
142903  26.698  -30.140  -32.419 0.8999999762
142936  32.759  -36.054  -34.305 0.5000000000
143040  29.730  -21.565  -26.899 0.3000000119
143041  30.517  -21.598  -26.740 0.4000000060
143088  30.594  -15.517  -39.945 0.6000000238
143880  27.835  -42.966  -30.315 0.5000000000
144391  26.178  -45.065  -22.436 0.5000000000
144539  29.855  -34.962  -30.748 0.8999999762
144781  26.010  -25.043  -34.021 1.0000000000
144955  26.396  -21.868  -35.754 0.8999999762
145360  33.652  -24.975  -23.856 0.4000000060
145709  32.667  -41.951  -23.977 0.8000000119
145776  27.657  -30.227  -31.701 0.8999999762
146510  26.769  -21.451  -36.683 0.8000000119
147429  32.002  -23.577  -33.773 0.8000000119
148915  31.622  -26.871  -30.936 0.8999999762
148990  33.363  -30.039  -33.597 0.6000000238
149280  27.106  -22.432  -36.884 0.8000000119
149428  30.908  -47.122  -23.024 0.5000000000
149969  31.895  -15.193  -42.416 0.6000000238
150934  30.876  -23.959  -37.694 0.6000000238
150989  26.224  -23.627  -25.595 0.3000000119
151684  37.166  -15.025  -36.823 0.3000000119
151797  31.453  -36.042  -34.526 0.5000000000
152177  30.489  -44.077  -22.335 0.6000000238
152806  35.252  -28.091  -28.388 0.8000000119
152940  25.221  -42.718  -23.806 0.6000000238
153021  26.429  -29.859  -32.860 0.8999999762
153912  27.062  -20.910  -36.380 0.8000000119
153931  26.511  -47.858  -21.374 0.4000000060
154232  32.942  -39.814  -27.503 1.0000000000
154429  36.997  -22.231  -32.003 0.6000000238
155035  26.165  -49.392  -20.785 0.4000000060
156649  27.892  -42.290  -30.378 0.6000000238
156674  29.628  -28.853  -31.334 1.0000000000
156866  34.298  -32.484  -28.015 1.0000000000
156951  29.367  -47.532  -21.763 0.4000000060
156963  34.803  -15.146  -38.662 0.3000000119
157142  30.730  -40.660  -22.506 0.6999999881
157508  27.443  -20.452  -37.559 0.8000000119
157571  27.217  -31.648  -34.052 0.8999999762
157891  30.348  -15.346  -40.533 0.6000000238
157894  32.699  -37.213  -23.175 0.8999999762
157930  23.789  -46.560  -24.039 0.4000000060
