#!ascii label  , from subject freesurfer vox2ras=TkReg
1922
25177  41.383  -41.607  -28.015 0.6000000238
25194  42.966  -41.665  -28.994 0.5000000000
26975  40.041  -39.462  -27.604 0.6999999881
26989  39.489  -39.560  -28.143 0.6000000238
141179  39.111  -39.300  -28.816 0.6000000238
26101  41.192  -40.120  -27.591 0.6999999881
25163  40.800  -40.900  -27.749 0.6000000238
25164  39.980  -40.849  -27.870 0.5000000000
26116  39.373  -40.555  -28.349 0.5000000000
134868  39.086  -39.927  -28.747 0.6000000238
27943  39.051  -38.654  -29.400 0.6000000238
26100  42.106  -39.860  -27.759 0.5000000000
25176  42.330  -41.226  -28.415 0.5000000000
25178  40.348  -41.742  -27.979 0.6000000238
27954  38.966  -39.025  -30.218 0.6000000238
25210  44.379  -41.229  -30.341 0.5000000000
25192  44.680  -40.314  -29.976 0.5000000000
157730  39.470  -36.333  -28.700 0.6000000238
147072  39.396  -36.201  -29.288 0.6999999881
27916  40.425  -38.660  -27.281 0.6000000238
28978  40.037  -37.766  -27.348 0.6999999881
28979  39.622  -37.191  -27.879 0.6000000238
30026  39.347  -37.058  -28.784 0.6000000238
29001  39.168  -37.687  -29.640 0.6000000238
26974  40.781  -39.438  -27.403 0.6000000238
26114  42.678  -40.252  -28.305 0.5000000000
27915  41.460  -38.702  -27.097 0.5000000000
148346  39.122  -38.273  -30.342 0.6000000238
25175  43.272  -40.644  -28.893 0.5000000000
145751  39.317  -38.105  -31.110 0.6000000238
26128  44.169  -40.013  -29.337 0.5000000000
148745  39.389  -38.488  -31.917 0.6000000238
135067  40.085  -37.205  -33.084 0.6999999881
27967  39.800  -38.557  -32.798 0.6000000238
29030  40.460  -37.892  -33.653 0.6999999881
27972  40.293  -38.606  -33.469 0.6000000238
27051  41.257  -39.860  -34.472 0.6000000238
27986  40.928  -38.692  -34.228 0.6000000238
27077  43.051  -39.896  -37.820 0.5000000000
29071  42.301  -38.003  -38.453 0.6999999881
27078  41.916  -39.798  -37.710 0.6000000238
145483  41.004  -37.872  -37.846 0.8000000119
28018  41.512  -38.490  -37.959 0.6999999881
31060  39.562  -35.679  -28.660 0.6000000238
31077  39.480  -35.380  -29.552 0.6999999881
28963  40.585  -37.061  -26.861 0.6999999881
30011  39.986  -36.806  -27.399 0.6999999881
30012  39.636  -36.407  -28.071 0.6000000238
30038  39.294  -36.806  -29.854 0.6999999881
136168  39.413  -35.993  -30.145 0.6999999881
28977  40.866  -37.913  -26.804 0.6000000238
135947  39.469  -35.943  -31.010 0.8000000119
27914  42.557  -38.428  -27.103 0.5000000000
28976  41.815  -37.891  -26.652 0.5000000000
30064  39.501  -36.732  -31.337 0.6000000238
26971  43.279  -38.794  -27.723 0.5000000000
26972  42.385  -39.092  -27.513 0.5000000000
138642  39.663  -36.074  -31.874 0.8000000119
29019  39.468  -37.556  -31.631 0.6000000238
30075  39.922  -36.253  -32.766 0.8000000119
30076  39.685  -36.916  -32.214 0.6999999881
30095  40.848  -36.890  -34.267 0.6999999881
30085  40.365  -36.504  -33.570 0.6999999881
30110  42.042  -37.096  -35.503 0.6999999881
29036  41.496  -37.423  -34.863 0.6999999881
29049  42.411  -38.034  -35.466 0.6000000238
27985  41.685  -38.359  -34.849 0.6000000238
29037  40.930  -37.731  -34.296 0.6000000238
29054  44.078  -38.104  -36.948 0.6999999881
28001  42.665  -39.218  -35.593 0.6999999881
28007  44.426  -38.525  -37.832 0.6999999881
155394  44.032  -39.845  -37.044 0.6000000238
28025  43.670  -38.485  -38.583 0.8000000119
27080  43.575  -39.283  -38.161 0.8000000119
27067  44.099  -39.401  -37.507 0.6000000238
30134  42.620  -37.143  -38.780 0.8999999762
142177  39.984  -37.947  -37.475 0.6999999881
132268  41.851  -36.436  -38.586 0.8000000119
28019  40.620  -38.559  -37.598 0.6999999881
31995  39.875  -34.186  -28.637 0.6000000238
32002  39.608  -34.434  -29.706 0.6999999881
32775  39.896  -33.488  -29.416 0.6999999881
31059  39.773  -34.995  -28.352 0.6000000238
32784  39.735  -33.698  -30.402 0.6000000238
150220  41.244  -34.882  -26.853 0.4000000060
30010  40.425  -36.125  -27.078 0.6000000238
31037  39.925  -35.593  -27.769 0.6000000238
154541  39.610  -34.395  -30.466 0.6999999881
29999  41.167  -36.427  -26.561 0.6000000238
32013  39.647  -34.374  -31.187 0.8000000119
28961  42.383  -36.871  -26.093 0.4000000060
157404  42.028  -37.273  -26.375 0.5000000000
152885  41.366  -37.210  -26.531 0.6000000238
31104  39.613  -35.262  -31.502 0.8000000119
28975  42.636  -37.757  -26.462 0.5000000000
31111  39.806  -35.406  -32.380 0.8000000119
27913  43.373  -38.385  -27.103 0.4000000060
31110  40.169  -35.497  -33.366 0.8000000119
27000  44.462  -39.342  -28.954 0.5000000000
31122  40.668  -36.019  -34.209 0.8000000119
31145  41.773  -35.369  -35.923 0.8000000119
30094  41.284  -36.520  -34.892 0.6999999881
30118  43.523  -36.975  -36.880 0.8000000119
31137  41.813  -36.231  -35.629 0.6999999881
31151  43.534  -35.385  -37.518 0.8999999762
30109  42.550  -36.787  -36.083 0.6999999881
29053  44.382  -37.561  -37.795 0.8999999762
29048  43.035  -37.591  -36.128 0.6999999881
29070  43.435  -37.711  -38.904 0.8999999762
29069  44.177  -37.759  -38.779 0.8999999762
30127  39.930  -36.502  -37.648 0.8000000119
136552  39.171  -36.514  -37.371 0.8000000119
30126  40.836  -36.451  -38.070 0.8000000119
29064  39.403  -37.265  -37.376 0.8000000119
31162  41.211  -35.706  -38.452 0.8000000119
29063  40.395  -37.201  -37.737 0.6999999881
32783  39.951  -32.966  -29.984 0.6000000238
32766  40.359  -33.249  -28.601 0.5000000000
33543  39.865  -32.844  -30.699 0.6999999881
133363  41.714  -34.309  -26.947 0.4000000060
31968  40.905  -34.388  -27.287 0.5000000000
31984  40.553  -33.832  -27.902 0.6000000238
31017  41.950  -35.084  -26.574 0.5000000000
32019  39.714  -34.017  -32.069 0.6999999881
146490  43.321  -35.273  -26.488 0.5000000000
144205  41.818  -35.901  -26.403 0.6000000238
31014  43.327  -35.581  -25.981 0.4000000060
29997  42.796  -36.242  -25.891 0.4000000060
32806  40.208  -33.470  -33.748 0.8000000119
32801  39.884  -33.764  -32.939 0.8000000119
134687  43.298  -36.349  -25.398 0.4000000060
136344  40.522  -35.216  -34.166 0.8000000119
32025  40.232  -34.451  -33.690 0.8000000119
32018  39.879  -34.650  -32.744 0.8000000119
27931  44.003  -38.751  -27.768 0.3000000119
32056  41.924  -34.495  -36.230 0.8000000119
32833  41.412  -33.744  -35.647 0.8000000119
32036  41.067  -35.511  -34.980 0.8000000119
32841  42.244  -33.500  -36.462 0.8000000119
32049  41.224  -34.596  -35.396 0.8000000119
32063  43.795  -34.755  -37.930 0.8999999762
31144  42.648  -35.296  -36.670 0.8999999762
139728  44.164  -34.060  -38.417 0.8999999762
156097  44.096  -36.091  -37.958 0.8999999762
32062  44.202  -35.017  -38.766 0.8999999762
31150  44.248  -36.471  -38.515 0.8999999762
31159  44.101  -36.340  -38.698 0.8999999762
31153  39.617  -35.794  -37.529 0.8000000119
31154  38.967  -35.842  -37.195 0.8000000119
31160  43.562  -36.089  -38.954 0.8999999762
31168  43.246  -35.396  -39.116 0.8999999762
31152  40.370  -35.749  -37.919 0.8000000119
31161  42.373  -35.707  -38.892 0.8000000119
33525  40.797  -32.486  -28.531 0.6000000238
33534  40.326  -32.586  -29.314 0.6000000238
35250  40.705  -30.957  -29.949 0.6000000238
33524  41.359  -32.471  -28.094 0.6000000238
32755  43.301  -33.354  -27.624 0.4000000060
32756  42.369  -33.630  -27.232 0.4000000060
33513  41.761  -32.910  -27.650 0.4000000060
32765  40.969  -33.049  -27.947 0.5000000000
33553  39.825  -32.544  -31.486 0.6999999881
31967  42.463  -34.471  -26.851 0.4000000060
32793  39.734  -33.126  -32.220 0.6999999881
144222  43.529  -35.013  -26.928 0.5000000000
31966  43.282  -34.352  -27.181 0.4000000060
31058  44.637  -35.322  -27.747 0.5000000000
33566  40.339  -32.573  -33.952 0.8000000119
33561  39.919  -32.831  -33.103 0.8000000119
33588  41.530  -32.835  -35.643 0.8000000119
32818  40.601  -33.240  -34.488 0.8000000119
33596  42.890  -32.820  -37.038 0.8000000119
33604  43.635  -33.211  -37.717 0.8999999762
32055  42.869  -34.519  -37.003 0.8999999762
33603  44.215  -33.013  -38.350 0.8999999762
32072  44.180  -34.897  -38.867 0.8999999762
32078  44.154  -34.550  -39.259 1.0000000000
142882  39.880  -34.380  -37.575 0.8000000119
32079  43.450  -34.764  -39.302 1.0000000000
32064  40.052  -35.076  -37.735 0.8000000119
32080  42.455  -34.877  -39.131 1.0000000000
32073  41.505  -34.958  -38.755 0.8000000119
32854  40.946  -34.207  -38.547 0.8000000119
34380  40.982  -31.290  -29.188 0.6000000238
34367  42.224  -31.492  -28.289 0.6000000238
35260  40.550  -30.745  -30.856 0.6999999881
32764  43.864  -33.174  -28.138 0.4000000060
33512  42.597  -32.713  -27.678 0.4000000060
33523  41.984  -32.193  -27.962 0.4000000060
31983  44.034  -34.063  -27.912 0.4000000060
135797  39.869  -32.183  -32.350 0.6999999881
31982  44.491  -34.919  -28.184 0.5000000000
142610  44.489  -34.300  -28.557 0.4000000060
139459  40.203  -31.254  -32.500 0.8000000119
152181  40.940  -32.385  -34.831 0.8000000119
35289  40.521  -31.013  -33.382 0.8000000119
34438  42.257  -31.393  -35.963 0.8000000119
136634  41.032  -33.210  -35.112 0.8000000119
34447  42.855  -31.816  -36.758 0.8000000119
33587  42.183  -32.356  -36.244 0.8000000119
32840  43.265  -33.804  -37.401 0.8999999762
32846  44.565  -33.594  -39.194 0.8999999762
34454  44.796  -31.715  -38.731 0.8999999762
32071  44.378  -34.129  -39.200 1.0000000000
32860  44.326  -33.755  -39.553 1.0000000000
32861  43.638  -34.020  -39.570 1.0000000000
141474  40.897  -33.341  -38.514 0.8000000119
32065  39.430  -35.091  -37.317 0.8000000119
33621  43.926  -33.340  -39.922 1.0000000000
32853  41.543  -33.642  -38.993 0.8000000119
153742  41.733  -34.327  -38.989 0.8000000119
35236  42.545  -30.805  -28.625 0.6000000238
35237  41.706  -30.983  -28.804 0.6000000238
35249  41.349  -30.539  -29.483 0.6000000238
35270  40.464  -30.598  -31.807 0.6999999881
35269  40.944  -29.849  -31.282 0.6999999881
33521  44.214  -32.619  -28.497 0.4000000060
33522  43.436  -32.406  -28.029 0.5000000000
152734  42.689  -32.010  -27.978 0.5000000000
36119  40.779  -29.970  -32.112 0.8000000119
32763  44.371  -33.485  -28.549 0.4000000060
35280  40.599  -30.440  -32.673 0.8000000119
32773  45.100  -34.284  -29.550 0.4000000060
32774  44.768  -33.889  -29.089 0.4000000060
133284  41.250  -31.390  -34.800 0.8000000119
34412  41.037  -30.786  -34.134 0.8000000119
34439  41.616  -31.893  -35.493 0.8000000119
34455  44.259  -32.050  -38.111 0.8999999762
35336  44.130  -30.658  -37.726 0.8000000119
34461  45.212  -32.029  -39.598 1.0000000000
33611  45.278  -32.099  -40.126 1.0000000000
35343  45.256  -31.160  -39.262 1.0000000000
33620  45.061  -32.645  -40.036 1.0000000000
34470  43.108  -31.890  -40.187 1.0000000000
33613  41.484  -32.776  -38.987 0.8999999762
32848  39.823  -33.539  -37.448 0.8000000119
33605  40.385  -33.015  -37.966 0.8999999762
34471  42.435  -31.948  -39.805 1.0000000000
34462  41.781  -31.974  -39.280 1.0000000000
33614  40.865  -32.629  -38.436 1.0000000000
35359  44.446  -30.589  -40.920 1.0000000000
36200  44.317  -29.500  -41.300 1.0000000000
35360  43.246  -30.654  -40.524 1.0000000000
36202  42.377  -30.170  -40.205 1.0000000000
37990  45.498  -28.258  -42.127 1.0000000000
37052  44.023  -28.382  -41.622 1.0000000000
36102  41.772  -29.773  -29.753 0.6999999881
35259  41.088  -30.169  -30.293 0.6999999881
36110  42.252  -29.074  -30.034 0.6999999881
35247  43.454  -29.925  -28.945 0.6000000238
35248  42.092  -30.255  -29.086 0.6000000238
36111  41.582  -29.415  -30.569 0.6999999881
35234  43.848  -31.116  -28.598 0.6000000238
145320  44.652  -32.054  -28.897 0.5000000000
36966  41.819  -28.780  -32.257 0.8000000119
145708  45.213  -33.372  -29.582 0.4000000060
36126  41.019  -29.771  -32.748 0.8000000119
35307  41.471  -29.992  -34.127 0.8000000119
35323  41.630  -30.563  -34.812 0.8000000119
36168  42.840  -30.071  -36.038 0.8000000119
35322  42.307  -30.457  -35.531 0.8000000119
35328  43.436  -30.169  -36.811 0.6999999881
35329  42.886  -30.843  -36.387 0.8000000119
138391  44.660  -31.049  -38.410 0.8999999762
36178  44.038  -29.817  -37.601 0.8000000119
36177  44.599  -29.509  -38.530 1.0000000000
36189  45.338  -30.320  -39.433 1.0000000000
35342  45.636  -30.858  -39.970 1.0000000000
37038  45.407  -29.538  -39.721 1.0000000000
142344  45.421  -28.735  -39.999 1.0000000000
34476  45.395  -31.272  -40.629 1.0000000000
151766  46.053  -28.635  -40.840 1.0000000000
36199  46.123  -30.134  -40.995 1.0000000000
37049  46.422  -28.620  -41.763 1.0000000000
36205  45.604  -29.975  -41.316 1.0000000000
35344  41.476  -31.098  -39.037 1.0000000000
34456  40.452  -32.033  -37.957 1.0000000000
37050  46.379  -28.608  -41.950 1.0000000000
137717  42.018  -31.357  -39.550 1.0000000000
35353  41.875  -30.596  -39.641 1.0000000000
37045  42.080  -29.125  -40.403 1.0000000000
37991  44.417  -27.495  -42.148 1.0000000000
37044  42.986  -28.868  -40.984 1.0000000000
36933  42.876  -28.855  -29.678 0.6999999881
36945  42.093  -28.731  -30.783 0.6999999881
132249  44.798  -29.980  -29.142 0.5000000000
36100  43.607  -29.147  -29.325 0.6999999881
36953  41.588  -29.094  -31.403 0.6999999881
35246  44.168  -30.479  -28.846 0.6000000238
153043  44.999  -31.520  -29.191 0.5000000000
142492  44.957  -30.790  -29.126 0.5000000000
149693  41.474  -29.276  -32.734 0.8000000119
140316  41.890  -28.928  -33.191 0.8000000119
36134  41.946  -29.273  -34.011 0.6999999881
36147  42.553  -29.040  -34.619 0.8000000119
36167  43.027  -29.421  -36.068 0.8000000119
147290  42.652  -29.582  -35.385 0.8000000119
133437  43.477  -29.257  -36.792 0.6999999881
148710  44.135  -28.656  -38.152 0.8999999762
37967  43.561  -28.086  -37.495 0.8000000119
38924  43.294  -26.520  -37.899 0.8000000119
39977  43.103  -25.446  -37.722 0.8000000119
37031  44.651  -28.737  -39.017 0.8999999762
37032  43.987  -27.973  -38.442 0.8000000119
39988  43.557  -25.960  -38.594 0.8000000119
37974  44.590  -27.926  -39.356 0.8999999762
38947  44.067  -26.292  -39.422 0.8999999762
41043  43.495  -25.004  -38.611 0.8000000119
38936  44.585  -27.150  -39.759 0.8999999762
150416  45.334  -27.266  -40.521 1.0000000000
37043  46.413  -28.772  -41.511 1.0000000000
35361  46.110  -30.053  -41.119 1.0000000000
37989  46.724  -27.346  -42.389 1.0000000000
151564  46.428  -28.006  -42.240 1.0000000000
37039  41.300  -28.622  -39.954 1.0000000000
37988  46.899  -26.869  -42.632 1.0000000000
37997  45.710  -27.511  -42.504 1.0000000000
149970  42.593  -27.936  -41.057 1.0000000000
145544  46.718  -26.672  -42.892 1.0000000000
135458  45.264  -26.280  -43.041 1.0000000000
38959  43.647  -26.562  -42.094 1.0000000000
36931  45.049  -28.746  -29.334 0.6999999881
36932  44.260  -28.405  -29.461 0.6999999881
151443  43.373  -28.428  -29.672 0.6999999881
149579  42.750  -28.288  -30.224 0.6999999881
140314  42.392  -28.044  -31.096 0.6999999881
36098  45.348  -29.399  -29.349 0.6000000238
155452  42.025  -28.522  -31.502 0.6999999881
35245  45.532  -30.263  -29.413 0.5000000000
36952  42.246  -28.036  -31.983 0.6999999881
34378  45.623  -31.256  -29.581 0.5000000000
36965  42.221  -28.212  -32.914 0.8000000119
36977  42.339  -28.551  -33.821 0.6999999881
36984  42.749  -28.248  -34.549 0.6999999881
148354  42.899  -28.296  -35.309 0.6999999881
37013  43.029  -28.618  -36.103 0.6999999881
149369  43.885  -28.980  -37.523 0.6999999881
148379  43.413  -28.576  -36.869 0.6999999881
38925  42.867  -26.229  -37.254 0.8000000119
39959  42.695  -25.555  -36.802 0.8000000119
41020  42.796  -24.556  -36.960 0.8000000119
144515  43.246  -24.344  -37.898 0.8000000119
38946  44.810  -26.497  -40.259 1.0000000000
39996  44.337  -25.629  -39.949 0.8999999762
136089  43.557  -24.087  -38.767 0.8000000119
41053  44.722  -24.952  -40.471 1.0000000000
147303  43.922  -24.713  -39.532 0.8000000119
37983  46.232  -27.936  -41.292 1.0000000000
38953  45.792  -26.847  -41.152 1.0000000000
140520  46.722  -28.076  -42.003 1.0000000000
38958  46.960  -26.603  -42.540 1.0000000000
40017  46.812  -25.882  -43.011 1.0000000000
149863  41.726  -27.658  -40.539 1.0000000000
137130  40.854  -27.975  -39.503 1.0000000000
40024  45.913  -25.527  -43.417 1.0000000000
41085  45.159  -24.862  -43.427 1.0000000000
40012  44.198  -25.834  -42.688 1.0000000000
37993  42.031  -27.016  -40.942 1.0000000000
41076  44.303  -24.891  -42.999 1.0000000000
37875  44.617  -27.573  -29.612 0.6999999881
37888  43.582  -27.631  -29.894 0.6999999881
37889  42.852  -27.441  -30.647 0.6000000238
37896  42.520  -27.344  -31.529 0.6000000238
38853  42.596  -26.534  -31.899 0.6000000238
37908  42.407  -27.333  -32.576 0.6999999881
37922  42.616  -27.495  -34.341 0.6999999881
154434  42.465  -27.091  -33.221 0.6999999881
37935  42.775  -27.696  -35.012 0.6999999881
152485  42.659  -27.253  -35.484 0.6999999881
39945  42.510  -25.698  -35.969 0.8000000119
135732  42.724  -27.210  -36.214 0.6999999881
38906  42.655  -26.405  -36.528 0.8000000119
42038  43.104  -23.588  -37.265 0.8000000119
42065  43.688  -23.248  -38.984 0.8000000119
147080  44.361  -24.032  -40.166 0.8000000119
42082  44.071  -23.209  -39.770 0.8000000119
41060  46.304  -25.125  -41.845 1.0000000000
41061  45.276  -24.297  -41.151 1.0000000000
42081  44.660  -23.276  -40.605 0.6999999881
142022  46.051  -24.255  -42.032 1.0000000000
42093  45.344  -23.310  -41.524 0.8999999762
42100  46.330  -24.289  -42.692 1.0000000000
42108  46.213  -24.373  -43.162 1.0000000000
42109  45.816  -23.453  -43.045 1.0000000000
37975  40.444  -27.371  -39.167 1.0000000000
42116  45.771  -24.022  -43.446 1.0000000000
42117  44.909  -23.350  -43.535 1.0000000000
38960  42.463  -26.214  -41.443 1.0000000000
37984  41.252  -26.809  -40.350 1.0000000000
40019  43.211  -24.908  -42.384 1.0000000000
38840  43.447  -26.827  -30.413 0.6999999881
38868  42.469  -26.416  -32.897 0.6000000238
148472  42.397  -26.081  -33.603 0.6999999881
138828  42.398  -25.760  -34.964 0.6999999881
136305  42.386  -26.207  -34.224 0.6999999881
38887  42.543  -26.538  -35.656 0.6999999881
42039  42.622  -24.301  -36.062 0.6999999881
42028  42.783  -23.464  -35.692 0.6999999881
43058  43.419  -22.692  -37.520 0.6999999881
43072  43.664  -22.544  -38.434 0.6999999881
43089  43.928  -22.489  -39.285 0.6999999881
43100  44.805  -22.429  -40.942 0.8000000119
43101  44.328  -22.472  -40.066 0.6999999881
42101  45.796  -23.350  -42.373 0.8999999762
44054  45.336  -21.411  -43.017 1.0000000000
37985  40.592  -26.491  -39.963 1.0000000000
135436  45.388  -23.129  -43.379 1.0000000000
40005  41.662  -25.398  -41.153 1.0000000000
41077  43.609  -24.230  -42.929 1.0000000000
137514  43.962  -26.205  -30.388 0.6000000238
152684  43.373  -26.270  -30.804 0.6000000238
38852  43.032  -25.974  -31.354 0.6000000238
39910  43.355  -25.198  -31.427 0.6000000238
40979  43.124  -24.629  -31.992 0.6000000238
40980  42.650  -24.702  -32.702 0.6000000238
40996  42.430  -24.654  -33.546 0.6000000238
147036  42.313  -25.458  -33.997 0.6000000238
145066  42.401  -24.628  -34.586 0.6999999881
43016  42.928  -23.013  -34.995 0.6999999881
132655  43.323  -22.063  -36.140 0.6999999881
136222  43.521  -21.969  -36.924 0.6999999881
44006  43.931  -21.068  -37.234 0.6999999881
44007  43.711  -21.823  -37.855 0.6999999881
43071  44.017  -21.699  -38.794 0.6999999881
48182  52.096  -16.830  -39.328 0.3000000119
44044  44.546  -21.600  -40.235 0.6999999881
44033  44.360  -21.347  -39.419 0.6999999881
49413  52.773  -16.592  -41.206 0.3000000119
44043  44.949  -21.562  -41.286 0.8000000119
155113  37.080  -28.365  -34.799 0.8999999762
44049  45.279  -21.506  -42.280 1.0000000000
145337  38.549  -27.706  -36.451 1.0000000000
37034  40.043  -27.249  -38.597 1.0000000000
37955  39.208  -27.818  -37.027 1.0000000000
43120  44.961  -22.324  -43.552 1.0000000000
42111  42.699  -23.128  -42.907 1.0000000000
42118  44.031  -23.214  -43.480 1.0000000000
40013  42.502  -25.342  -41.707 1.0000000000
38961  41.436  -26.152  -40.724 1.0000000000
41078  42.765  -23.874  -42.534 1.0000000000
39896  44.420  -25.568  -30.510 0.6000000238
39909  44.058  -25.008  -30.932 0.6000000238
40963  44.461  -24.430  -31.055 0.6000000238
40964  43.781  -24.447  -31.412 0.6000000238
41974  44.398  -23.743  -31.456 0.6000000238
41984  43.960  -23.121  -32.095 0.6999999881
41985  43.292  -23.464  -32.621 0.6999999881
145712  43.017  -24.110  -32.447 0.6000000238
41997  43.057  -23.234  -33.420 0.6999999881
43013  49.157  -22.584  -34.812 0.3000000119
43036  48.956  -21.904  -35.033 0.3000000119
42011  42.958  -23.100  -34.265 0.6999999881
43037  43.089  -22.545  -35.568 0.6999999881
43997  43.685  -21.347  -36.256 0.6999999881
48167  51.676  -17.473  -38.584 0.3000000119
48168  51.082  -16.908  -37.963 0.4000000060
49383  51.506  -16.484  -38.681 0.4000000060
153211  51.317  -15.729  -38.794 0.4000000060
36986  36.469  -28.528  -34.415 0.6999999881
36987  35.373  -28.351  -34.149 0.6999999881
52525  51.230  -13.579  -41.667 0.3000000119
50498  52.273  -15.792  -40.976 0.3000000119
149239  44.953  -19.886  -40.150 0.6999999881
149119  37.466  -27.599  -35.590 0.8999999762
51561  51.226  -14.067  -42.530 0.3000000119
50499  51.929  -15.505  -40.198 0.3000000119
134956  45.163  -20.665  -41.693 0.8000000119
137567  37.821  -27.118  -36.309 0.8999999762
51555  51.602  -14.351  -41.655 0.3000000119
51547  51.673  -14.715  -40.598 0.3000000119
45057  45.347  -20.505  -42.689 0.8000000119
45071  44.807  -20.200  -43.795 1.0000000000
38948  39.964  -26.149  -39.720 1.0000000000
44063  43.668  -20.767  -43.957 1.0000000000
138177  40.687  -25.423  -40.515 1.0000000000
42119  43.245  -22.640  -43.389 1.0000000000
41069  42.051  -24.530  -41.722 1.0000000000
42112  42.087  -22.832  -42.458 1.0000000000
41079  41.994  -23.587  -42.029 1.0000000000
43109  41.651  -22.294  -42.215 1.0000000000
42990  45.356  -22.377  -32.089 0.6999999881
42991  44.467  -22.424  -32.361 0.6999999881
43014  48.773  -22.626  -34.067 0.3000000119
43000  44.216  -21.905  -32.978 0.6999999881
138502  43.314  -22.522  -33.759 0.6999999881
43015  43.231  -22.281  -34.634 0.6999999881
43962  48.477  -21.480  -34.490 0.4000000060
43980  43.437  -21.700  -35.417 0.6999999881
43979  48.844  -21.124  -35.046 0.3000000119
44966  48.280  -20.680  -34.510 0.5000000000
44983  43.942  -20.804  -35.416 0.6999999881
44999  44.154  -20.577  -36.376 0.6999999881
44981  48.746  -20.251  -35.013 0.5000000000
145242  44.370  -20.325  -37.095 0.6999999881
46900  50.221  -18.778  -36.642 0.4000000060
48127  48.839  -17.977  -35.681 0.6000000238
48136  49.291  -17.484  -36.221 0.5000000000
45011  44.418  -20.487  -37.877 0.6999999881
46914  50.706  -18.275  -37.223 0.3000000119
45021  44.422  -20.771  -38.817 0.6999999881
52501  48.198  -12.739  -39.972 0.4000000060
49368  50.395  -16.365  -37.449 0.4000000060
45939  44.702  -20.146  -39.309 0.6999999881
36988  34.520  -28.324  -34.028 0.6999999881
53592  49.472  -12.275  -40.630 0.4000000060
49384  50.928  -16.009  -38.148 0.4000000060
36979  34.814  -28.999  -33.726 0.6000000238
52530  50.771  -13.120  -42.081 0.3000000119
52526  50.878  -12.941  -41.157 0.3000000119
53591  50.295  -12.570  -40.662 0.4000000060
50486  51.367  -15.042  -39.413 0.4000000060
50471  50.220  -15.452  -37.740 0.4000000060
149845  45.187  -20.016  -41.097 0.6999999881
37004  36.819  -27.710  -35.051 0.6999999881
53581  49.938  -12.663  -39.935 0.4000000060
51533  50.663  -14.294  -38.864 0.4000000060
50472  49.361  -14.951  -37.530 0.4000000060
52514  51.323  -13.708  -40.822 0.3000000119
51532  51.145  -13.967  -39.786 0.3000000119
51522  49.921  -13.884  -38.527 0.4000000060
144572  45.349  -19.479  -43.133 0.8000000119
138541  39.501  -26.552  -38.782 1.0000000000
44068  44.262  -20.346  -44.036 1.0000000000
41070  41.250  -24.003  -41.435 1.0000000000
43115  42.024  -22.010  -42.867 1.0000000000
43122  42.622  -21.834  -43.353 1.0000000000
44064  42.868  -20.993  -43.704 1.0000000000
42103  40.844  -23.766  -41.142 1.0000000000
41071  40.599  -24.339  -40.834 1.0000000000
150633  41.357  -22.564  -41.574 1.0000000000
43103  40.843  -23.252  -40.999 1.0000000000
42979  45.691  -22.995  -31.621 0.6000000238
42989  46.368  -22.475  -32.081 0.6000000238
43938  45.793  -21.926  -32.464 0.6000000238
43939  45.039  -21.821  -32.632 0.6999999881
42999  47.666  -22.132  -33.157 0.5000000000
43936  47.092  -21.743  -32.946 0.6000000238
43950  44.729  -21.290  -33.239 0.6999999881
43946  48.194  -21.929  -33.844 0.5000000000
43947  47.442  -21.463  -33.424 0.4000000060
148890  43.989  -21.520  -33.638 0.6999999881
43964  43.732  -21.343  -34.498 0.6999999881
44954  47.072  -20.722  -33.593 0.6000000238
44970  44.751  -20.239  -34.293 0.6999999881
44967  47.545  -20.279  -34.098 0.6000000238
44971  44.193  -20.640  -34.620 0.6999999881
45877  48.057  -19.821  -34.550 0.6000000238
45886  48.585  -19.347  -35.034 0.6000000238
45889  44.763  -19.587  -35.544 0.6999999881
45899  44.637  -19.761  -36.478 0.6999999881
46891  49.091  -18.861  -35.563 0.5000000000
48128  48.042  -17.622  -35.402 0.6000000238
46894  46.457  -17.959  -35.229 0.6000000238
45915  44.702  -19.708  -37.498 0.6000000238
51534  47.068  -13.505  -40.023 0.4000000060
48149  50.540  -17.331  -37.302 0.4000000060
48137  48.549  -17.162  -35.855 0.4000000060
48129  47.205  -17.388  -35.437 0.5000000000
48130  46.568  -17.302  -35.759 0.6000000238
49355  48.338  -16.486  -36.186 0.5000000000
45928  44.757  -19.773  -38.540 0.6999999881
52500  49.488  -12.921  -39.366 0.4000000060
52502  47.804  -13.275  -39.529 0.5000000000
49369  49.596  -15.801  -37.094 0.4000000060
50459  48.760  -15.376  -37.008 0.4000000060
155186  45.003  -19.533  -39.368 0.6999999881
37937  36.996  -26.959  -35.786 0.8999999762
37923  35.825  -27.626  -34.695 0.6999999881
52499  50.261  -13.382  -39.264 0.4000000060
51513  48.509  -14.690  -37.599 0.4000000060
45968  45.436  -19.532  -42.106 0.6999999881
45955  45.409  -19.087  -41.007 0.6999999881
37957  37.701  -26.432  -37.239 0.8999999762
45078  44.846  -19.294  -44.002 0.8999999762
38926  38.944  -26.256  -38.672 0.8999999762
40006  40.395  -24.850  -40.534 1.0000000000
38938  39.143  -25.992  -39.287 1.0000000000
45080  43.786  -19.930  -44.214 1.0000000000
38955  40.015  -25.674  -40.030 1.0000000000
44065  42.114  -21.098  -43.220 1.0000000000
41063  39.511  -24.872  -40.111 1.0000000000
39998  39.294  -25.202  -40.024 1.0000000000
45066  41.796  -20.940  -42.651 1.0000000000
44019  41.036  -21.640  -38.641 0.8999999762
44045  41.590  -21.409  -40.770 1.0000000000
43102  41.214  -22.380  -40.943 1.0000000000
42083  40.227  -23.762  -40.162 1.0000000000
42095  39.740  -24.508  -40.150 1.0000000000
43090  41.070  -22.198  -39.782 1.0000000000
43091  40.409  -22.982  -39.569 1.0000000000
43092  39.783  -23.561  -39.319 0.8999999762
44020  40.544  -22.351  -38.784 1.0000000000
132443  40.084  -22.941  -38.824 0.8999999762
43948  46.654  -21.227  -33.133 0.6000000238
43949  45.714  -21.266  -32.962 0.6999999881
44956  45.192  -20.621  -33.588 0.6999999881
44955  46.148  -20.557  -33.459 0.6999999881
44969  45.632  -19.871  -34.059 0.6999999881
45878  47.212  -19.482  -34.309 0.6000000238
45881  45.004  -19.621  -34.756 0.6999999881
46885  46.868  -18.715  -34.648 0.6999999881
46886  46.001  -18.741  -34.882 0.6000000238
46895  45.649  -18.398  -35.617 0.6000000238
46902  45.467  -18.252  -36.513 0.6000000238
52517  46.768  -12.908  -40.512 0.3000000119
45887  47.783  -18.953  -34.678 0.6000000238
46893  47.459  -18.128  -34.983 0.6000000238
45914  45.074  -18.983  -37.015 0.6000000238
130750  46.574  -13.635  -40.084 0.4000000060
148158  46.118  -13.743  -39.952 0.4000000060
49348  47.074  -16.808  -35.971 0.6000000238
48138  46.454  -17.023  -36.419 0.5000000000
46916  45.058  -18.902  -38.014 0.6000000238
49357  47.005  -16.403  -36.742 0.4000000060
45927  45.259  -18.863  -38.995 0.6000000238
130288  46.920  -14.459  -39.502 0.5000000000
50460  48.015  -15.231  -37.244 0.4000000060
51525  47.464  -14.134  -38.851 0.5000000000
51524  48.145  -14.055  -38.223 0.4000000060
46954  45.745  -17.734  -40.946 0.6000000238
50461  47.418  -15.231  -37.809 0.4000000060
45980  45.303  -18.612  -43.568 0.8999999762
45974  45.582  -18.505  -42.922 0.8000000119
150536  37.153  -26.530  -36.558 0.8999999762
38927  37.367  -26.180  -38.117 0.8999999762
38940  37.495  -26.044  -38.949 0.8999999762
38939  38.316  -26.022  -39.149 0.8999999762
45073  42.685  -20.202  -43.643 1.0000000000
44050  41.566  -21.714  -41.859 1.0000000000
41054  38.949  -24.828  -39.965 1.0000000000
42084  39.366  -24.304  -39.751 0.8999999762
43073  39.965  -22.429  -38.182 1.0000000000
43059  39.218  -22.510  -37.833 1.0000000000
43075  38.673  -23.295  -38.270 0.8999999762
44010  38.875  -21.613  -37.509 1.0000000000
43060  38.323  -22.573  -37.734 0.8999999762
53595  46.634  -12.492  -40.524 0.3000000119
52503  46.392  -12.887  -40.130 0.3000000119
48139  45.916  -17.500  -36.976 0.6000000238
130292  46.333  -14.211  -40.132 0.5000000000
130289  45.722  -14.518  -40.093 0.4000000060
48151  46.474  -16.710  -37.452 0.5000000000
50449  47.518  -15.799  -37.005 0.5000000000
48152  46.033  -17.284  -38.118 0.5000000000
46931  45.578  -18.027  -38.592 0.5000000000
130291  46.907  -13.974  -39.763 0.5000000000
50450  46.940  -15.871  -37.713 0.5000000000
130290  46.493  -14.862  -39.929 0.5000000000
48169  46.539  -16.051  -38.869 0.5000000000
157913  45.394  -18.883  -39.983 0.6000000238
49385  46.935  -15.168  -38.765 0.5000000000
134677  45.654  -18.252  -41.960 0.6999999881
49402  45.860  -15.375  -41.219 0.5000000000
49386  46.218  -15.529  -40.302 0.5000000000
46968  45.776  -17.430  -42.739 0.6000000238
46997  44.831  -18.215  -44.168 0.8999999762
45987  43.478  -18.619  -44.187 0.8999999762
45079  44.418  -19.581  -44.185 0.8999999762
45975  42.548  -19.398  -43.152 0.8999999762
45036  41.590  -21.294  -39.409 0.8999999762
45050  42.069  -20.583  -41.108 0.8999999762
45059  41.761  -20.859  -41.887 0.8999999762
45065  42.187  -20.170  -43.253 1.0000000000
41055  38.090  -24.904  -39.895 0.8999999762
39999  38.579  -25.235  -39.897 0.8999999762
42066  38.986  -23.863  -39.057 0.8999999762
44009  40.439  -21.720  -38.029 0.8000000119
45013  40.345  -20.940  -37.553 0.6999999881
42086  37.648  -24.502  -39.513 0.8999999762
42067  38.093  -23.942  -38.962 0.8999999762
54728  46.605  -11.864  -40.243 0.3000000119
52492  45.997  -12.913  -39.472 0.3000000119
53574  45.746  -12.840  -38.519 0.4000000060
52483  45.484  -13.374  -37.910 0.3000000119
52493  45.757  -13.480  -39.213 0.3000000119
51515  45.374  -14.044  -38.404 0.4000000060
130671  45.778  -14.063  -39.646 0.4000000060
46915  45.457  -18.157  -37.524 0.6000000238
155762  46.057  -14.756  -40.662 0.5000000000
50487  45.468  -15.007  -40.432 0.4000000060
48170  46.095  -16.906  -39.379 0.5000000000
46943  45.729  -17.874  -39.706 0.5000000000
48183  46.023  -16.549  -40.565 0.5000000000
48197  46.000  -16.277  -41.628 0.5000000000
139974  45.875  -17.164  -41.975 0.5000000000
49423  45.686  -15.616  -42.030 0.5000000000
49451  45.072  -16.397  -43.361 0.6000000238
48235  45.135  -17.232  -43.656 0.6000000238
135403  43.785  -16.679  -42.833 0.6999999881
48237  43.952  -17.050  -43.807 0.6999999881
46999  43.851  -18.061  -44.340 0.6999999881
46969  43.465  -17.671  -42.167 0.6999999881
46970  42.968  -18.585  -42.841 0.8000000119
46989  43.029  -18.477  -43.631 0.8000000119
41056  37.393  -24.931  -39.718 0.8999999762
150381  42.619  -19.852  -41.232 0.8999999762
45970  42.539  -19.587  -42.312 0.8999999762
45023  41.488  -20.943  -38.347 0.6999999881
42068  37.199  -23.943  -38.851 0.8999999762
42054  37.750  -23.329  -38.169 0.8999999762
45015  38.161  -20.906  -37.641 1.0000000000
53564  45.562  -12.617  -37.496 0.3000000119
51516  44.888  -14.675  -37.585 0.4000000060
52474  45.234  -13.151  -36.907 0.3000000119
50462  45.206  -14.626  -38.862 0.4000000060
51506  45.138  -13.946  -37.214 0.3000000119
49403  45.024  -15.422  -40.701 0.4000000060
50463  44.663  -15.389  -37.922 0.4000000060
50500  45.671  -15.186  -41.089 0.4000000060
49387  44.695  -15.823  -39.494 0.4000000060
49370  44.341  -16.183  -38.116 0.4000000060
49415  45.203  -15.298  -41.548 0.4000000060
48198  44.415  -16.171  -41.024 0.4000000060
48212  44.737  -15.641  -41.995 0.5000000000
49424  45.227  -15.465  -42.297 0.5000000000
143707  43.417  -18.324  -41.171 0.6000000238
45969  43.115  -18.922  -41.745 0.8000000119
134602  42.208  -20.673  -40.040 0.6999999881
44008  40.898  -21.154  -37.936 0.6999999881
43061  37.494  -22.621  -37.789 0.8999999762
43076  36.750  -23.113  -38.153 0.8999999762
45025  37.577  -20.186  -38.218 0.8999999762
44021  37.181  -21.171  -37.913 0.8000000119
43062  36.901  -22.114  -37.847 0.8000000119
45932  37.538  -19.415  -38.714 0.6999999881
45942  37.132  -19.037  -39.306 0.8000000119
53552  44.673  -12.785  -36.263 0.3000000119
52475  44.667  -13.628  -36.393 0.3000000119
50451  44.300  -15.393  -36.762 0.3000000119
51508  43.828  -14.933  -36.034 0.4000000060
49358  44.214  -16.004  -37.213 0.4000000060
49359  43.682  -16.196  -36.462 0.4000000060
48154  43.725  -17.101  -37.534 0.5000000000
48184  44.327  -16.519  -39.824 0.5000000000
46944  43.527  -18.241  -39.332 0.5000000000
46932  43.130  -18.391  -37.842 0.5000000000
48185  43.858  -17.369  -40.075 0.5000000000
45929  43.229  -18.785  -38.543 0.5000000000
46955  43.504  -18.304  -40.282 0.5000000000
45956  43.221  -19.161  -40.681 0.6000000238
141006  42.770  -19.924  -40.200 0.6999999881
45941  42.596  -20.103  -39.144 0.6999999881
45012  41.163  -20.508  -37.583 0.6999999881
143955  40.642  -20.053  -37.265 0.6999999881
153366  39.920  -20.398  -37.393 0.6999999881
136438  40.053  -19.603  -37.299 0.6999999881
45024  38.473  -20.151  -37.792 0.8000000119
46920  38.997  -19.003  -38.001 0.6999999881
53551  45.234  -12.303  -36.705 0.3000000119
54691  44.571  -11.834  -36.246 0.3000000119
52459  43.461  -13.242  -35.749 0.4000000060
52458  44.158  -13.233  -35.921 0.3000000119
51496  43.278  -14.587  -35.752 0.4000000060
49349  43.252  -15.970  -35.960 0.4000000060
131163  43.235  -17.049  -36.542 0.4000000060
49360  42.689  -16.069  -35.877 0.3000000119
46903  43.062  -17.924  -37.076 0.5000000000
46933  42.829  -18.971  -37.831 0.6000000238
132759  42.419  -16.859  -36.085 0.3000000119
46904  42.343  -18.303  -36.797 0.5000000000
46905  41.752  -18.262  -36.622 0.4000000060
45940  43.226  -19.221  -39.490 0.6999999881
45916  42.288  -19.352  -37.464 0.6999999881
45900  41.982  -18.909  -36.863 0.6000000238
45022  42.061  -20.203  -37.999 0.6999999881
45035  42.048  -20.703  -38.951 0.6999999881
45917  41.477  -19.634  -37.139 0.6999999881
45918  40.834  -19.277  -36.906 0.6000000238
52460  42.672  -13.260  -35.853 0.3000000119
51497  42.626  -14.665  -35.732 0.3000000119
49361  41.992  -16.215  -35.917 0.3000000119
52476  42.258  -13.943  -35.916 0.3000000119
50454  41.567  -15.545  -36.203 0.3000000119
51510  41.043  -14.850  -36.773 0.3000000119
156431  41.741  -16.827  -36.167 0.3000000119
50455  41.025  -15.727  -36.666 0.4000000060
46906  41.056  -18.533  -36.708 0.5000000000
152187  41.128  -17.154  -36.538 0.5000000000
141030  40.740  -16.369  -36.889 0.5000000000
48142  40.683  -17.925  -36.844 0.6000000238
48155  39.921  -17.987  -37.504 0.6000000238
56822  44.419  -9.562  -36.511 0.4000000060
55751  43.514  -10.664  -36.341 0.3000000119
53536  43.074  -12.517  -35.904 0.3000000119
54693  42.525  -11.900  -36.357 0.3000000119
53553  42.279  -12.680  -36.245 0.3000000119
148740  41.804  -12.227  -36.753 0.3000000119
52477  41.513  -13.835  -36.555 0.3000000119
149397  41.136  -13.197  -37.232 0.3000000119
51517  40.827  -13.976  -37.360 0.3000000119
154806  40.575  -15.563  -37.312 0.4000000060
133903  40.467  -14.716  -37.716 0.4000000060
49372  40.393  -17.145  -37.181 0.6000000238
49388  40.228  -16.301  -37.723 0.4000000060
50474  40.100  -15.439  -38.199 0.4000000060
49373  39.795  -17.052  -38.046 0.5000000000
46946  37.490  -18.409  -39.624 0.6999999881
45943  36.346  -19.295  -39.589 0.8000000119
58154  43.762  -8.899  -36.588 0.4000000060
55752  42.778  -10.133  -36.608 0.3000000119
54694  41.872  -11.417  -36.882 0.3000000119
54705  41.322  -11.935  -37.397 0.3000000119
53566  40.901  -12.580  -37.738 0.3000000119
138882  40.655  -13.338  -37.944 0.4000000060
52494  40.299  -13.622  -38.659 0.4000000060
51535  39.943  -13.921  -39.214 0.4000000060
50475  39.610  -15.353  -39.097 0.4000000060
48186  39.130  -17.012  -38.938 0.5000000000
51536  39.616  -14.529  -39.577 0.4000000060
46934  39.245  -18.347  -38.122 0.6000000238
49404  39.188  -16.134  -39.469 0.4000000060
46945  38.225  -18.180  -39.280 0.6999999881
49405  38.653  -16.729  -39.821 0.4000000060
49417  38.281  -16.473  -40.571 0.4000000060
48200  38.067  -17.151  -40.266 0.6000000238
49418  37.677  -16.833  -41.016 0.5000000000
46956  37.174  -18.086  -40.245 0.6000000238
46947  36.731  -18.587  -39.984 0.6999999881
48202  36.459  -18.010  -40.896 0.6999999881
59340  44.093  -7.399  -36.980 0.3000000119
56834  42.178  -9.621  -37.120 0.3000000119
55765  41.974  -10.515  -36.995 0.3000000119
54717  41.332  -11.043  -37.746 0.3000000119
54718  40.822  -11.851  -38.188 0.3000000119
53575  40.517  -12.712  -38.662 0.4000000060
52505  40.111  -13.254  -39.352 0.3000000119
53584  40.282  -12.576  -39.521 0.3000000119
52506  39.689  -13.755  -39.877 0.3000000119
52519  39.528  -13.614  -40.529 0.3000000119
49416  38.736  -16.084  -40.146 0.4000000060
50488  39.124  -15.328  -40.116 0.3000000119
143090  39.294  -13.806  -41.071 0.3000000119
50501  38.497  -15.780  -40.825 0.3000000119
50509  38.715  -15.005  -41.117 0.3000000119
49426  38.033  -16.236  -41.365 0.3000000119
50510  38.297  -15.604  -41.738 0.4000000060
49427  37.525  -16.563  -41.864 0.5000000000
48214  37.035  -17.201  -41.494 0.5000000000
58167  42.713  -8.102  -37.199 0.3000000119
153750  42.404  -8.819  -37.186 0.3000000119
140381  41.541  -10.026  -37.742 0.3000000119
55776  41.066  -10.436  -38.523 0.3000000119
55777  40.835  -11.181  -38.578 0.3000000119
132299  40.205  -12.131  -40.158 0.3000000119
53597  39.503  -13.219  -41.048 0.3000000119
52529  39.105  -13.577  -41.755 0.3000000119
51557  38.483  -14.841  -42.108 0.3000000119
49441  37.471  -16.104  -42.583 0.4000000060
49428  36.917  -16.683  -42.302 0.5000000000
48215  36.216  -17.277  -41.882 0.5000000000
59342  42.306  -7.528  -37.676 0.3000000119
156618  41.675  -8.489  -38.103 0.3000000119
56846  41.274  -9.575  -38.537 0.3000000119
55788  40.848  -9.997  -39.283 0.3000000119
55789  40.682  -10.846  -39.291 0.3000000119
131429  40.440  -11.287  -40.107 0.3000000119
54739  40.037  -11.650  -40.941 0.3000000119
53607  39.336  -12.843  -41.819 0.3000000119
50517  37.990  -15.418  -42.663 0.4000000060
50518  37.390  -15.490  -43.200 0.4000000060
49442  36.860  -16.061  -42.955 0.4000000060
156365  36.722  -14.968  -43.768 0.4000000060
48227  36.250  -16.546  -42.620 0.5000000000
49452  36.220  -15.872  -43.200 0.4000000060
60480  43.690  -6.529  -37.362 0.3000000119
59341  43.152  -7.382  -37.244 0.3000000119
56857  41.033  -9.181  -39.294 0.3000000119
145035  40.565  -10.411  -40.077 0.3000000119
55799  40.334  -10.820  -40.943 0.3000000119
54748  39.854  -11.205  -41.802 0.3000000119
52533  38.920  -13.268  -42.647 0.3000000119
133664  38.895  -12.875  -43.547 0.3000000119
51564  38.277  -14.565  -43.027 0.3000000119
50529  37.814  -14.849  -43.416 0.4000000060
50530  37.247  -14.833  -43.758 0.3000000119
133654  42.715  -6.762  -37.641 0.3000000119
59352  42.017  -6.924  -38.166 0.3000000119
60491  41.843  -6.307  -38.649 0.3000000119
142905  41.616  -7.847  -38.460 0.3000000119
58193  41.176  -8.380  -39.334 0.3000000119
58194  40.850  -8.815  -39.995 0.3000000119
56871  40.651  -9.136  -40.743 0.3000000119
132185  40.499  -9.957  -40.865 0.3000000119
56884  40.468  -9.461  -41.597 0.3000000119
53616  39.237  -12.505  -42.726 0.3000000119
61537  42.183  -5.557  -38.429 0.3000000119
59353  41.622  -7.022  -38.860 0.3000000119
60501  41.471  -6.525  -39.457 0.3000000119
59362  41.250  -7.491  -39.619 0.3000000119
58206  40.964  -8.177  -40.046 0.3000000119
55808  40.176  -10.328  -41.857 0.3000000119
54757  39.777  -10.879  -42.574 0.3000000119
139827  39.214  -12.255  -43.526 0.3000000119
62531  41.944  -4.843  -38.861 0.3000000119
151704  41.878  -4.105  -39.361 0.3000000119
60511  41.139  -6.733  -40.453 0.3000000119
141947  41.373  -5.887  -40.035 0.4000000060
59373  40.884  -7.733  -40.729 0.3000000119
58218  40.642  -8.542  -41.450 0.3000000119
131555  40.433  -9.059  -42.359 0.3000000119
60520  41.063  -6.404  -41.341 0.4000000060
61561  41.387  -5.420  -40.599 0.4000000060
59384  40.719  -7.653  -41.766 0.4000000060
139037  41.598  -4.092  -40.199 0.3000000119
61568  41.289  -5.553  -41.454 0.4000000060
34478  44.579  -32.070  -40.432 1.0000000000
132250  44.848  -31.434  -40.692 1.0000000000
33622  43.221  -32.606  -39.989 0.8999999762
132311  39.132  -20.572  -37.514 0.6999999881
45931  38.327  -19.410  -38.263 0.8000000119
46936  37.875  -18.815  -38.946 0.8000000119
46935  38.604  -18.608  -38.582 0.6999999881
27917  39.753  -38.691  -27.746 0.6000000238
27932  39.310  -38.691  -28.464 0.6000000238
30050  39.402  -36.567  -30.604 0.6000000238
26988  43.035  -39.408  -28.094 0.5000000000
26987  43.890  -39.087  -28.347 0.5000000000
29062  44.371  -37.741  -38.388 0.8999999762
31036  40.591  -35.188  -27.187 0.5000000000
28960  42.847  -37.183  -25.833 0.4000000060
29998  42.356  -36.121  -26.191 0.5000000000
31136  42.574  -36.104  -36.379 0.8999999762
34390  40.334  -31.572  -30.477 0.6999999881
31035  42.859  -35.075  -26.663 0.5000000000
144592  44.072  -35.078  -26.681 0.5000000000
34413  40.164  -31.902  -33.259 0.8000000119
28974  43.309  -37.983  -26.388 0.4000000060
32817  40.848  -33.883  -34.932 0.8000000119
34399  40.122  -31.560  -31.467 0.6999999881
33595  43.576  -32.354  -37.512 0.8000000119
32847  40.370  -33.820  -38.007 0.8000000119
33533  44.776  -32.930  -29.028 0.4000000060
31994  44.822  -34.951  -29.013 0.4000000060
35288  40.952  -30.220  -33.437 0.8000000119
33628  44.998  -32.458  -40.252 1.0000000000
33532  45.272  -32.284  -29.508 0.5000000000
34366  43.996  -31.793  -28.469 0.5000000000
35352  42.638  -31.158  -40.077 1.0000000000
139091  44.134  -29.738  -29.051 0.6999999881
36196  45.870  -29.804  -40.256 1.0000000000
34477  45.060  -31.814  -40.548 1.0000000000
37992  43.114  -27.279  -41.575 1.0000000000
38966  44.835  -26.788  -42.644 1.0000000000
38905  42.978  -27.129  -37.168 0.8000000119
40011  46.844  -25.786  -42.328 1.0000000000
42053  43.437  -23.411  -38.134 0.8000000119
139145  45.588  -25.264  -41.221 1.0000000000
40003  46.433  -26.106  -41.754 1.0000000000
41010  42.546  -24.189  -35.340 0.6999999881
43108  45.314  -22.423  -41.895 0.8000000119
44061  45.023  -21.313  -43.426 1.0000000000
43121  44.203  -22.435  -43.603 1.0000000000
45064  45.132  -20.352  -43.308 1.0000000000
41975  43.536  -23.870  -31.938 0.6000000238
41986  42.718  -23.958  -33.074 0.6999999881
45913  50.819  -19.211  -37.210 0.4000000060
37936  38.112  -28.018  -35.792 1.0000000000
37956  38.531  -26.987  -37.143 1.0000000000
44998  49.825  -20.225  -36.081 0.4000000060
46901  49.545  -18.368  -36.140 0.5000000000
45897  49.711  -19.292  -36.103 0.5000000000
52490  48.459  -13.521  -38.700 0.4000000060
52489  49.336  -13.402  -38.785 0.4000000060
134312  40.726  -22.934  -40.370 1.0000000000
49356  47.638  -16.342  -36.326 0.5000000000
44011  37.811  -21.833  -37.616 0.8000000119
48211  45.815  -16.389  -42.460 0.5000000000
48236  44.557  -16.992  -43.775 0.6999999881
49439  44.507  -16.388  -43.371 0.6000000238
48213  44.059  -16.451  -41.993 0.5000000000
48199  43.697  -17.341  -41.081 0.5000000000
48153  44.066  -16.833  -38.673 0.5000000000
154486  39.599  -20.078  -37.469 0.6999999881
46919  39.647  -18.912  -37.579 0.6999999881
48173  38.865  -17.887  -38.820 0.6000000238
54729  40.556  -11.800  -39.221 0.3000000119
27050  42.244  -40.140  -35.322 0.5000000000
27058  43.694  -39.700  -36.533 0.5000000000
25232  41.321  -41.863  -34.722 0.5000000000
26161  41.819  -40.851  -35.099 0.5000000000
25226  39.962  -41.436  -33.198 0.5000000000
26162  41.141  -40.837  -34.454 0.5000000000
156449  41.603  -41.326  -34.922 0.5000000000
26144  39.557  -40.734  -32.468 0.5000000000
26142  39.151  -40.286  -31.614 0.4000000060
27034  39.817  -39.998  -32.913 0.5000000000
26138  38.820  -40.737  -30.815 0.4000000060
143846  39.454  -39.940  -32.241 0.5000000000
27001  38.904  -39.652  -29.574 0.5000000000
27020  39.228  -39.423  -31.685 0.5000000000
34414  37.389  -31.839  -34.171 0.6999999881
33567  36.603  -32.313  -33.674 0.6999999881
144215  38.773  -32.346  -35.700 0.8000000119
33597  39.503  -32.664  -36.862 0.8000000119
33589  38.597  -33.097  -35.697 0.8000000119
33606  39.904  -32.694  -37.438 0.8999999762
34415  36.775  -31.365  -33.782 0.6999999881
34449  39.223  -32.021  -36.222 0.8999999762
34440  38.608  -31.380  -35.423 0.8999999762
34448  39.740  -31.718  -37.050 0.8999999762
35338  40.300  -30.962  -37.631 0.8999999762
35308  36.969  -30.592  -33.974 0.6000000238
34424  37.754  -31.117  -34.565 0.8000000119
35331  39.268  -31.003  -36.155 0.8999999762
35337  40.677  -30.247  -38.147 0.8999999762
36198  41.294  -30.094  -39.253 0.8999999762
145162  47.763  -25.864  -30.816 0.5000000000
38837  46.537  -26.362  -30.103 0.5000000000
135313  44.766  -26.178  -30.077 0.5000000000
37873  46.234  -27.702  -29.676 0.6000000238
38826  45.128  -26.877  -29.736 0.5000000000
38839  44.209  -26.838  -29.917 0.5000000000
144798  45.079  -28.173  -29.442 0.6000000238
36135  36.117  -30.123  -33.628 0.6000000238
36148  37.553  -30.081  -34.547 0.8999999762
139920  39.192  -29.946  -36.156 0.8999999762
149193  38.156  -30.523  -35.015 0.8999999762
35330  39.729  -30.532  -36.862 0.8999999762
36180  40.186  -29.947  -37.444 0.8999999762
132622  41.039  -29.072  -39.399 0.8999999762
144275  46.872  -24.399  -31.018 0.5000000000
40961  46.134  -24.264  -30.848 0.5000000000
40951  47.146  -24.969  -30.864 0.5000000000
40952  46.511  -24.938  -30.667 0.5000000000
40954  44.853  -24.899  -30.672 0.5000000000
39893  47.047  -25.642  -30.545 0.5000000000
37002  38.141  -28.873  -35.405 0.8999999762
36149  36.762  -29.570  -34.107 0.6999999881
36163  38.616  -29.525  -35.661 0.8999999762
143240  39.986  -29.104  -37.389 0.8999999762
37033  40.555  -28.379  -38.769 0.8999999762
41971  47.181  -23.849  -31.473 0.5000000000
41973  45.201  -23.482  -31.372 0.5000000000
40960  47.614  -24.655  -31.325 0.5000000000
40959  48.288  -24.689  -31.749 0.5000000000
37015  38.906  -28.741  -36.238 0.8999999762
37014  39.552  -28.649  -37.016 0.8999999762
37023  39.952  -28.167  -37.783 0.8999999762
41972  46.539  -23.278  -31.553 0.5000000000
41983  47.399  -23.067  -32.053 0.5000000000
40978  47.948  -23.968  -31.892 0.5000000000
42987  47.799  -22.686  -32.736 0.4000000060
37939  35.292  -26.962  -35.072 0.6000000238
37940  34.315  -26.580  -35.371 0.6000000238
37938  36.139  -26.935  -35.371 0.8000000119
139056  34.785  -26.088  -36.185 0.6999999881
38909  34.044  -25.962  -36.364 0.6999999881
38910  33.264  -25.705  -36.627 0.6999999881
39962  32.423  -25.403  -36.780 0.6999999881
38908  35.427  -26.041  -36.646 0.8000000119
38888  36.293  -26.367  -36.336 0.8000000119
38929  34.699  -25.798  -36.989 0.6999999881
39960  33.947  -25.585  -37.236 0.6999999881
39961  33.260  -25.307  -37.381 0.6999999881
145682  33.878  -25.279  -37.842 0.6999999881
41048  33.571  -24.583  -38.306 0.6999999881
38942  35.988  -25.960  -38.029 0.8000000119
39978  35.441  -25.621  -38.227 0.8000000119
38941  36.686  -25.975  -38.506 0.8000000119
138821  33.969  -24.342  -38.538 0.6999999881
41047  34.719  -24.588  -38.637 0.6999999881
41046  35.421  -24.777  -38.810 0.8000000119
39990  36.777  -25.563  -39.197 0.8000000119
144947  35.098  -24.200  -38.723 0.6999999881
141302  35.440  -23.691  -38.665 0.8000000119
43093  34.249  -22.543  -38.845 0.6000000238
41045  36.727  -25.053  -39.372 0.8000000119
42070  35.994  -24.548  -38.918 0.8000000119
135727  34.984  -22.796  -38.637 0.6000000238
44024  34.667  -22.023  -38.866 0.6000000238
45039  34.392  -20.593  -39.553 0.6000000238
43077  35.785  -23.013  -38.461 0.8000000119
45027  35.673  -20.934  -38.789 0.6000000238
45038  35.182  -20.363  -39.401 0.6000000238
42069  36.304  -23.872  -38.751 0.8000000119
45945  34.736  -19.798  -39.924 0.6000000238
136736  36.175  -22.366  -38.178 0.6999999881
45037  35.999  -20.064  -39.170 0.6000000238
45957  35.937  -18.840  -40.287 0.6999999881
45958  35.122  -19.127  -40.422 0.6000000238
45944  35.533  -19.561  -39.799 0.6000000238
46957  35.501  -18.469  -40.930 0.6000000238
45026  36.568  -20.586  -38.516 0.6999999881
45933  36.833  -19.735  -38.897 0.6999999881
137223  38.867  -40.537  -29.190 0.4000000060
132912  38.759  -40.401  -30.033 0.5000000000
27963  39.119  -38.835  -31.014 0.5000000000
27024  40.044  -39.299  -33.218 0.5000000000
27033  40.449  -40.137  -33.722 0.5000000000
138733  40.870  -31.151  -38.371 0.8999999762
41982  48.335  -23.401  -32.677 0.3000000119
153601  35.964  -26.047  -37.202 0.8000000119
26150  40.553  -41.153  -33.874 0.5000000000
33590  38.171  -32.281  -34.942 0.8000000119
37887  46.791  -27.243  -29.959 0.5000000000
38928  35.350  -25.822  -37.549 0.8000000119
39979  34.651  -25.487  -37.918 0.6999999881
136687  36.005  -25.169  -39.032 0.8000000119
42071  34.342  -23.930  -38.651 0.6999999881
43078  34.652  -23.409  -38.658 0.6999999881
33541  45.728  -32.950  -30.105 0.4000000060
33540  46.443  -32.466  -30.550 0.4000000060
34388  46.395  -31.420  -30.096 0.4000000060
34389  45.881  -32.050  -30.003 0.4000000060
34377  46.251  -30.548  -29.783 0.5000000000
33539  47.145  -32.474  -31.053 0.4000000060
33551  47.474  -33.135  -31.718 0.4000000060
36109  46.812  -29.060  -29.857 0.5000000000
36930  45.904  -28.556  -29.521 0.5000000000
35257  47.436  -30.416  -30.468 0.5000000000
35268  48.024  -30.902  -30.979 0.4000000060
149379  46.841  -30.764  -30.179 0.4000000060
33550  48.348  -32.417  -31.887 0.4000000060
34398  47.836  -31.961  -31.265 0.4000000060
34387  47.192  -31.480  -30.624 0.4000000060
33560  48.086  -33.294  -32.278 0.4000000060
36944  46.823  -28.134  -29.844 0.5000000000
35258  46.840  -29.981  -30.018 0.5000000000
34397  48.580  -31.348  -31.630 0.4000000060
34406  49.070  -31.850  -32.261 0.4000000060
33564  50.498  -32.428  -33.877 0.4000000060
33558  49.469  -32.395  -32.862 0.4000000060
33559  48.755  -32.875  -32.518 0.4000000060
33574  50.929  -32.948  -34.485 0.4000000060
33565  49.839  -32.924  -33.463 0.4000000060
36943  47.470  -28.586  -30.238 0.5000000000
36108  47.477  -29.483  -30.326 0.5000000000
35256  48.114  -29.896  -30.804 0.4000000060
35341  53.579  -30.581  -39.371 0.3000000119
35267  48.680  -30.291  -31.442 0.4000000060
34452  53.476  -31.100  -38.183 0.3000000119
34405  49.747  -31.421  -32.729 0.4000000060
34459  53.747  -31.542  -39.219 0.3000000119
136299  53.503  -31.886  -38.156 0.3000000119
33594  52.701  -32.335  -36.604 0.3000000119
137909  52.285  -31.932  -35.875 0.3000000119
34423  51.017  -32.033  -34.319 0.4000000060
34411  50.132  -31.942  -33.286 0.4000000060
33601  53.299  -32.712  -37.560 0.3000000119
33586  52.195  -32.822  -35.839 0.3000000119
33573  51.464  -32.199  -34.842 0.4000000060
136796  48.007  -28.198  -30.596 0.4000000060
36942  48.086  -28.967  -30.682 0.4000000060
36118  48.691  -29.283  -31.256 0.4000000060
35333  53.335  -30.205  -38.094 0.3000000119
36166  52.717  -29.742  -36.456 0.3000000119
35334  53.091  -30.859  -37.221 0.3000000119
35327  52.677  -30.613  -36.408 0.3000000119
35321  51.959  -30.969  -35.171 0.3000000119
35304  51.754  -30.457  -34.792 0.4000000060
34410  50.748  -31.400  -33.822 0.4000000060
35287  50.278  -31.154  -33.191 0.4000000060
34453  53.144  -31.703  -37.336 0.3000000119
34436  52.315  -31.142  -35.773 0.3000000119
34422  51.427  -31.305  -34.613 0.3000000119
37886  47.502  -27.698  -30.286 0.4000000060
36983  51.813  -28.177  -34.599 0.3000000119
36975  51.195  -28.150  -33.823 0.3000000119
140134  50.817  -28.896  -33.442 0.4000000060
36976  50.592  -28.082  -33.173 0.4000000060
36125  49.857  -29.113  -32.375 0.4000000060
36950  49.301  -28.557  -31.736 0.4000000060
145400  52.619  -28.979  -36.225 0.3000000119
37000  52.341  -28.476  -35.523 0.3000000119
36145  51.420  -28.980  -34.107 0.3000000119
36146  51.026  -29.726  -33.716 0.4000000060
35277  50.370  -29.643  -32.989 0.4000000060
36117  49.288  -29.645  -31.885 0.4000000060
36160  52.364  -29.412  -35.561 0.3000000119
36161  52.005  -29.116  -34.799 0.3000000119
140909  51.569  -29.777  -34.410 0.4000000060
35266  49.767  -29.929  -32.449 0.4000000060
150170  52.035  -29.824  -34.988 0.3000000119
35286  50.621  -30.497  -33.425 0.4000000060
35278  50.042  -30.555  -32.797 0.4000000060
39924  48.880  -25.128  -31.965 0.4000000060
38867  49.601  -26.446  -32.275 0.4000000060
38851  48.297  -26.378  -31.028 0.4000000060
38836  47.494  -26.643  -30.460 0.4000000060
38866  50.446  -26.534  -33.198 0.3000000119
157838  50.064  -26.703  -32.668 0.4000000060
157559  49.487  -27.712  -31.933 0.4000000060
37885  48.276  -27.398  -30.837 0.4000000060
37916  50.920  -27.226  -33.614 0.4000000060
37906  50.332  -27.310  -32.871 0.4000000060
36964  49.969  -28.114  -32.455 0.4000000060
36951  48.574  -28.344  -31.073 0.4000000060
42072  33.636  -23.736  -38.605 0.6000000238
41049  32.481  -23.956  -38.286 0.6000000238
150117  34.049  -21.549  -39.280 0.5000000000
43079  33.916  -23.170  -38.717 0.5000000000
141461  33.189  -21.318  -39.466 0.5000000000
45040  33.648  -20.682  -39.667 0.5000000000
45959  34.328  -19.322  -40.466 0.5000000000
46958  34.672  -18.661  -40.909 0.5000000000
46971  35.720  -17.894  -41.431 0.4000000060
55823  39.816  -10.334  -44.070 0.3000000119
56911  39.825  -9.877  -44.822 0.3000000119
55829  39.540  -10.782  -44.975 0.3000000119
58230  40.561  -8.283  -42.463 0.3000000119
152738  40.401  -8.808  -43.068 0.3000000119
56895  40.178  -9.534  -43.279 0.3000000119
132391  40.281  -8.936  -43.880 0.3000000119
131906  39.840  -9.341  -45.377 0.3000000119
55845  39.207  -10.535  -45.462 0.3000000119
58250  39.769  -8.747  -46.002 0.3000000119
60524  41.083  -6.172  -42.174 0.3000000119
59396  40.623  -7.420  -42.804 0.3000000119
132902  40.487  -8.223  -43.423 0.3000000119
59407  40.551  -7.550  -43.932 0.3000000119
132773  40.168  -9.115  -44.764 0.3000000119
58246  40.254  -8.433  -45.437 0.3000000119
56941  39.131  -9.234  -46.115 0.3000000119
59432  38.643  -8.010  -46.745 0.3000000119
140862  40.917  -6.066  -43.071 0.3000000119
60538  40.679  -6.778  -43.484 0.3000000119
60537  40.817  -6.172  -44.021 0.3000000119
60552  40.636  -6.895  -44.469 0.3000000119
60564  40.610  -6.874  -45.500 0.3000000119
151236  40.403  -7.627  -45.747 0.3000000119
133984  40.152  -7.889  -46.160 0.3000000119
58260  39.323  -8.399  -46.457 0.3000000119
62576  41.360  -4.683  -41.889 0.3000000119
62588  41.392  -4.609  -42.877 0.3000000119
153592  41.156  -5.335  -43.650 0.3000000119
142957  40.960  -5.699  -44.662 0.3000000119
61611  41.074  -5.565  -46.106 0.3000000119
60563  40.695  -6.281  -46.251 0.3000000119
60570  40.892  -5.667  -46.860 0.3000000119
144871  41.399  -3.821  -42.287 0.3000000119
62598  41.393  -4.414  -43.815 0.3000000119
62607  41.471  -4.140  -44.753 0.3000000119
62632  41.285  -5.047  -46.716 0.3000000119
63527  41.454  -3.273  -42.950 0.3000000119
140363  41.461  -2.664  -44.180 0.3000000119
140017  41.488  -2.546  -45.069 0.3000000119
154210  41.555  -3.120  -45.647 0.3000000119
140744  41.445  -2.788  -43.429 0.3000000119
143555  41.335  -1.901  -44.469 0.3000000119
149518  41.117  -1.165  -43.969 0.3000000119
32799  49.104  -33.447  -33.148 0.4000000060
32781  46.000  -33.662  -30.717 0.4000000060
33552  46.661  -33.378  -31.213 0.4000000060
147405  48.260  -33.890  -32.936 0.4000000060
155224  51.088  -33.531  -34.790 0.4000000060
32803  50.229  -33.451  -34.026 0.4000000060
32804  49.456  -33.987  -33.821 0.4000000060
34468  54.089  -31.756  -40.274 0.3000000119
33618  53.981  -32.258  -39.501 0.3000000119
33610  53.734  -32.447  -38.655 0.3000000119
32838  52.653  -33.509  -36.604 0.3000000119
139263  51.541  -33.083  -35.136 0.3000000119
35350  53.855  -30.929  -40.455 0.3000000119
36175  53.222  -29.434  -38.210 0.3000000119
37012  52.595  -28.308  -36.531 0.3000000119
131517  52.900  -29.003  -37.183 0.3000000119
40976  49.298  -24.784  -32.661 0.4000000060
39923  49.452  -25.615  -32.391 0.4000000060
39922  49.997  -26.034  -32.809 0.4000000060
38881  51.351  -26.770  -34.351 0.3000000119
37921  51.761  -27.288  -34.820 0.3000000119
40977  48.655  -24.321  -32.324 0.4000000060
39981  32.669  -24.914  -37.561 0.6000000238
63511  41.405  -3.209  -41.577 0.3000000119
135661  41.390  -3.060  -42.279 0.3000000119
64516  41.365  -2.547  -42.727 0.3000000119
145147  41.287  -1.980  -43.449 0.3000000119
66453  41.067  -1.068  -42.994 0.3000000119
36188  53.449  -29.734  -39.542 0.3000000119
36097  46.136  -29.632  -29.620 0.5000000000
35279  49.330  -30.711  -32.150 0.4000000060
140773  52.983  -30.210  -37.077 0.3000000119
38850  48.784  -26.905  -31.340 0.4000000060
61579  41.243  -5.415  -42.517 0.3000000119
59430  40.011  -7.260  -46.667 0.3000000119
147381  41.098  -5.407  -45.329 0.3000000119
62620  41.353  -4.775  -45.704 0.3000000119
66463  40.880  -0.385  -43.507 0.3000000119
32782  45.477  -34.043  -30.125 0.3000000119
29065  39.177  -38.083  -37.025 0.6000000238
29055  38.643  -37.510  -36.993 0.6999999881
28010  37.987  -38.517  -36.484 0.6999999881
32011  46.668  -34.303  -31.936 0.3000000119
28959  43.328  -37.442  -25.570 0.3000000119
30996  44.036  -35.440  -25.564 0.3000000119
30111  37.406  -36.547  -35.935 0.6999999881
31993  45.303  -35.085  -29.808 0.3000000119
30121  37.546  -37.373  -36.289 0.6999999881
29057  37.552  -38.160  -36.252 0.6999999881
32001  45.690  -35.008  -30.736 0.3000000119
32012  46.021  -35.387  -31.727 0.3000000119
30119  38.539  -36.647  -37.070 0.6999999881
32024  47.280  -36.608  -33.694 0.3000000119
32017  46.644  -35.616  -32.775 0.3000000119
31114  48.704  -36.764  -34.764 0.3000000119
32023  48.040  -36.083  -34.318 0.3000000119
32016  47.585  -35.125  -33.482 0.3000000119
31013  44.830  -35.036  -26.266 0.3000000119
32059  37.892  -35.042  -35.782 0.6999999881
31088  45.582  -36.043  -30.132 0.3000000119
31076  44.896  -35.455  -28.478 0.3000000119
31147  37.857  -35.809  -36.262 0.6999999881
30120  37.937  -36.574  -36.613 0.6999999881
31103  45.905  -36.279  -31.033 0.3000000119
31109  46.288  -36.667  -31.952 0.3000000119
31108  46.773  -37.203  -32.870 0.3000000119
32800  47.396  -34.167  -32.583 0.3000000119
30093  49.373  -36.882  -34.859 0.3000000119
31034  44.982  -35.341  -27.347 0.4000000060
32051  37.966  -34.223  -35.356 0.6999999881
31056  45.875  -36.002  -28.856 0.3000000119
31057  45.185  -35.789  -28.249 0.3000000119
30049  46.660  -37.264  -30.869 0.3000000119
144937  45.749  -36.435  -29.613 0.3000000119
32058  38.357  -35.149  -36.473 0.6999999881
30063  46.741  -37.727  -31.880 0.3000000119
32066  38.872  -35.149  -36.907 0.6999999881
32816  49.851  -34.384  -34.307 0.3000000119
32805  48.576  -34.609  -33.706 0.3000000119
31121  49.972  -36.147  -35.094 0.3000000119
32022  49.087  -35.323  -34.431 0.3000000119
32834  38.399  -33.795  -35.754 0.6999999881
31074  46.238  -36.514  -29.651 0.3000000119
32842  38.838  -33.803  -36.384 0.6999999881
31085  48.080  -36.397  -30.707 0.3000000119
31086  47.133  -36.849  -30.426 0.3000000119
32057  39.286  -34.290  -37.021 0.6999999881
32034  50.603  -35.078  -35.138 0.3000000119
31073  46.905  -36.400  -29.704 0.3000000119
157288  39.638  -33.096  -37.184 0.6999999881
32815  50.557  -34.078  -34.623 0.3000000119
40993  50.145  -24.952  -33.750 0.3000000119
27069  39.504  -39.363  -36.876 0.5000000000
27072  37.677  -39.169  -36.137 0.6999999881
28021  38.938  -38.787  -36.783 0.6000000238
27071  38.134  -39.266  -36.375 0.6000000238
28020  39.738  -38.680  -37.167 0.6000000238
31139  36.848  -36.491  -35.140 0.6999999881
31138  37.376  -35.764  -35.422 0.6999999881
31123  36.696  -35.735  -34.558 0.6999999881
32819  37.472  -33.804  -34.567 0.6999999881
139760  45.695  -35.555  -27.844 0.4000000060
33576  37.475  -32.826  -34.342 0.6999999881
31055  46.652  -35.924  -29.017 0.3000000119
31981  47.339  -35.177  -28.408 0.3000000119
31980  48.202  -34.885  -28.593 0.3000000119
32835  38.082  -33.350  -35.079 0.6999999881
141207  38.334  -38.881  -36.551 0.6000000238
31992  48.276  -35.232  -29.274 0.3000000119
31033  46.403  -35.024  -27.311 0.3000000119
26168  42.642  -41.196  -35.895 0.5000000000
25244  42.998  -41.179  -37.241 0.5000000000
25239  42.149  -42.394  -36.732 0.5000000000
27059  43.141  -40.420  -36.187 0.4000000060
22485  35.373  -44.613  -33.835 0.4000000060
21546  33.281  -46.461  -33.150 0.5000000000
26174  43.310  -40.916  -37.074 0.4000000060
27068  43.647  -40.456  -36.849 0.5000000000
26180  42.587  -40.679  -37.491 0.5000000000
139805  32.215  -47.561  -33.280 0.4000000060
19634  31.206  -47.686  -33.234 0.4000000060
21545  34.361  -46.109  -33.590 0.5000000000
27079  40.588  -39.434  -37.375 0.4000000060
142785  30.530  -46.819  -33.404 0.4000000060
139445  30.573  -48.928  -33.197 0.4000000060
21547  32.120  -46.077  -32.861 0.4000000060
22487  33.758  -45.724  -33.023 0.5000000000
21530  32.896  -45.614  -32.743 0.4000000060
23443  35.569  -43.589  -33.425 0.5000000000
25227  36.681  -42.104  -34.211 0.4000000060
26169  38.109  -40.653  -35.777 0.4000000060
26170  37.504  -40.703  -35.251 0.4000000060
26178  38.285  -39.891  -36.204 0.4000000060
18796  29.841  -48.212  -33.505 0.4000000060
21551  27.630  -45.640  -33.428 0.4000000060
150659  31.436  -45.699  -32.971 0.4000000060
139331  28.977  -43.959  -33.626 0.4000000060
23434  33.489  -44.104  -32.501 0.5000000000
22478  32.706  -44.724  -32.578 0.4000000060
23446  29.579  -43.307  -33.581 0.4000000060
151597  34.195  -44.393  -32.779 0.5000000000
154757  30.643  -42.016  -33.440 0.4000000060
24321  30.123  -42.566  -33.530 0.4000000060
24310  35.407  -42.559  -32.846 0.5000000000
25228  36.005  -41.772  -33.310 0.5000000000
150652  30.768  -40.342  -33.488 0.4000000060
27040  30.303  -39.880  -33.573 0.4000000060
24319  36.059  -42.671  -33.560 0.5000000000
26151  36.460  -40.969  -33.942 0.6000000238
134982  37.007  -41.173  -34.618 0.6000000238
27060  37.742  -39.794  -35.836 0.5000000000
20565  27.466  -46.550  -33.494 0.4000000060
21550  28.414  -45.219  -33.651 0.4000000060
20563  30.100  -46.123  -33.521 0.4000000060
22489  29.216  -44.760  -33.719 0.4000000060
24312  33.363  -43.258  -32.301 0.5000000000
149153  31.931  -44.429  -32.702 0.4000000060
142534  29.779  -44.100  -33.618 0.4000000060
24320  30.785  -42.731  -33.331 0.4000000060
23445  30.303  -43.454  -33.491 0.4000000060
135651  34.658  -42.250  -32.365 0.5000000000
26152  36.121  -39.885  -33.861 0.5000000000
27039  31.048  -39.599  -33.526 0.4000000060
26164  36.636  -39.556  -34.684 0.6000000238
27061  37.297  -39.293  -35.665 0.6000000238
140864  28.392  -46.084  -33.751 0.4000000060
140638  30.957  -45.215  -33.238 0.4000000060
21549  29.032  -45.491  -33.764 0.4000000060
148450  29.951  -44.723  -33.615 0.4000000060
23444  30.943  -43.615  -33.227 0.4000000060
25219  34.194  -41.303  -32.276 0.5000000000
25222  31.224  -41.911  -33.208 0.4000000060
26148  31.640  -40.965  -33.074 0.4000000060
25218  35.224  -41.559  -32.632 0.5000000000
27038  31.853  -39.347  -33.409 0.4000000060
28011  37.572  -38.687  -36.188 0.6000000238
27052  36.801  -39.113  -35.084 0.6000000238
27053  36.139  -39.038  -34.323 0.6000000238
19636  29.327  -47.479  -33.749 0.4000000060
20564  29.323  -46.093  -33.741 0.4000000060
22488  30.493  -44.372  -33.440 0.4000000060
133703  33.729  -42.396  -32.212 0.5000000000
24313  32.667  -42.588  -32.377 0.5000000000
25221  32.053  -41.772  -32.702 0.5000000000
25220  33.027  -41.562  -32.296 0.5000000000
26147  32.476  -40.829  -32.650 0.5000000000
26145  35.236  -39.921  -32.988 0.5000000000
26146  34.290  -40.195  -32.547 0.5000000000
150562  33.338  -40.608  -32.449 0.5000000000
27028  32.260  -39.996  -32.980 0.4000000060
142598  32.796  -39.054  -33.219 0.5000000000
27975  32.309  -38.489  -33.556 0.4000000060
28002  37.161  -38.346  -35.809 0.6000000238
27988  36.306  -38.525  -34.697 0.6000000238
27035  35.375  -39.141  -33.555 0.6000000238
27026  34.489  -39.311  -32.957 0.5000000000
156761  32.829  -40.243  -32.678 0.5000000000
27036  34.692  -38.701  -33.399 0.6000000238
27037  33.823  -38.795  -33.164 0.5000000000
30113  36.401  -37.501  -34.973 0.6000000238
30112  36.925  -37.167  -35.546 0.6000000238
32028  34.524  -34.466  -33.518 0.5000000000
32027  35.494  -34.693  -33.591 0.6000000238
31125  34.505  -35.817  -33.807 0.5000000000
31124  35.637  -35.669  -33.899 0.6000000238
140804  35.102  -36.442  -34.063 0.6000000238
144626  34.183  -36.350  -33.912 0.5000000000
30099  33.454  -36.483  -34.057 0.5000000000
139018  35.531  -37.978  -34.292 0.6000000238
143543  33.867  -37.744  -33.695 0.5000000000
147066  33.301  -38.296  -33.470 0.5000000000
27990  32.800  -37.734  -33.763 0.5000000000
29041  32.207  -37.075  -34.156 0.5000000000
32026  36.175  -34.022  -33.645 0.5000000000
136187  35.899  -33.117  -33.453 0.5000000000
32820  36.818  -33.382  -33.871 0.6000000238
32039  36.443  -34.890  -34.006 0.6000000238
30098  34.556  -36.960  -34.029 0.6000000238
29040  33.429  -37.119  -33.952 0.5000000000
30096  36.104  -36.466  -34.438 0.6000000238
30097  35.680  -37.047  -34.440 0.6000000238
26175  40.855  -41.234  -36.977 0.4000000060
152121  39.314  -39.942  -36.666 0.4000000060
136103  41.373  -39.054  -37.790 0.5000000000
26181  41.377  -40.524  -37.348 0.4000000060
29038  35.576  -37.541  -34.371 0.6000000238
25235  42.424  -42.057  -36.389 0.5000000000
25240  41.367  -42.289  -36.851 0.5000000000
25234  42.835  -41.659  -36.933 0.5000000000
25245  42.196  -41.582  -37.158 0.5000000000
23433  34.820  -44.230  -33.146 0.5000000000
20562  31.335  -46.860  -33.181 0.4000000060
157928  30.717  -46.259  -33.319 0.4000000060
24322  29.350  -42.551  -33.529 0.4000000060
132159  30.119  -41.694  -33.530 0.4000000060
151505  30.507  -45.642  -33.384 0.4000000060
23436  31.568  -43.833  -32.823 0.4000000060
149324  28.883  -46.791  -33.832 0.4000000060
27989  34.736  -37.934  -33.867 0.6000000238
132581  27.780  -44.830  -33.295 0.3000000119
25229  29.273  -41.773  -33.500 0.3000000119
134547  28.724  -43.155  -33.429 0.3000000119
140647  29.603  -40.179  -33.557 0.3000000119
24323  28.514  -42.299  -33.345 0.3000000119
26155  29.122  -40.881  -33.505 0.3000000119
25230  28.315  -41.455  -33.343 0.3000000119
19635  30.190  -47.488  -33.487 0.4000000060
20561  32.242  -46.815  -33.051 0.4000000060
21531  31.847  -45.231  -32.798 0.4000000060
21548  31.254  -46.084  -33.104 0.4000000060
22477  33.622  -44.992  -32.732 0.5000000000
22479  31.218  -44.470  -33.053 0.4000000060
22486  34.515  -45.138  -33.248 0.5000000000
22490  28.477  -44.529  -33.578 0.4000000060
23435  32.447  -43.707  -32.480 0.5000000000
24311  34.469  -43.392  -32.537 0.5000000000
24314  31.597  -42.872  -32.844 0.5000000000
25193  43.813  -40.973  -29.596 0.5000000000
26102  40.372  -40.170  -27.639 0.6000000238
26103  39.815  -40.137  -27.854 0.5000000000
26113  43.639  -39.733  -28.679 0.5000000000
26115  41.736  -40.698  -27.920 0.6999999881
26153  31.376  -40.232  -33.322 0.4000000060
26154  30.111  -40.787  -33.540 0.4000000060
26163  36.826  -40.300  -34.644 0.6000000238
26167  43.134  -41.219  -36.664 0.5000000000
26173  43.744  -40.146  -37.238 0.6000000238
26179  43.336  -40.489  -37.419 0.5000000000
26182  40.172  -40.162  -36.936 0.4000000060
26973  41.565  -39.452  -27.445 0.5000000000
27012  38.940  -39.757  -30.720 0.5000000000
27025  39.592  -39.276  -32.478 0.5000000000
27027  33.376  -39.668  -32.755 0.5000000000
27070  38.707  -39.444  -36.549 0.6000000238
27076  43.787  -39.740  -37.743 0.5000000000
27973  35.339  -38.432  -33.933 0.6000000238
27974  34.307  -38.242  -33.554 0.6000000238
27976  31.403  -38.741  -33.657 0.4000000060
27987  37.068  -38.754  -35.583 0.6000000238
28000  43.469  -38.642  -36.230 0.6999999881
28003  36.498  -38.090  -35.055 0.6000000238
28008  44.229  -39.130  -37.018 0.6000000238
28009  38.504  -38.304  -36.714 0.6000000238
28017  44.201  -39.023  -38.147 0.6999999881
28026  42.513  -39.041  -38.173 0.8000000119
28962  41.862  -36.636  -26.334 0.5000000000
29011  39.331  -37.386  -30.646 0.6000000238
29025  39.704  -37.770  -32.478 0.6999999881
29039  34.622  -37.517  -33.957 0.6000000238
29050  37.015  -37.822  -35.704 0.6000000238
29056  38.048  -37.888  -36.623 0.6999999881
29072  41.454  -37.176  -38.241 0.8000000119
30037  46.542  -36.849  -30.227 0.3000000119
30117  44.197  -36.737  -37.875 0.8999999762
30125  44.384  -37.122  -38.347 0.8999999762
30132  44.252  -37.086  -38.608 0.8999999762
30133  43.789  -36.997  -38.976 0.8999999762
31015  42.850  -35.634  -26.265 0.5000000000
31016  42.388  -35.558  -26.388 0.5000000000
31032  46.468  -35.487  -28.192 0.3000000119
31054  47.494  -35.573  -29.157 0.3000000119
31072  47.738  -35.903  -29.900 0.3000000119
31075  45.399  -35.750  -29.162 0.3000000119
31087  46.021  -36.891  -30.344 0.3000000119
31089  39.506  -35.101  -30.521 0.6999999881
31102  46.362  -37.057  -31.192 0.3000000119
31115  47.406  -37.541  -33.448 0.3000000119
31116  34.816  -35.191  -33.600 0.5000000000
31146  38.396  -35.857  -36.812 0.6999999881
31167  44.043  -35.436  -39.005 1.0000000000
31963  48.077  -34.623  -27.772 0.3000000119
31965  44.044  -34.859  -27.433 0.5000000000
31996  39.607  -34.919  -28.967 0.6000000238
32035  49.877  -35.214  -34.784 0.3000000119
32037  40.676  -34.599  -34.580 0.8000000119
32038  37.342  -34.839  -34.777 0.6999999881
32050  38.392  -34.447  -36.104 0.6999999881
32074  40.698  -35.012  -38.248 0.8000000119
32757  41.363  -33.646  -27.417 0.4000000060
32792  46.140  -34.327  -31.320 0.3000000119
32794  39.725  -33.434  -31.343 0.6999999881
32807  35.213  -33.817  -33.416 0.5000000000
32814  51.206  -34.081  -35.123 0.4000000060
32852  44.372  -34.452  -38.969 0.8999999762
32859  44.607  -33.283  -39.621 1.0000000000
32862  42.507  -34.051  -39.375 0.8000000119
32867  44.678  -33.113  -39.987 1.0000000000
33542  40.155  -32.306  -30.154 0.6000000238
33575  40.629  -31.653  -34.103 0.8000000119
33598  39.094  -32.912  -36.290 0.8000000119
33602  44.766  -32.597  -39.034 0.8999999762
33612  44.980  -32.783  -39.768 1.0000000000
33619  45.269  -31.961  -40.276 1.0000000000
33623  42.245  -32.654  -39.566 1.0000000000
33629  44.284  -32.722  -40.230 1.0000000000
34368  41.343  -31.800  -28.499 0.6000000238
34369  40.723  -31.947  -28.993 0.6000000238
34379  44.450  -31.277  -28.835 0.5000000000
34381  40.518  -31.760  -29.658 0.6000000238
34437  51.897  -31.631  -35.258 0.3000000119
34445  52.684  -31.421  -36.521 0.3000000119
34446  43.642  -31.291  -37.292 0.8000000119
34460  45.530  -31.296  -39.900 1.0000000000
34463  41.179  -31.958  -38.667 1.0000000000
34467  54.389  -31.259  -41.128 0.3000000119
34469  45.376  -31.560  -40.408 1.0000000000
34479  43.801  -31.458  -40.503 1.0000000000
35235  43.343  -30.644  -28.662 0.6000000238
35305  51.211  -30.530  -34.107 0.4000000060
35306  42.094  -29.782  -34.770 0.8000000119
35320  52.289  -30.314  -35.561 0.3000000119
35324  38.675  -30.349  -35.557 0.8999999762
35335  44.691  -30.420  -38.473 1.0000000000
35351  45.582  -31.060  -40.561 1.0000000000
35357  45.816  -30.608  -40.768 1.0000000000
35358  45.408  -31.070  -41.016 1.0000000000
36099  44.550  -29.231  -29.237 0.6999999881
36101  42.659  -29.558  -29.345 0.6000000238
36162  42.913  -28.876  -35.297 0.6999999881
36164  38.106  -29.724  -35.122 0.8999999762
36169  39.603  -29.497  -36.828 0.8999999762
36176  53.051  -29.697  -37.373 0.3000000119
36179  40.447  -29.244  -38.020 0.8999999762
36190  40.835  -29.607  -38.762 0.8999999762
36197  41.593  -29.631  -39.837 1.0000000000
36201  43.194  -29.829  -40.748 1.0000000000
36203  46.222  -29.442  -41.393 1.0000000000
36204  46.222  -29.308  -41.507 1.0000000000
36963  50.346  -28.775  -32.857 0.4000000060
36985  37.416  -29.037  -34.732 0.8999999762
37003  37.518  -28.264  -35.197 0.8999999762
37051  45.523  -29.076  -41.706 1.0000000000
37054  46.700  -27.997  -42.104 1.0000000000
37874  45.509  -27.634  -29.570 0.6000000238
37895  48.978  -27.654  -31.431 0.4000000060
37907  49.800  -27.216  -32.324 0.4000000060
37915  51.432  -27.521  -34.213 0.3000000119
37917  42.498  -27.694  -33.607 0.6999999881
37924  34.699  -27.550  -34.541 0.6999999881
37953  43.082  -27.922  -36.590 0.8000000119
37954  42.814  -27.866  -35.785 0.6999999881
37968  39.273  -26.974  -37.990 1.0000000000
37976  39.932  -26.521  -39.258 1.0000000000
37979  45.364  -27.947  -40.283 1.0000000000
37980  40.534  -26.942  -39.594 1.0000000000
37996  46.689  -27.318  -42.478 1.0000000000
38825  46.002  -26.980  -29.732 0.5000000000
38838  45.654  -26.217  -29.956 0.5000000000
38841  42.882  -26.710  -31.075 0.6000000238
38878  42.460  -26.852  -33.805 0.6999999881
38889  35.396  -26.421  -35.764 0.8000000119
38907  36.746  -26.175  -37.429 0.8000000119
38937  43.853  -27.031  -38.775 0.8000000119
38949  39.253  -25.611  -39.744 1.0000000000
38950  38.442  -25.628  -39.633 0.8999999762
38951  37.858  -25.775  -39.538 0.8999999762
38952  46.763  -27.244  -41.986 1.0000000000
38954  40.746  -26.094  -40.275 1.0000000000
38957  46.928  -26.434  -42.794 1.0000000000
38964  46.012  -26.231  -43.298 1.0000000000
38965  45.980  -26.867  -42.970 1.0000000000
39894  46.132  -25.566  -30.299 0.5000000000
39895  45.262  -25.530  -30.310 0.6000000238
39897  43.666  -25.683  -30.865 0.6000000238
39906  48.989  -26.110  -31.678 0.4000000060
39907  48.230  -25.435  -31.331 0.5000000000
39908  47.577  -25.304  -30.955 0.5000000000
39925  42.711  -25.538  -32.168 0.6000000238
39926  42.436  -25.459  -33.131 0.6000000238
39937  49.843  -25.254  -33.053 0.3000000119
39980  33.421  -24.933  -37.968 0.6999999881
39989  37.408  -25.634  -39.539 0.8999999762
39991  35.997  -25.623  -38.692 0.8000000119
39992  35.223  -25.190  -38.577 0.8000000119
39993  34.201  -24.937  -38.313 0.6999999881
39997  43.798  -25.512  -39.219 0.8000000119
40000  37.816  -25.350  -39.813 0.8999999762
40004  45.243  -25.872  -40.785 1.0000000000
40007  39.913  -25.101  -40.212 1.0000000000
40010  46.943  -25.921  -42.703 1.0000000000
40014  41.056  -24.748  -41.006 1.0000000000
40018  45.160  -25.621  -43.254 1.0000000000
40023  46.432  -25.401  -43.325 1.0000000000
40953  45.695  -24.870  -30.588 0.5000000000
40962  45.235  -24.145  -30.946 0.6000000238
41021  42.475  -24.923  -35.537 0.8000000119
41036  32.935  -24.510  -38.097 0.6999999881
41044  36.876  -24.550  -39.243 0.8000000119
41062  40.058  -24.638  -40.318 1.0000000000
41067  46.610  -25.161  -42.967 1.0000000000
41068  46.655  -25.124  -42.429 1.0000000000
41083  46.228  -24.771  -43.334 1.0000000000
41084  45.835  -24.818  -43.460 1.0000000000
41086  44.395  -24.035  -43.370 1.0000000000
41996  48.874  -23.305  -33.560 0.3000000119
41998  42.603  -23.843  -33.929 0.6999999881
42012  42.649  -23.690  -34.803 0.6999999881
42085  38.466  -24.461  -39.635 0.8999999762
42094  40.363  -24.081  -40.624 1.0000000000
42102  41.403  -23.159  -41.709 1.0000000000
42110  43.438  -23.520  -43.169 1.0000000000
42980  44.804  -22.967  -31.756 0.6999999881
42988  47.155  -22.285  -32.571 0.5000000000
42992  43.652  -22.625  -32.896 0.6999999881
42998  48.298  -22.666  -33.333 0.4000000060
43001  43.703  -22.070  -33.425 0.6999999881
43050  43.127  -22.856  -36.520 0.8000000119
43074  39.491  -23.150  -38.504 0.8999999762
43113  45.553  -22.417  -42.716 1.0000000000
43114  42.496  -22.492  -43.021 1.0000000000
43119  45.327  -22.358  -43.179 1.0000000000
43937  46.468  -21.798  -32.669 0.6000000238
43963  47.863  -21.078  -33.964 0.5000000000
44022  36.293  -21.516  -38.270 0.6999999881
44023  35.429  -21.976  -38.553 0.6000000238
44034  34.860  -21.232  -39.064 0.6000000238
44055  41.755  -21.599  -42.612 1.0000000000
44062  44.417  -21.303  -43.771 1.0000000000
44968  46.661  -19.965  -33.871 0.6000000238
44980  49.318  -20.699  -35.557 0.3000000119
44982  44.429  -20.115  -35.039 0.6999999881
45014  39.614  -21.059  -37.464 0.6999999881
45034  44.610  -20.756  -39.750 0.6999999881
45049  44.860  -20.754  -40.681 0.8000000119
45051  33.991  -20.011  -40.062 0.5000000000
45058  42.068  -20.234  -42.609 0.8999999762
45072  43.210  -20.281  -43.963 1.0000000000
45081  43.291  -19.527  -44.054 0.8999999762
45879  46.316  -19.313  -34.358 0.6000000238
45880  45.633  -19.304  -34.639 0.6999999881
45885  49.250  -19.778  -35.524 0.6000000238
45888  45.336  -19.089  -35.235 0.6000000238
45896  50.329  -19.718  -36.627 0.4000000060
45898  45.146  -19.019  -36.069 0.6000000238
45901  41.412  -18.938  -36.781 0.5000000000
45919  39.182  -19.687  -37.662 0.6999999881
45930  42.780  -19.497  -38.354 0.6999999881
45985  45.034  -18.691  -43.972 0.8999999762
45986  44.554  -18.755  -44.287 0.8999999762
46892  48.332  -18.464  -35.169 0.6000000238
46917  42.560  -18.649  -37.250 0.5000000000
46918  40.387  -18.730  -37.076 0.6000000238
46980  45.492  -17.744  -43.407 0.6000000238
46981  43.443  -17.473  -43.400 0.6999999881
46987  45.169  -18.010  -43.890 0.8999999762
46988  43.499  -17.884  -44.070 0.6999999881
46998  44.365  -18.073  -44.345 0.6999999881
48131  45.915  -17.608  -35.994 0.6000000238
48135  50.044  -17.828  -36.675 0.5000000000
48140  42.429  -17.670  -36.508 0.3000000119
48141  41.790  -17.465  -36.349 0.4000000060
48148  51.193  -17.817  -37.815 0.3000000119
48150  49.725  -16.799  -36.746 0.4000000060
48171  43.794  -17.494  -39.090 0.5000000000
48172  39.393  -17.658  -38.295 0.6000000238
48187  38.475  -17.469  -39.527 0.6999999881
48188  37.794  -17.790  -39.929 0.6000000238
48201  37.369  -17.531  -40.661 0.6000000238
48225  45.568  -16.772  -43.160 0.5000000000
48226  43.983  -16.594  -43.350 0.6000000238
48228  35.671  -16.931  -42.338 0.5000000000
48248  44.728  -17.644  -44.083 0.8999999762
48249  44.106  -17.545  -44.189 0.6999999881
49347  47.777  -16.876  -35.756 0.5000000000
49354  48.940  -16.138  -36.588 0.4000000060
49362  41.376  -16.322  -36.362 0.3000000119
49371  43.891  -16.573  -37.092 0.4000000060
49389  39.676  -16.213  -38.595 0.4000000060
49401  51.745  -15.986  -39.424 0.4000000060
49414  52.302  -16.282  -40.164 0.3000000119
49425  44.483  -15.954  -42.792 0.6000000238
49437  45.441  -15.911  -42.776 0.6000000238
49438  44.997  -15.777  -43.052 0.6000000238
49440  37.924  -16.058  -42.111 0.4000000060
49443  35.474  -16.264  -42.816 0.4000000060
50441  43.090  -15.341  -35.776 0.4000000060
50448  48.188  -15.849  -36.646 0.4000000060
50452  43.659  -15.600  -36.114 0.4000000060
50453  42.291  -15.441  -35.800 0.3000000119
50470  50.787  -15.178  -38.485 0.4000000060
50473  44.966  -15.213  -39.198 0.4000000060
50508  45.533  -15.351  -41.624 0.4000000060
50519  36.789  -15.422  -43.472 0.4000000060
51495  43.885  -14.022  -35.897 0.3000000119
51507  44.546  -14.485  -36.566 0.3000000119
51509  41.828  -14.701  -36.051 0.3000000119
51514  47.798  -14.638  -37.957 0.4000000060
51523  49.100  -14.092  -38.109 0.4000000060
51526  40.053  -14.506  -38.648 0.4000000060
51548  46.820  -13.284  -40.316 0.3000000119
51549  39.290  -14.332  -40.541 0.3000000119
51556  38.918  -14.264  -41.502 0.3000000119
51563  38.693  -14.056  -42.447 0.3000000119
52491  47.816  -13.693  -38.857 0.4000000060
52504  46.196  -13.347  -39.939 0.4000000060
52515  50.740  -13.120  -40.222 0.3000000119
52518  39.843  -12.983  -40.182 0.3000000119
53535  43.956  -12.533  -35.872 0.3000000119
53554  41.668  -12.957  -36.665 0.3000000119
53565  41.359  -12.570  -37.157 0.3000000119
53582  49.039  -12.509  -39.902 0.4000000060
53596  39.734  -12.461  -40.965 0.3000000119
53606  39.611  -12.049  -41.836 0.3000000119
54690  45.216  -11.549  -36.677 0.3000000119
54758  39.497  -11.658  -42.853 0.3000000119
55750  44.300  -10.364  -36.388 0.4000000060
56823  43.603  -9.805  -36.470 0.4000000060
56858  40.688  -9.574  -40.028 0.3000000119
56904  40.054  -9.569  -44.205 0.3000000119
56924  39.535  -10.067  -45.287 0.3000000119
56925  39.391  -9.693  -45.675 0.3000000119
58168  41.998  -8.289  -37.678 0.3000000119
58169  41.724  -9.067  -37.802 0.3000000119
58183  41.422  -8.762  -38.589 0.3000000119
58207  40.780  -8.477  -40.584 0.3000000119
58259  39.795  -7.981  -46.462 0.3000000119
59383  40.832  -6.887  -41.988 0.4000000060
59417  40.514  -7.650  -44.972 0.3000000119
60490  42.410  -6.191  -38.035 0.3000000119
60551  40.840  -6.027  -45.481 0.3000000119
61547  41.673  -5.672  -39.170 0.3000000119
61598  41.244  -4.961  -44.646 0.3000000119
62548  41.566  -4.957  -39.842 0.3000000119
63539  41.503  -3.500  -43.866 0.3000000119
63549  41.534  -3.303  -44.855 0.3000000119
64501  41.347  -2.449  -41.880 0.3000000119
130927  42.677  -11.028  -36.492 0.3000000119
131193  30.878  -41.154  -33.470 0.4000000060
131367  37.160  -39.745  -35.254 0.6000000238
131404  40.390  -7.078  -46.266 0.3000000119
132489  44.371  -20.883  -33.930 0.6999999881
132896  43.552  -17.680  -38.106 0.5000000000
133211  27.998  -43.889  -33.221 0.3000000119
134004  35.724  -40.768  -33.160 0.5000000000
134115  47.327  -14.705  -38.563 0.5000000000
134603  40.997  -0.326  -42.699 0.3000000119
134877  40.418  -8.338  -44.436 0.3000000119
135189  40.445  -14.023  -38.070 0.4000000060
135216  40.889  -7.077  -41.243 0.3000000119
135638  41.466  -3.926  -43.150 0.3000000119
136538  47.393  -13.728  -39.426 0.5000000000
136835  34.974  -40.718  -32.616 0.5000000000
136904  42.518  -26.849  -34.778 0.6999999881
137626  50.033  -14.600  -38.132 0.4000000060
138334  40.478  -33.930  -34.290 0.8000000119
138496  41.439  -29.554  -33.389 0.8000000119
138497  45.896  -23.637  -31.194 0.5000000000
138601  42.883  -19.235  -43.713 0.8999999762
139186  33.280  -24.152  -38.442 0.6000000238
139222  41.224  -6.002  -40.774 0.4000000060
139437  48.718  -12.978  -39.292 0.4000000060
139854  42.059  -13.321  -36.202 0.3000000119
140155  42.911  -33.347  -39.686 1.0000000000
140466  45.249  -24.226  -43.467 1.0000000000
141342  41.242  -29.437  -32.083 0.8000000119
141917  42.067  -33.282  -39.369 0.8000000119
141974  42.802  -30.199  -28.877 0.6000000238
142085  39.495  -37.906  -28.125 0.6000000238
142200  43.180  -31.438  -28.311 0.5000000000
142322  42.874  -36.487  -38.917 0.8999999762
142373  44.222  -21.913  -39.554 0.6999999881
142677  45.079  -19.396  -43.647 0.8999999762
142784  29.714  -46.776  -33.644 0.4000000060
142926  38.762  -34.584  -36.609 0.6999999881
142981  44.376  -20.162  -35.761 0.6999999881
143398  43.016  -13.948  -35.694 0.3000000119
143513  43.486  -21.684  -43.671 1.0000000000
143534  43.071  -16.468  -36.083 0.4000000060
143713  39.205  -37.995  -28.856 0.6000000238
143753  43.448  -36.080  -37.200 0.8999999762
143755  44.064  -35.730  -38.730 0.8999999762
143772  41.729  -39.228  -34.878 0.6000000238
143959  39.374  -33.406  -36.879 0.6999999881
144928  43.912  -19.115  -44.346 0.8999999762
145131  44.116  -35.664  -38.424 0.8999999762
145221  36.903  -34.194  -34.120 0.6000000238
145511  43.182  -25.756  -42.037 1.0000000000
145637  44.021  -18.481  -44.408 0.6999999881
145859  40.200  -34.673  -27.817 0.6000000238
145961  40.573  -39.302  -33.814 0.6000000238
146179  38.106  -37.212  -36.788 0.6999999881
146813  41.524  -3.858  -45.692 0.3000000119
146875  40.746  -6.331  -44.840 0.3000000119
147027  40.536  -37.228  -33.762 0.6999999881
147142  43.516  -27.347  -37.930 0.8000000119
147148  49.312  -27.000  -31.792 0.4000000060
147156  43.453  -18.131  -38.574 0.5000000000
147369  39.744  -21.709  -37.682 0.6999999881
147554  41.164  -35.585  -26.674 0.6000000238
148375  42.385  -23.340  -42.493 1.0000000000
148655  42.583  -25.002  -36.276 0.8000000119
148722  29.797  -45.384  -33.633 0.4000000060
148747  43.791  -32.188  -40.310 1.0000000000
149394  41.426  -3.979  -41.343 0.3000000119
149429  41.119  -27.524  -39.998 1.0000000000
149593  40.782  -6.647  -42.686 0.3000000119
149780  29.756  -42.158  -33.540 0.4000000060
149862  30.637  -48.173  -33.306 0.4000000060
149881  45.841  -30.598  -40.720 1.0000000000
150026  46.112  -29.446  -40.823 1.0000000000
150161  51.880  -32.314  -35.377 0.4000000060
150173  41.603  -28.270  -40.306 1.0000000000
150467  40.016  -40.672  -33.259 0.5000000000
150802  37.197  -25.329  -39.677 0.8999999762
150961  48.698  -22.110  -34.478 0.3000000119
150979  39.714  -34.740  -31.980 0.8000000119
151026  41.047  -30.462  -38.730 0.8999999762
151097  46.582  -13.241  -40.197 0.3000000119
151518  38.130  -14.300  -43.678 0.4000000060
151586  42.829  -23.738  -36.513 0.8000000119
151963  48.977  -16.802  -36.297 0.4000000060
151982  38.268  -26.309  -38.179 0.8999999762
152095  40.042  -32.162  -30.851 0.6999999881
152596  46.604  -26.072  -43.187 1.0000000000
152995  43.529  -21.910  -33.970 0.6999999881
153306  45.964  -12.420  -38.919 0.4000000060
153326  42.069  -41.780  -35.507 0.5000000000
153487  30.339  -45.043  -33.484 0.4000000060
153907  33.006  -23.662  -38.540 0.6000000238
154135  37.239  -31.212  -34.097 0.8000000119
154188  43.186  -18.496  -43.955 0.8000000119
154291  44.121  -21.167  -38.116 0.6999999881
154835  42.135  -28.372  -40.638 1.0000000000
154985  39.951  -36.231  -27.554 0.6000000238
155450  49.315  -36.205  -34.950 0.3000000119
155582  39.563  -26.003  -39.552 1.0000000000
155792  37.972  -39.478  -36.201 0.6000000238
155831  38.886  -36.987  -37.259 0.8000000119
155857  44.302  -31.334  -38.014 0.8999999762
155922  40.050  -37.990  -33.103 0.6999999881
156131  43.848  -23.844  -39.451 0.8000000119
156184  41.284  -17.886  -36.578 0.5000000000
156473  41.781  -31.118  -35.345 0.8000000119
156711  36.395  -36.993  -34.922 0.6999999881
156907  40.373  -34.484  -38.004 0.8000000119
157051  46.538  -23.866  -31.187 0.5000000000
157088  37.938  -38.925  -36.403 0.6999999881
157108  42.137  -20.256  -41.882 0.8999999762
157454  52.015  -15.288  -40.817 0.3000000119
157794  29.688  -41.295  -33.528 0.3000000119
157875  44.335  -38.328  -38.423 0.8000000119
157923  42.423  -20.281  -40.645 0.8999999762
