#!ascii label  , from subject freesurfer vox2ras=TkReg
1309
130610  29.732  -74.015  -29.419 0.5000000000
7013  27.344  -64.979  -29.000 0.6000000238
7014  26.388  -64.712  -28.496 0.6000000238
7032  25.798  -64.626  -29.584 0.6000000238
7002  26.063  -64.477  -27.630 0.6999999881
7015  25.290  -64.440  -28.714 0.6000000238
7633  26.137  -64.321  -26.828 0.6999999881
7634  25.420  -64.153  -27.366 0.6000000238
4266  27.512  -70.304  -35.655 0.5000000000
4251  31.032  -70.207  -34.961 0.6000000238
4252  30.397  -70.214  -35.197 0.6000000238
4264  29.068  -70.175  -35.386 0.5000000000
4240  32.513  -70.496  -34.485 0.5000000000
157962  31.367  -70.512  -34.732 0.4000000060
3838  29.961  -70.823  -35.303 0.5000000000
156535  29.485  -70.739  -35.332 0.6000000238
7121  26.515  -64.821  -35.716 0.5000000000
138384  33.191  -72.994  -31.900 0.4000000060
7738  27.504  -63.768  -34.767 0.5000000000
6592  25.618  -64.873  -35.611 0.5000000000
7694  27.973  -63.590  -33.019 0.6000000238
144708  27.625  -64.422  -31.336 0.6000000238
7012  28.083  -65.169  -28.597 0.6000000238
7000  28.329  -65.061  -27.551 0.6999999881
156054  27.406  -64.912  -29.648 0.6000000238
6991  27.542  -64.778  -27.079 0.6999999881
7620  28.538  -64.330  -25.903 0.6000000238
7619  29.317  -64.074  -25.668 0.6000000238
7607  28.013  -64.018  -25.300 0.6000000238
7621  27.582  -64.417  -26.130 0.6999999881
7595  28.488  -63.582  -24.687 0.6999999881
7648  24.805  -64.116  -27.997 0.6000000238
4708  27.670  -69.663  -35.927 0.5000000000
4706  29.360  -69.398  -35.498 0.6000000238
4707  28.507  -69.493  -35.686 0.5000000000
4250  31.914  -69.951  -34.752 0.6000000238
4695  31.535  -69.398  -35.087 0.6999999881
4263  29.784  -70.187  -35.332 0.6000000238
3807  33.019  -71.023  -34.249 0.4000000060
7099  28.735  -63.914  -34.663 0.5000000000
141764  27.897  -64.283  -35.291 0.5000000000
150444  32.122  -73.973  -30.049 0.5000000000
7706  28.167  -63.491  -33.817 0.5000000000
7062  29.150  -65.021  -31.042 0.6999999881
7077  28.463  -64.133  -32.557 0.6000000238
7046  28.966  -65.161  -29.890 0.6999999881
146361  28.238  -64.795  -30.646 0.6000000238
7063  28.346  -64.513  -31.655 0.6000000238
154936  28.643  -65.248  -29.087 0.6999999881
7030  28.012  -64.993  -29.615 0.6000000238
135871  28.913  -65.276  -28.278 0.6999999881
6989  29.185  -64.512  -26.485 0.6000000238
6999  29.347  -64.955  -27.361 0.6000000238
142279  29.858  -64.181  -26.084 0.6000000238
157802  28.802  -64.798  -27.016 0.6000000238
7605  30.098  -63.634  -25.471 0.6000000238
134960  29.824  -62.956  -24.465 0.6999999881
7610  25.197  -63.549  -25.653 0.6999999881
7635  23.713  -63.806  -27.921 0.5000000000
7608  27.106  -63.954  -25.337 0.6999999881
7609  26.197  -63.738  -25.421 0.6999999881
133429  24.434  -63.789  -27.115 0.6000000238
5642  30.240  -67.519  -35.641 0.5000000000
5158  28.809  -68.670  -35.795 0.5000000000
5159  27.975  -68.843  -36.066 0.5000000000
5142  31.693  -68.572  -35.381 0.6999999881
5157  29.709  -68.377  -35.570 0.6000000238
4694  33.423  -68.907  -35.003 0.5000000000
141215  32.447  -68.976  -35.098 0.6999999881
5141  32.501  -68.202  -35.377 0.6999999881
144226  31.092  -69.107  -35.275 0.6000000238
4705  30.313  -69.372  -35.324 0.6000000238
4238  34.257  -70.081  -34.204 0.4000000060
4239  33.336  -70.210  -34.374 0.4000000060
4249  32.896  -69.632  -34.720 0.5000000000
134563  29.519  -64.135  -34.558 0.5000000000
6532  29.753  -65.178  -31.767 0.5000000000
132678  29.153  -64.314  -33.073 0.5000000000
6521  29.807  -65.339  -30.264 0.6000000238
7076  29.103  -64.694  -32.122 0.5000000000
6508  30.173  -65.348  -28.925 0.6999999881
7009  31.574  -64.946  -28.412 0.6000000238
7010  30.699  -65.147  -28.248 0.6999999881
7029  29.358  -65.353  -28.983 0.6999999881
6996  32.090  -64.396  -27.863 0.6000000238
6997  31.236  -64.649  -27.649 0.6000000238
7011  29.806  -65.277  -28.178 0.6999999881
8247  33.019  -63.124  -26.854 0.6999999881
7632  30.907  -64.343  -26.888 0.6000000238
6998  30.352  -64.872  -27.473 0.6000000238
8225  32.213  -62.265  -25.445 0.6000000238
8236  31.810  -63.009  -25.907 0.6999999881
7604  30.980  -63.322  -25.667 0.6999999881
8847  32.103  -61.028  -24.331 0.6000000238
8854  31.816  -61.848  -24.731 0.6000000238
8226  31.424  -62.614  -25.177 0.6999999881
7612  23.063  -63.043  -25.753 0.6000000238
7593  30.549  -62.931  -24.892 0.6999999881
7624  23.610  -63.465  -26.421 0.6000000238
9487  31.522  -60.484  -23.866 0.6999999881
8848  31.369  -61.387  -24.101 0.6000000238
8203  30.345  -62.359  -24.161 0.8000000119
8214  29.026  -63.058  -24.190 0.6999999881
8215  28.112  -63.146  -23.950 0.6999999881
7597  26.641  -63.446  -24.634 0.6999999881
5643  29.517  -67.387  -35.808 0.6000000238
5627  31.837  -67.716  -35.488 0.6999999881
5156  30.788  -68.376  -35.459 0.6000000238
5140  33.950  -68.197  -35.190 0.5000000000
156075  33.100  -68.417  -35.203 0.6999999881
4683  34.830  -69.501  -34.556 0.4000000060
4684  33.837  -69.508  -34.643 0.5000000000
7108  29.556  -64.414  -35.281 0.5000000000
6589  28.594  -65.471  -36.136 0.5000000000
7087  29.798  -64.419  -33.819 0.5000000000
141718  30.114  -65.394  -31.072 0.6000000238
6510  32.213  -65.359  -30.053 0.6000000238
6520  30.659  -65.444  -30.407 0.6999999881
7028  31.903  -65.194  -29.208 0.6999999881
6511  31.301  -65.417  -29.807 0.6999999881
7647  32.889  -64.071  -28.143 0.6000000238
7008  32.412  -64.672  -28.657 0.6000000238
6507  31.028  -65.337  -29.009 0.6999999881
8245  34.208  -62.213  -27.522 0.6999999881
8246  33.691  -62.726  -27.190 0.6999999881
7629  33.320  -63.415  -27.651 0.6999999881
8221  22.738  -62.062  -24.860 0.6000000238
8871  34.426  -61.397  -26.985 0.6000000238
8872  33.963  -62.054  -26.817 0.6999999881
7630  32.573  -63.782  -27.348 0.6999999881
10768  33.307  -58.560  -25.159 0.6000000238
9491  33.213  -60.274  -24.896 0.6000000238
9497  33.732  -60.342  -25.378 0.6000000238
8858  33.790  -61.381  -26.073 0.6000000238
8234  33.360  -62.322  -26.467 0.6999999881
8227  23.559  -62.809  -24.932 0.6000000238
10130  32.753  -59.789  -24.572 0.6000000238
8853  32.561  -61.481  -24.974 0.6000000238
8207  26.651  -62.458  -23.276 0.6999999881
8208  25.616  -62.347  -23.368 0.6000000238
7598  25.632  -63.279  -24.714 0.6999999881
7611  24.059  -63.296  -25.616 0.6000000238
144951  32.652  -58.973  -24.730 0.5000000000
10120  32.135  -59.312  -24.335 0.6000000238
10112  30.861  -59.894  -23.589 0.8000000119
131338  29.957  -61.072  -23.251 0.8000000119
8840  29.299  -61.631  -23.177 0.8000000119
8205  28.681  -62.465  -23.509 0.8000000119
8216  27.140  -63.104  -23.874 0.6999999881
8217  26.117  -62.955  -23.917 0.6999999881
8839  30.139  -61.727  -23.602 0.8000000119
8204  29.584  -62.417  -23.793 0.8000000119
5628  31.017  -67.541  -35.532 0.6999999881
6107  29.941  -66.835  -35.842 0.6999999881
5644  28.843  -67.203  -36.037 0.6000000238
134144  34.000  -67.407  -35.311 0.6999999881
6094  29.966  -66.085  -35.866 0.6000000238
5624  34.769  -67.673  -35.200 0.6000000238
6588  29.336  -65.663  -36.104 0.5000000000
137794  30.327  -64.958  -35.264 0.5000000000
156047  23.774  -56.432  -28.727 0.6000000238
6554  30.610  -65.001  -33.700 0.5000000000
11506  24.189  -57.166  -28.691 0.5000000000
6541  30.807  -65.451  -32.865 0.5000000000
10787  24.410  -58.610  -26.800 0.6000000238
6518  32.365  -65.401  -30.967 0.6999999881
6531  30.641  -65.502  -31.925 0.6000000238
7027  32.726  -64.910  -29.483 0.6999999881
6519  31.520  -65.490  -30.618 0.6999999881
10125  23.690  -60.076  -25.288 0.6000000238
7007  33.174  -64.329  -28.966 0.6999999881
134252  34.758  -61.654  -28.747 0.6999999881
8272  34.481  -62.375  -29.298 0.6999999881
7645  34.110  -63.067  -28.895 0.6999999881
8850  23.189  -61.685  -24.333 0.6000000238
9489  23.491  -60.717  -24.613 0.6000000238
154625  34.727  -61.170  -27.514 0.6000000238
8261  33.956  -62.955  -27.996 0.6999999881
8845  24.428  -61.424  -23.302 0.6000000238
8855  22.724  -61.445  -25.146 0.6000000238
130205  34.900  -59.923  -26.640 0.6000000238
9496  34.411  -60.364  -26.154 0.6000000238
8833  25.815  -61.048  -22.700 0.6999999881
8209  24.607  -62.181  -23.506 0.6000000238
8210  23.745  -61.971  -23.755 0.6000000238
10138  33.984  -59.386  -25.404 0.6000000238
9472  29.090  -60.072  -22.805 0.6000000238
9474  27.712  -60.331  -22.495 0.6000000238
8842  27.206  -61.702  -22.750 0.6999999881
8843  26.166  -61.784  -22.858 0.6000000238
8219  24.025  -62.575  -24.108 0.6000000238
10123  29.831  -58.862  -24.000 0.6000000238
8830  28.775  -60.930  -22.716 0.8000000119
137255  30.231  -59.437  -23.569 0.6000000238
8829  29.465  -60.784  -22.946 0.6999999881
8841  28.282  -61.752  -22.919 0.8000000119
6091  32.242  -67.018  -35.313 0.6999999881
6092  31.389  -66.911  -35.405 0.6999999881
6080  31.763  -66.239  -34.941 0.6999999881
140824  34.018  -66.770  -35.311 0.6999999881
6090  33.202  -67.073  -35.331 0.6999999881
6081  31.071  -66.198  -35.291 0.6000000238
6576  30.560  -65.710  -35.512 0.6000000238
13090  24.220  -55.360  -28.041 0.6000000238
13091  23.404  -55.346  -27.940 0.6000000238
12263  23.925  -56.109  -28.591 0.6000000238
6553  31.320  -65.519  -33.535 0.6000000238
11505  24.717  -57.694  -28.128 0.5000000000
6529  32.334  -65.355  -31.892 0.6999999881
6530  31.578  -65.538  -31.486 0.6999999881
146313  24.893  -58.082  -26.782 0.4000000060
151614  24.469  -58.064  -27.719 0.5000000000
7673  33.687  -64.302  -30.328 0.6999999881
7044  33.511  -64.571  -31.092 0.8000000119
140104  24.672  -58.681  -26.002 0.5000000000
151517  34.083  -63.697  -30.265 0.6000000238
7045  33.066  -64.991  -30.422 0.6999999881
10776  24.758  -58.962  -25.147 0.6000000238
7672  34.271  -63.109  -29.801 0.6999999881
10115  25.290  -59.387  -23.432 0.6999999881
9488  24.215  -60.237  -23.994 0.6000000238
130747  35.169  -60.875  -29.150 0.6999999881
148062  35.007  -60.958  -30.251 0.6999999881
10749  25.825  -58.919  -23.305 0.5000000000
9482  24.524  -60.614  -23.380 0.6000000238
148150  35.701  -59.783  -28.245 0.6000000238
147856  35.365  -60.386  -28.374 0.6000000238
130745  35.008  -60.948  -28.035 0.6999999881
9481  25.151  -60.112  -23.083 0.6999999881
130220  35.302  -60.052  -27.459 0.6000000238
9506  34.809  -60.652  -27.141 0.6000000238
10107  27.853  -59.538  -22.638 0.5000000000
9475  26.423  -60.354  -22.547 0.6000000238
10137  34.641  -59.272  -25.955 0.6000000238
146872  29.782  -58.685  -24.943 0.6000000238
10114  28.874  -58.922  -23.701 0.5000000000
8832  26.550  -61.176  -22.586 0.6999999881
10771  30.533  -58.519  -25.202 0.6000000238
6079  32.699  -66.415  -34.954 0.6999999881
6563  32.300  -65.802  -34.365 0.6999999881
134431  31.684  -65.766  -34.182 0.6000000238
6564  30.972  -65.530  -34.613 0.6000000238
13074  23.522  -55.028  -26.800 0.4000000060
132579  24.944  -55.805  -28.451 0.5000000000
131139  23.014  -55.018  -27.104 0.6000000238
6539  32.386  -65.327  -32.803 0.6999999881
6528  32.815  -65.054  -32.353 0.6999999881
7060  34.002  -63.936  -31.057 0.6999999881
11495  25.536  -58.300  -26.148 0.4000000060
147987  34.133  -60.408  -32.092 0.6999999881
153268  34.498  -61.794  -31.550 0.6999999881
8293  33.969  -62.396  -32.247 0.6999999881
11496  25.214  -58.376  -25.621 0.6000000238
130695  34.617  -59.944  -31.372 0.6999999881
8280  34.562  -62.427  -30.237 0.6999999881
144317  34.357  -63.176  -30.704 0.6999999881
11490  25.807  -58.250  -25.190 0.5000000000
10764  25.389  -58.604  -24.742 0.5000000000
130204  35.386  -60.140  -29.874 0.6000000238
130544  35.005  -60.319  -30.708 0.6999999881
8898  34.783  -61.665  -29.736 0.6999999881
10756  25.562  -58.748  -23.933 0.5000000000
130368  36.251  -59.097  -28.269 0.5000000000
130226  35.825  -59.606  -29.144 0.6000000238
130212  35.526  -60.182  -28.966 0.6000000238
6562  33.056  -65.751  -34.497 0.6999999881
6551  32.632  -65.385  -33.721 0.6999999881
13073  24.303  -54.928  -26.751 0.4000000060
6550  33.185  -65.221  -33.927 0.6999999881
6552  31.989  -65.534  -33.498 0.6999999881
13058  23.310  -54.977  -25.762 0.4000000060
6538  32.834  -65.141  -33.165 0.6999999881
147428  22.929  -54.920  -26.343 0.6000000238
7061  33.241  -64.544  -31.932 0.8000000119
8294  32.952  -62.634  -33.232 0.6000000238
139586  33.706  -63.920  -31.854 0.6000000238
13893  21.162  -54.546  -25.349 0.6000000238
8918  34.057  -61.352  -32.201 0.6999999881
8919  33.123  -61.738  -33.001 0.6999999881
7681  34.129  -63.237  -31.615 0.6000000238
148912  33.565  -59.953  -32.647 0.6000000238
130229  34.672  -59.028  -31.427 0.6000000238
13895  19.484  -54.499  -25.525 0.5000000000
130206  35.995  -58.707  -30.183 0.6000000238
130478  35.138  -59.582  -30.717 0.6999999881
130481  36.732  -58.304  -29.693 0.5000000000
7075  33.157  -64.848  -33.155 0.6999999881
134693  23.803  -55.089  -25.171 0.4000000060
7074  33.270  -64.176  -32.712 0.8000000119
13059  22.590  -54.852  -25.601 0.5000000000
8301  32.185  -62.788  -34.166 0.8000000119
138516  22.359  -55.034  -24.696 0.4000000060
133773  23.136  -55.075  -24.952 0.4000000060
7691  33.536  -63.363  -32.585 0.6999999881
13884  21.437  -54.963  -24.434 0.4000000060
13060  21.891  -54.790  -25.243 0.5000000000
130577  33.230  -59.028  -32.929 0.6000000238
148141  32.865  -60.121  -33.356 0.6000000238
9559  32.417  -61.084  -33.555 0.6999999881
13875  20.753  -55.040  -23.848 0.4000000060
147985  34.074  -58.509  -32.168 0.6000000238
148139  34.064  -59.452  -32.103 0.6000000238
13061  18.962  -54.980  -24.789 0.4000000060
13894  20.290  -54.378  -25.417 0.6000000238
130376  35.357  -58.780  -30.780 0.6000000238
130456  35.919  -58.040  -30.740 0.5000000000
149931  36.702  -57.637  -30.297 0.5000000000
13045  23.712  -55.289  -24.424 0.4000000060
7704  33.520  -63.868  -34.333 0.8000000119
13046  22.977  -55.279  -24.110 0.4000000060
7692  32.995  -63.360  -33.561 0.6999999881
13047  22.118  -55.261  -23.783 0.4000000060
8928  31.661  -61.280  -34.389 0.6000000238
8927  32.054  -62.012  -33.836 0.6999999881
153513  32.458  -59.515  -34.037 0.6000000238
9549  32.110  -60.476  -34.054 0.6000000238
13034  20.506  -55.241  -23.034 0.4000000060
13048  20.071  -54.935  -23.784 0.4000000060
148140  34.842  -58.097  -31.475 0.6000000238
13049  19.320  -55.234  -23.795 0.4000000060
147827  35.485  -57.541  -31.488 0.4000000060
13030  24.470  -55.301  -23.726 0.4000000060
8319  32.227  -62.752  -35.046 0.6999999881
13032  22.782  -55.504  -23.183 0.4000000060
8951  32.099  -61.292  -35.649 0.6999999881
8302  31.587  -62.127  -34.769 0.6000000238
13033  21.894  -55.423  -22.799 0.4000000060
130219  33.024  -58.600  -33.713 0.6000000238
130724  32.882  -58.913  -34.504 0.6000000238
13035  19.688  -55.225  -22.935 0.4000000060
148280  34.470  -57.740  -32.774 0.6000000238
13036  18.826  -55.491  -22.914 0.3000000119
130403  34.915  -57.545  -32.129 0.4000000060
147986  36.312  -57.226  -31.115 0.4000000060
130397  35.805  -57.161  -32.173 0.4000000060
13019  22.541  -55.496  -22.216 0.4000000060
139274  21.052  -55.256  -22.441 0.4000000060
11591  33.629  -58.208  -34.198 0.6000000238
147828  34.440  -57.781  -33.595 0.6000000238
11589  35.717  -57.879  -34.892 0.6000000238
12338  36.037  -57.216  -33.305 0.4000000060
11571  36.355  -57.434  -34.274 0.5000000000
12318  36.655  -56.891  -32.600 0.4000000060
14699  17.355  -53.352  -24.112 0.3000000119
12337  36.930  -56.996  -33.614 0.4000000060
14645  24.237  -53.450  -20.465 0.4000000060
15465  19.443  -52.451  -23.075 0.3000000119
15489  16.855  -53.032  -25.997 0.4000000060
14644  25.035  -53.131  -20.607 0.4000000060
15433  22.451  -52.774  -20.537 0.4000000060
15464  19.877  -52.160  -22.617 0.3000000119
16250  20.699  -52.040  -21.643 0.3000000119
15476  17.949  -52.971  -24.817 0.3000000119
15467  18.200  -53.137  -23.798 0.3000000119
15477  17.144  -53.191  -25.119 0.3000000119
145157  23.656  -51.906  -20.403 0.4000000060
154473  22.898  -52.133  -20.500 0.4000000060
15434  21.520  -52.670  -20.854 0.4000000060
15475  18.678  -52.624  -24.490 0.3000000119
16328  16.054  -51.209  -29.068 0.4000000060
17927  15.132  -49.443  -27.854 0.3000000119
18752  15.937  -49.184  -28.103 0.3000000119
15487  18.453  -52.502  -25.442 0.3000000119
15497  18.176  -52.484  -26.342 0.3000000119
151808  22.864  -51.236  -20.677 0.4000000060
16249  21.307  -51.699  -21.251 0.4000000060
16256  20.849  -51.253  -22.034 0.3000000119
16263  19.918  -51.500  -23.522 0.3000000119
15525  16.663  -52.413  -28.569 0.3000000119
15486  19.147  -52.110  -25.108 0.3000000119
17108  16.658  -50.596  -29.303 0.3000000119
15496  19.015  -52.117  -26.142 0.3000000119
137362  18.065  -50.017  -29.922 0.4000000060
17943  16.458  -49.758  -28.840 0.3000000119
18764  17.861  -49.059  -29.634 0.3000000119
18751  16.661  -48.824  -28.484 0.3000000119
131052  21.370  -50.931  -21.696 0.4000000060
17049  21.120  -50.471  -22.355 0.4000000060
17059  20.403  -50.546  -23.758 0.3000000119
16313  17.195  -51.970  -29.129 0.4000000060
16268  20.110  -50.861  -24.501 0.3000000119
16312  18.677  -52.193  -28.731 0.3000000119
16326  17.734  -51.437  -29.511 0.4000000060
16325  18.598  -51.632  -29.454 0.4000000060
19607  18.175  -48.142  -29.281 0.3000000119
17876  22.299  -49.549  -21.817 0.4000000060
17058  20.823  -50.017  -23.159 0.4000000060
17895  20.723  -49.772  -24.024 0.4000000060
138075  20.308  -50.326  -25.157 0.4000000060
16277  19.602  -51.595  -25.678 0.3000000119
17096  20.044  -51.467  -27.230 0.3000000119
16298  19.415  -51.964  -28.063 0.3000000119
16310  20.100  -51.113  -29.381 0.3000000119
156965  20.001  -50.709  -29.977 0.5000000000
17118  18.419  -50.846  -29.911 0.4000000060
144125  18.878  -50.163  -30.185 0.4000000060
148918  18.528  -47.363  -28.942 0.3000000119
17894  21.285  -49.284  -23.570 0.4000000060
17902  20.638  -49.663  -24.865 0.4000000060
17909  20.658  -49.800  -25.731 0.3000000119
17915  21.074  -50.108  -27.165 0.3000000119
17926  21.264  -50.068  -28.204 0.3000000119
135877  21.663  -49.305  -28.763 0.3000000119
17083  20.078  -51.181  -26.236 0.3000000119
17082  20.571  -50.735  -26.772 0.3000000119
17107  20.748  -50.684  -28.789 0.3000000119
17941  21.279  -49.964  -29.268 0.3000000119
154599  21.574  -49.261  -29.605 0.3000000119
17095  20.713  -50.801  -27.733 0.3000000119
17127  20.204  -50.045  -30.244 0.3000000119
18774  19.363  -48.793  -30.347 0.3000000119
20511  18.078  -46.868  -28.177 0.3000000119
17874  24.423  -48.890  -21.118 0.3000000119
17883  22.927  -48.763  -21.954 0.3000000119
18704  22.608  -48.349  -22.925 0.3000000119
152701  22.082  -48.125  -24.506 0.3000000119
18721  21.970  -47.881  -25.990 0.3000000119
19577  21.872  -47.783  -27.771 0.3000000119
18711  21.713  -48.618  -24.072 0.3000000119
18722  21.527  -48.471  -25.791 0.3000000119
18728  21.541  -48.480  -26.686 0.3000000119
143632  21.685  -48.383  -27.446 0.3000000119
18749  21.911  -48.587  -29.389 0.3000000119
18771  21.083  -48.013  -30.522 0.3000000119
18773  20.024  -48.726  -30.605 0.3000000119
19605  20.571  -47.504  -30.334 0.3000000119
18762  19.696  -47.895  -30.224 0.3000000119
20528  19.396  -46.984  -29.475 0.3000000119
18688  25.174  -48.341  -21.349 0.3000000119
18703  23.335  -47.960  -22.579 0.3000000119
18710  22.335  -48.157  -23.800 0.3000000119
18715  22.055  -47.952  -25.189 0.3000000119
19567  21.859  -47.823  -26.806 0.3000000119
20508  21.872  -47.034  -29.561 0.3000000119
19604  21.159  -47.357  -30.231 0.3000000119
20527  20.176  -47.065  -30.013 0.3000000119
21487  18.378  -45.843  -28.023 0.3000000119
132347  22.127  -47.137  -27.005 0.3000000119
19576  22.021  -46.970  -28.066 0.3000000119
20526  20.868  -46.691  -29.941 0.3000000119
20509  20.159  -46.276  -29.638 0.3000000119
20510  18.773  -46.603  -28.682 0.3000000119
21486  19.387  -45.907  -28.872 0.3000000119
20496  22.332  -46.366  -27.321 0.3000000119
140151  22.176  -46.167  -28.334 0.3000000119
20524  21.796  -46.220  -29.515 0.3000000119
21461  23.079  -45.861  -25.839 0.3000000119
21473  22.424  -45.549  -27.738 0.3000000119
21484  22.227  -45.440  -28.704 0.3000000119
154219  21.724  -45.563  -29.528 0.3000000119
21501  20.888  -45.577  -29.607 0.3000000119
21502  20.154  -45.488  -29.291 0.3000000119
22442  18.996  -44.172  -28.089 0.3000000119
130114  30.545  -73.930  -29.561 0.5000000000
130905  32.615  -74.472  -30.241 0.5000000000
148157  33.039  -73.821  -31.268 0.4000000060
133647  26.738  -64.664  -27.457 0.6999999881
7623  25.305  -63.881  -26.575 0.6999999881
4228  33.751  -70.650  -33.915 0.4000000060
2983  32.420  -73.548  -30.439 0.5000000000
7618  30.556  -63.966  -26.193 0.6000000238
6542  29.957  -65.004  -32.746 0.5000000000
7617  31.371  -63.692  -26.396 0.6000000238
151979  33.661  -64.258  -31.464 0.8000000119
6540  31.597  -65.524  -32.526 0.6999999881
130586  36.706  -58.613  -28.752 0.5000000000
8911  34.682  -60.940  -31.294 0.6999999881
13886  19.749  -54.705  -24.652 0.4000000060
11511  37.074  -57.871  -28.396 0.5000000000
147938  33.694  -58.052  -33.020 0.6000000238
10222  32.652  -59.955  -35.440 0.6000000238
10885  33.419  -58.671  -34.896 0.6000000238
13020  20.144  -55.072  -22.209 0.3000000119
130454  35.158  -57.483  -32.993 0.4000000060
11572  35.388  -57.582  -33.991 0.4000000060
15431  24.385  -52.543  -20.395 0.4000000060
17884  22.248  -48.993  -22.492 0.3000000119
18689  24.460  -48.161  -21.653 0.3000000119
8948  35.418  -61.819  -36.105 0.5000000000
8331  34.179  -62.436  -35.991 0.5000000000
8332  32.927  -62.606  -35.685 0.6999999881
7737  33.873  -63.085  -35.665 0.6999999881
7086  33.512  -64.520  -33.980 0.6000000238
145038  33.658  -61.014  -36.169 0.5000000000
8950  32.944  -61.701  -36.035 0.6000000238
7722  33.260  -63.298  -35.128 0.6000000238
6077  34.405  -66.145  -35.208 0.6000000238
6078  33.557  -66.290  -35.070 0.6000000238
142858  35.583  -63.485  -35.485 0.6999999881
7098  34.647  -64.758  -34.724 0.6000000238
7721  34.478  -63.719  -35.193 0.6999999881
7085  34.354  -64.301  -34.752 0.6000000238
6561  33.804  -65.584  -34.691 0.6000000238
140865  34.747  -60.903  -36.172 0.5000000000
7703  36.803  -64.142  -34.535 0.6999999881
7097  35.679  -64.286  -34.984 0.6999999881
6559  35.792  -65.184  -34.978 0.6000000238
6575  35.228  -66.080  -35.308 0.6000000238
7720  36.530  -63.661  -35.198 0.6000000238
6560  34.766  -65.411  -35.004 0.6000000238
8317  36.946  -62.952  -35.437 0.6000000238
9577  36.116  -60.792  -36.154 0.5000000000
9580  32.825  -60.614  -35.867 0.5000000000
7719  37.270  -63.428  -34.578 0.6999999881
6548  36.681  -64.837  -34.605 0.6000000238
6089  34.827  -66.849  -35.321 0.6000000238
139152  37.241  -60.383  -36.034 0.5000000000
9578  35.158  -59.933  -36.178 0.5000000000
10216  38.427  -59.290  -35.660 0.5000000000
10218  36.356  -59.686  -36.037 0.5000000000
11598  38.106  -58.090  -35.371 0.4000000060
142302  24.986  -64.584  -30.015 0.4000000060
7031  26.817  -64.816  -29.578 0.4000000060
7048  26.490  -64.647  -30.400 0.5000000000
7047  27.391  -64.751  -30.345 0.5000000000
153290  26.922  -64.068  -31.947 0.5000000000
10219  35.436  -59.037  -35.834 0.5000000000
6579  24.719  -65.094  -35.346 0.6000000238
10890  36.584  -58.731  -35.641 0.4000000060
7078  27.770  -63.992  -32.228 0.5000000000
134804  27.550  -63.259  -33.338 0.5000000000
7110  26.116  -64.144  -35.166 0.5000000000
7065  25.229  -64.418  -31.331 0.5000000000
7064  26.210  -64.408  -31.241 0.5000000000
7682  25.899  -64.046  -31.992 0.5000000000
138383  26.448  -63.499  -32.594 0.5000000000
8295  26.026  -63.146  -32.878 0.5000000000
7695  26.857  -63.089  -33.163 0.5000000000
8303  26.243  -63.045  -33.197 0.5000000000
145780  25.720  -63.584  -34.397 0.5000000000
11600  36.360  -58.151  -35.262 0.5000000000
7708  26.818  -63.101  -33.594 0.5000000000
11597  39.054  -58.123  -35.434 0.4000000060
11599  37.182  -58.126  -35.332 0.4000000060
11586  38.517  -57.542  -35.081 0.4000000060
7636  22.588  -63.523  -27.724 0.5000000000
8296  25.197  -63.184  -32.771 0.5000000000
10883  34.942  -58.154  -35.177 0.5000000000
11588  36.755  -57.761  -34.920 0.4000000060
8237  22.501  -62.677  -25.924 0.5000000000
8248  21.942  -62.816  -27.214 0.5000000000
8889  22.131  -61.927  -28.247 0.5000000000
7637  22.030  -63.162  -27.622 0.5000000000
12349  37.259  -57.248  -34.451 0.4000000060
8229  22.355  -62.121  -25.591 0.5000000000
9521  22.464  -61.308  -27.704 0.5000000000
9508  22.489  -61.112  -26.943 0.5000000000
9507  23.081  -60.505  -27.627 0.5000000000
9520  23.029  -60.920  -28.489 0.5000000000
9532  23.208  -60.930  -29.444 0.4000000060
9498  23.175  -60.212  -26.821 0.5000000000
10171  23.594  -60.112  -29.100 0.6000000238
132186  23.480  -60.092  -29.974 0.6000000238
9493  23.164  -60.609  -25.403 0.5000000000
10145  23.695  -59.642  -27.517 0.5000000000
10158  23.633  -59.953  -28.288 0.5000000000
131617  23.710  -59.294  -29.575 0.6000000238
145170  23.615  -59.255  -30.438 0.6000000238
155634  23.474  -58.598  -31.499 0.6000000238
10851  23.417  -58.859  -31.986 0.5000000000
10875  22.477  -58.290  -33.258 0.5000000000
135522  21.225  -57.645  -33.586 0.5000000000
135364  23.514  -59.937  -26.032 0.5000000000
10139  23.856  -59.367  -26.807 0.5000000000
10799  24.156  -58.786  -27.527 0.5000000000
10812  24.001  -59.045  -28.242 0.5000000000
11525  23.585  -57.258  -29.474 0.6000000238
11538  23.202  -57.481  -31.013 0.6000000238
10839  23.574  -58.395  -30.888 0.6000000238
11561  22.649  -57.690  -32.675 0.6000000238
11578  22.000  -57.540  -33.259 0.5000000000
13982  17.879  -54.464  -31.361 0.5000000000
11580  19.805  -57.134  -33.445 0.5000000000
10131  24.167  -59.414  -25.590 0.5000000000
11514  23.926  -57.507  -28.932 0.6000000238
12283  23.111  -56.462  -29.554 0.6000000238
155330  22.686  -55.883  -29.650 0.6000000238
12293  23.145  -56.978  -30.219 0.6000000238
12284  22.680  -56.237  -30.270 0.6000000238
13127  22.247  -55.849  -31.065 0.6000000238
12322  22.175  -56.848  -32.652 0.6000000238
11562  21.382  -56.747  -33.130 0.5000000000
11579  20.685  -57.147  -33.456 0.5000000000
11563  20.528  -56.478  -33.196 0.5000000000
12324  20.225  -55.802  -32.859 0.5000000000
12343  19.801  -56.379  -33.165 0.5000000000
13157  18.825  -55.338  -32.464 0.5000000000
135234  23.586  -56.614  -29.000 0.6000000238
13116  22.958  -55.830  -28.972 0.6000000238
13117  22.362  -55.313  -29.399 0.6000000238
13951  21.907  -54.623  -29.093 0.6000000238
134019  22.287  -55.509  -30.230 0.6000000238
13128  21.836  -55.024  -30.961 0.6000000238
13964  21.446  -54.354  -30.683 0.6000000238
13139  21.791  -55.470  -31.790 0.5000000000
13979  21.154  -54.608  -31.617 0.5000000000
157103  21.286  -55.407  -32.229 0.5000000000
146469  20.420  -54.023  -31.413 0.5000000000
144050  20.001  -53.591  -30.869 0.6000000238
13141  19.236  -54.608  -32.054 0.5000000000
13981  18.734  -54.210  -31.494 0.5000000000
14762  18.698  -53.629  -30.420 0.5000000000
13954  17.266  -54.124  -29.807 0.5000000000
13105  22.498  -55.128  -28.586 0.6000000238
13935  21.366  -54.042  -28.631 0.6000000238
13952  21.274  -53.983  -29.772 0.6000000238
13965  20.836  -53.891  -30.765 0.6000000238
14753  19.496  -53.320  -29.394 0.6000000238
13938  17.992  -53.906  -29.244 0.5000000000
13106  22.017  -54.534  -28.203 0.6000000238
14760  20.307  -53.444  -29.928 0.6000000238
14745  18.756  -53.502  -28.797 0.6000000238
132930  18.095  -54.118  -28.283 0.5000000000
151181  20.888  -54.152  -26.271 0.6000000238
139337  21.658  -54.239  -26.919 0.6000000238
149419  20.986  -53.917  -27.145 0.6000000238
133472  20.622  -53.705  -27.934 0.6000000238
13936  19.744  -53.442  -28.523 0.6000000238
13926  18.313  -54.410  -27.409 0.5000000000
13924  20.102  -53.805  -26.895 0.6000000238
13905  19.305  -54.284  -26.343 0.6000000238
133855  19.695  -53.624  -27.634 0.6000000238
13896  18.727  -54.798  -25.765 0.6000000238
13076  18.011  -55.175  -26.072 0.5000000000
13062  18.227  -55.387  -25.125 0.4000000060
6549  33.756  -65.042  -34.272 0.6000000238
10221  33.347  -59.659  -35.703 0.5000000000
10220  34.347  -59.316  -35.878 0.5000000000
9575  38.176  -60.084  -35.775 0.5000000000
10217  37.467  -59.470  -35.857 0.5000000000
7740  24.864  -63.670  -34.209 0.6000000238
131109  23.580  -57.818  -30.109 0.6000000238
12306  22.290  -56.263  -31.923 0.6000000238
13155  20.668  -55.181  -32.369 0.5000000000
13923  21.485  -54.108  -27.721 0.6000000238
150305  20.607  -53.633  -29.009 0.6000000238
13925  19.101  -54.019  -27.095 0.6000000238
13907  17.786  -54.988  -26.891 0.6000000238
130731  29.169  -73.720  -28.855 0.4000000060
137465  29.182  -72.017  -26.193 0.5000000000
3340  30.881  -72.058  -27.414 0.5000000000
3341  29.992  -72.464  -27.500 0.4000000060
3346  30.256  -72.950  -28.468 0.4000000060
3344  31.521  -72.627  -29.113 0.4000000060
130121  30.010  -73.463  -28.979 0.4000000060
3766  31.513  -71.640  -27.494 0.5000000000
3762  30.958  -71.374  -26.594 0.5000000000
3343  32.074  -71.835  -29.071 0.5000000000
3348  32.025  -72.307  -29.732 0.5000000000
156948  31.418  -73.173  -29.485 0.4000000060
4182  32.490  -70.566  -27.676 0.5000000000
3769  32.682  -71.087  -29.106 0.5000000000
3773  32.543  -71.577  -30.054 0.5000000000
3349  31.883  -73.137  -29.875 0.4000000060
3355  32.760  -71.838  -31.025 0.4000000060
4189  32.783  -70.708  -28.404 0.5000000000
4188  33.531  -70.523  -28.951 0.5000000000
4198  34.136  -70.547  -29.781 0.5000000000
3768  33.273  -70.835  -29.893 0.5000000000
3779  33.229  -71.113  -30.752 0.5000000000
2986  32.776  -72.937  -31.131 0.4000000060
5139  35.506  -68.060  -35.073 0.5000000000
4693  34.370  -68.864  -34.945 0.4000000060
5131  35.295  -68.813  -34.867 0.4000000060
4682  35.814  -69.513  -34.510 0.4000000060
4237  35.288  -70.155  -34.101 0.4000000060
4227  34.686  -70.506  -33.632 0.4000000060
4203  34.665  -70.652  -30.528 0.5000000000
3800  35.162  -70.746  -32.869 0.4000000060
3793  33.784  -71.540  -32.962 0.4000000060
3369  33.452  -72.199  -32.496 0.4000000060
149263  35.751  -70.789  -30.538 0.4000000060
3778  34.000  -70.814  -31.281 0.5000000000
3787  33.753  -71.344  -32.115 0.4000000060
134136  33.327  -71.380  -31.435 0.4000000060
5138  36.229  -67.696  -35.058 0.4000000060
4236  36.226  -70.169  -33.932 0.4000000060
4226  35.692  -70.536  -33.418 0.4000000060
4202  36.793  -70.968  -30.663 0.4000000060
132745  35.174  -70.846  -32.282 0.4000000060
4209  37.251  -71.010  -31.137 0.4000000060
3777  35.129  -70.793  -31.234 0.4000000060
3785  35.641  -70.881  -31.735 0.4000000060
3786  34.641  -70.865  -31.920 0.4000000060
5623  35.543  -67.302  -35.196 0.5000000000
5622  36.153  -67.058  -35.152 0.4000000060
5129  36.966  -68.002  -34.887 0.4000000060
5616  37.496  -67.418  -34.657 0.4000000060
4680  37.395  -69.286  -34.123 0.4000000060
4671  37.006  -70.054  -33.690 0.4000000060
4224  37.283  -70.500  -32.957 0.4000000060
4218  36.093  -70.726  -32.793 0.4000000060
4208  37.849  -70.952  -31.298 0.4000000060
4216  37.547  -70.808  -32.196 0.4000000060
3791  36.109  -70.881  -32.191 0.4000000060
6076  35.949  -65.942  -35.202 0.5000000000
6075  36.436  -66.529  -35.044 0.5000000000
137277  36.790  -65.759  -34.749 0.6000000238
6074  37.199  -66.637  -34.688 0.5000000000
5128  37.682  -68.336  -34.452 0.4000000060
5123  38.056  -69.059  -33.908 0.4000000060
4669  38.342  -69.617  -33.244 0.4000000060
4660  38.594  -70.133  -32.532 0.4000000060
6558  37.665  -66.111  -34.311 0.4000000060
7084  37.133  -64.574  -34.135 0.5000000000
6557  38.384  -66.396  -34.038 0.4000000060
5611  38.900  -67.856  -34.004 0.4000000060
6546  38.162  -65.805  -33.816 0.5000000000
6537  38.671  -65.584  -33.256 0.4000000060
6070  38.884  -66.956  -34.052 0.4000000060
6069  39.786  -66.723  -33.741 0.4000000060
7083  37.442  -64.663  -33.695 0.6000000238
7072  38.263  -64.882  -32.751 0.5000000000
7071  39.152  -65.367  -32.584 0.4000000060
12273  23.450  -55.932  -28.613 0.5000000000
13092  22.664  -54.951  -27.759 0.5000000000
156970  22.495  -54.703  -26.196 0.5000000000
153688  22.989  -55.465  -28.328 0.5000000000
13904  22.437  -54.644  -26.827 0.5000000000
3339  31.528  -72.068  -28.235 0.5000000000
3345  30.860  -72.583  -28.317 0.5000000000
5130  36.267  -68.617  -34.851 0.4000000060
143325  37.031  -68.730  -34.595 0.4000000060
3783  37.065  -70.987  -31.786 0.4000000060
5615  38.251  -67.589  -34.342 0.4000000060
4670  37.686  -69.859  -33.443 0.4000000060
4661  37.950  -70.335  -32.723 0.4000000060
143320  39.486  -67.387  -33.825 0.4000000060
6547  37.396  -65.244  -34.109 0.5000000000
7073  37.692  -64.393  -33.137 0.6000000238
6536  39.685  -65.849  -33.222 0.5000000000
7690  37.604  -63.662  -32.945 0.5000000000
10834  40.396  -58.152  -30.465 0.3000000119
10822  39.082  -59.019  -30.244 0.3000000119
10836  39.145  -59.060  -31.233 0.3000000119
10846  39.667  -58.686  -31.637 0.3000000119
11535  40.997  -57.911  -31.188 0.3000000119
11533  42.747  -57.711  -30.932 0.3000000119
11534  41.852  -57.708  -31.015 0.3000000119
144593  38.543  -59.618  -29.759 0.3000000119
9535  38.179  -60.242  -30.340 0.4000000060
9540  38.279  -60.272  -31.474 0.4000000060
10821  39.779  -58.536  -29.803 0.3000000119
9548  38.729  -60.547  -33.509 0.4000000060
133590  38.779  -59.962  -32.491 0.4000000060
10820  40.636  -58.243  -29.512 0.3000000119
10195  39.398  -59.769  -33.460 0.3000000119
9568  39.274  -60.019  -35.013 0.4000000060
11558  41.356  -58.059  -32.827 0.3000000119
10858  40.071  -59.110  -33.386 0.3000000119
8905  37.899  -61.698  -30.304 0.4000000060
8910  37.703  -61.772  -31.289 0.4000000060
8300  37.623  -62.744  -34.049 0.4000000060
8316  37.463  -62.579  -35.036 0.4000000060
10153  38.675  -59.931  -28.719 0.4000000060
9536  37.856  -60.975  -30.834 0.4000000060
9541  37.883  -61.131  -31.865 0.4000000060
8926  37.818  -61.967  -34.573 0.4000000060
8938  37.616  -61.795  -35.388 0.4000000060
10152  39.535  -59.418  -28.341 0.3000000119
154712  38.325  -60.627  -32.450 0.4000000060
8925  38.280  -61.324  -34.071 0.4000000060
10151  40.453  -59.249  -28.173 0.3000000119
8937  38.237  -61.241  -35.077 0.4000000060
8947  36.522  -61.601  -36.070 0.4000000060
10805  40.958  -58.629  -28.733 0.3000000119
9569  38.560  -60.429  -35.347 0.4000000060
10213  39.559  -59.455  -35.175 0.4000000060
8278  38.258  -63.060  -30.216 0.4000000060
7680  37.719  -63.364  -32.066 0.4000000060
8270  38.600  -62.727  -29.272 0.4000000060
8279  37.845  -62.446  -30.745 0.4000000060
7671  37.938  -63.212  -31.137 0.4000000060
135280  37.536  -63.356  -33.638 0.4000000060
9504  40.503  -60.632  -27.634 0.3000000119
8886  38.588  -61.466  -28.477 0.4000000060
10149  42.202  -59.538  -28.426 0.3000000119
10150  41.348  -59.326  -28.241 0.3000000119
137252  36.498  -62.356  -35.888 0.4000000060
10803  42.671  -59.095  -29.041 0.3000000119
7689  37.918  -64.138  -32.351 0.4000000060
7679  38.195  -63.902  -31.555 0.4000000060
10887  39.238  -58.954  -35.486 0.3000000119
154750  39.583  -58.471  -35.340 0.3000000119
10882  40.041  -58.855  -35.096 0.3000000119
8318  36.275  -63.074  -35.658 0.4000000060
7702  37.362  -64.044  -33.814 0.4000000060
7059  38.626  -64.658  -31.881 0.4000000060
10175  38.589  -59.582  -30.767 0.3000000119
11545  40.810  -58.156  -32.159 0.3000000119
11544  41.557  -57.819  -31.926 0.3000000119
9531  38.026  -60.945  -29.829 0.4000000060
9557  39.304  -60.146  -34.342 0.4000000060
9558  38.801  -60.651  -34.644 0.4000000060
8946  37.169  -61.714  -35.838 0.4000000060
10204  39.907  -59.573  -34.504 0.4000000060
8897  38.212  -61.762  -29.268 0.4000000060
8292  37.531  -62.796  -32.860 0.4000000060
134147  37.611  -61.907  -32.338 0.4000000060
9519  39.252  -60.119  -27.982 0.3000000119
8916  38.040  -61.247  -32.953 0.4000000060
10144  40.017  -59.951  -27.743 0.3000000119
8259  38.769  -62.184  -28.572 0.4000000060
8869  39.271  -61.691  -27.942 0.3000000119
9503  41.208  -60.531  -27.802 0.3000000119
130800  29.930  -74.475  -24.650 0.3000000119
130126  29.639  -73.026  -23.788 0.3000000119
130612  31.074  -74.739  -25.661 0.3000000119
130821  28.682  -73.522  -23.493 0.3000000119
130105  28.705  -75.023  -24.077 0.3000000119
130104  29.995  -72.344  -23.658 0.3000000119
130839  30.760  -73.364  -24.388 0.3000000119
153398  30.619  -73.928  -24.863 0.3000000119
3333  29.427  -71.346  -23.592 0.3000000119
131866  27.531  -73.899  -23.273 0.3000000119
130122  28.905  -72.664  -27.202 0.3000000119
3328  31.515  -71.989  -22.593 0.3000000119
2976  31.543  -72.877  -23.657 0.3000000119
133769  30.382  -72.033  -23.361 0.3000000119
140809  31.063  -73.043  -23.971 0.3000000119
130732  31.626  -73.705  -24.793 0.3000000119
130618  27.959  -71.918  -23.829 0.3000000119
3337  30.078  -71.733  -26.405 0.3000000119
130117  28.349  -72.328  -26.044 0.3000000119
3755  30.145  -70.525  -23.421 0.3000000119
130115  28.997  -71.808  -23.651 0.3000000119
3760  29.825  -70.937  -24.596 0.3000000119
3763  30.127  -71.236  -25.614 0.3000000119
130730  28.403  -71.759  -24.924 0.3000000119
4178  31.354  -70.612  -26.388 0.3000000119
4626  34.156  -69.856  -28.425 0.4000000060
4617  32.824  -69.829  -27.347 0.4000000060
1870  35.379  -76.347  -24.636 0.3000000119
1627  34.528  -77.495  -23.434 0.3000000119
130106  31.681  -74.218  -25.585 0.3000000119
154858  31.772  -74.809  -26.172 0.3000000119
2974  34.103  -74.006  -24.345 0.3000000119
2645  34.013  -74.205  -25.300 0.3000000119
2643  35.230  -74.966  -25.762 0.3000000119
2130  35.268  -75.671  -26.652 0.3000000119
157767  34.921  -76.782  -25.079 0.3000000119
2969  33.121  -73.107  -23.168 0.3000000119
149246  33.097  -74.026  -25.209 0.3000000119
152576  34.734  -74.818  -26.791 0.3000000119
2133  35.054  -75.680  -27.523 0.3000000119
2127  35.048  -76.297  -26.415 0.3000000119
2978  32.244  -73.596  -24.516 0.3000000119
130777  32.466  -74.095  -25.429 0.3000000119
148032  34.045  -74.710  -27.742 0.3000000119
130663  33.709  -75.098  -28.430 0.3000000119
130479  33.339  -74.580  -26.989 0.3000000119
148088  33.198  -74.860  -27.758 0.3000000119
130538  28.523  -72.394  -23.362 0.3000000119
132232  26.883  -72.506  -23.821 0.3000000119
2975  32.615  -73.327  -23.856 0.3000000119
3335  29.264  -71.419  -24.805 0.3000000119
2123  35.745  -75.913  -24.098 0.3000000119
130124  33.088  -75.474  -28.097 0.3000000119
133426  33.270  -73.825  -24.544 0.3000000119
150932  35.251  -74.790  -25.095 0.3000000119
2980  33.432  -74.311  -26.085 0.3000000119
2366  35.067  -75.215  -27.298 0.3000000119
2140  33.761  -76.011  -28.533 0.3000000119
4177  32.130  -70.273  -26.893 0.3000000119
5096  41.455  -69.279  -29.002 0.3000000119
4619  40.822  -69.837  -28.819 0.3000000119
4620  39.979  -70.211  -28.933 0.3000000119
4622  38.498  -70.228  -29.113 0.4000000060
4633  37.937  -70.675  -29.558 0.4000000060
4197  36.397  -70.715  -29.907 0.3000000119
146840  35.214  -70.460  -29.701 0.3000000119
5103  41.466  -69.230  -29.886 0.3000000119
4641  40.705  -69.807  -30.282 0.4000000060
4642  39.847  -70.529  -30.262 0.4000000060
4206  39.367  -70.433  -31.236 0.4000000060
139457  37.703  -71.043  -30.555 0.3000000119
5120  39.769  -69.031  -32.751 0.4000000060
4659  39.230  -69.875  -32.233 0.4000000060
4215  38.234  -70.711  -31.971 0.3000000119
5610  39.525  -68.251  -33.496 0.3000000119
5583  40.979  -67.793  -27.361 0.3000000119
5074  41.369  -68.214  -27.825 0.3000000119
143203  39.282  -69.464  -28.640 0.4000000060
5087  38.084  -69.294  -28.692 0.4000000060
4623  37.526  -69.954  -29.058 0.3000000119
4635  35.976  -70.153  -29.237 0.3000000119
4636  35.055  -69.985  -28.883 0.3000000119
5590  42.680  -68.004  -28.182 0.3000000119
5594  42.668  -68.107  -29.081 0.3000000119
143754  42.595  -68.066  -29.980 0.3000000119
5102  42.068  -68.325  -30.659 0.3000000119
5104  41.344  -68.953  -30.927 0.3000000119
4648  40.128  -69.997  -31.001 0.4000000060
6060  42.871  -66.641  -31.832 0.3000000119
6525  42.730  -65.779  -32.287 0.3000000119
5600  42.345  -67.420  -31.830 0.3000000119
154907  41.225  -68.655  -31.643 0.4000000060
5113  39.910  -69.577  -31.847 0.4000000060
6535  42.018  -65.848  -33.022 0.3000000119
6064  41.679  -66.479  -33.351 0.4000000060
5606  40.402  -68.170  -33.109 0.4000000060
7042  40.087  -64.888  -31.007 0.3000000119
133998  40.638  -65.915  -33.302 0.4000000060
6065  40.777  -66.493  -33.626 0.4000000060
5605  40.230  -67.350  -33.590 0.4000000060
7025  39.472  -64.314  -30.294 0.3000000119
6527  40.251  -65.545  -32.697 0.4000000060
7043  39.124  -64.582  -31.120 0.3000000119
6012  39.232  -67.163  -24.260 0.3000000119
6032  38.616  -66.461  -25.159 0.3000000119
6033  37.678  -66.193  -25.345 0.3000000119
146216  37.042  -66.490  -25.937 0.3000000119
5574  41.306  -67.217  -26.743 0.3000000119
5575  40.402  -67.244  -26.738 0.3000000119
5576  39.448  -67.211  -26.748 0.3000000119
5578  36.872  -67.030  -26.680 0.3000000119
6045  43.868  -67.033  -27.583 0.3000000119
5573  42.176  -67.173  -26.843 0.3000000119
5584  40.005  -67.838  -27.555 0.3000000119
5585  39.079  -67.627  -27.389 0.3000000119
145805  38.246  -67.777  -27.693 0.3000000119
5078  37.599  -68.379  -28.216 0.3000000119
5089  36.094  -68.959  -28.333 0.3000000119
4614  35.231  -69.023  -27.997 0.3000000119
4615  34.420  -69.197  -27.836 0.3000000119
6050  43.338  -67.481  -27.809 0.3000000119
7056  41.803  -65.271  -31.962 0.3000000119
6526  41.348  -65.605  -32.809 0.3000000119
7041  41.157  -64.982  -31.033 0.3000000119
7057  40.742  -65.284  -31.916 0.3000000119
7659  39.894  -63.886  -29.499 0.3000000119
7660  38.955  -63.592  -29.726 0.3000000119
7670  38.588  -63.876  -30.720 0.3000000119
5557  40.169  -67.762  -24.225 0.3000000119
6021  39.510  -66.988  -24.966 0.3000000119
147227  39.381  -66.809  -25.515 0.3000000119
155900  38.262  -66.477  -25.638 0.3000000119
6039  40.770  -66.940  -26.068 0.3000000119
6041  38.858  -66.741  -25.985 0.3000000119
4611  32.419  -69.473  -26.601 0.3000000119
5556  41.302  -67.996  -24.382 0.3000000119
5564  40.155  -67.333  -24.682 0.3000000119
6020  40.930  -67.300  -25.126 0.3000000119
6031  40.242  -66.987  -25.527 0.3000000119
6040  39.847  -66.872  -26.066 0.3000000119
138613  42.478  -66.671  -26.308 0.3000000119
5563  41.182  -67.502  -24.800 0.3000000119
6495  41.805  -66.568  -25.016 0.3000000119
6030  41.254  -66.972  -25.505 0.3000000119
4181  33.207  -70.138  -28.101 0.3000000119
4187  34.426  -70.286  -29.126 0.3000000119
4195  38.199  -71.079  -29.982 0.3000000119
4207  38.612  -70.867  -31.176 0.4000000060
6545  40.044  -66.248  -33.495 0.4000000060
7644  39.410  -63.157  -28.889 0.3000000119
5085  41.271  -68.908  -28.355 0.3000000119
4640  40.996  -69.830  -29.385 0.3000000119
5086  40.407  -69.341  -28.506 0.3000000119
4631  39.405  -70.745  -29.625 0.4000000060
4194  38.758  -71.078  -29.964 0.4000000060
4193  39.078  -70.991  -30.399 0.4000000060
5111  41.092  -68.251  -32.404 0.4000000060
5581  42.542  -67.629  -27.507 0.3000000119
5075  40.729  -68.475  -28.005 0.3000000119
157176  38.485  -68.597  -28.327 0.3000000119
5077  39.194  -68.283  -28.043 0.3000000119
5088  37.058  -69.059  -28.596 0.4000000060
4624  36.536  -69.698  -28.891 0.3000000119
5589  43.355  -67.588  -28.705 0.3000000119
5593  43.217  -67.425  -29.935 0.3000000119
5597  43.191  -66.819  -30.995 0.3000000119
5604  41.814  -67.338  -32.709 0.4000000060
7024  40.489  -64.468  -30.214 0.3000000119
6042  37.861  -66.684  -26.209 0.3000000119
148627  37.726  -67.243  -26.996 0.3000000119
5586  37.196  -67.670  -27.522 0.3000000119
7658  40.899  -63.909  -29.540 0.3000000119
7724  27.133  -63.310  -34.157 0.4000000060
1871  34.778  -77.139  -24.358 0.3000000119
1875  34.734  -76.841  -25.800 0.3000000119
2120  35.731  -76.289  -23.379 0.3000000119
2126  35.298  -76.085  -25.594 0.3000000119
2131  34.993  -76.219  -27.211 0.3000000119
2134  34.659  -76.008  -27.993 0.3000000119
2135  33.902  -76.351  -28.176 0.3000000119
2361  35.389  -75.322  -25.691 0.3000000119
2364  35.227  -75.155  -26.476 0.3000000119
2367  34.720  -75.374  -28.028 0.3000000119
2644  34.795  -74.643  -25.668 0.3000000119
2648  34.007  -74.493  -26.858 0.3000000119
2651  34.630  -74.987  -27.762 0.3000000119
2987  32.318  -72.526  -30.435 0.4000000060
3330  32.046  -72.727  -23.160 0.3000000119
3361  33.135  -72.043  -31.759 0.4000000060
3757  30.392  -71.478  -23.041 0.3000000119
3765  32.153  -71.313  -28.151 0.5000000000
3776  36.035  -70.921  -31.153 0.4000000060
3784  36.554  -70.974  -31.456 0.4000000060
3792  34.383  -70.972  -32.593 0.4000000060
3839  28.894  -70.857  -35.298 0.6000000238
3840  28.028  -70.852  -35.231 0.5000000000
4183  31.860  -71.070  -27.145 0.5000000000
4196  37.399  -70.954  -29.987 0.3000000119
4201  38.383  -71.047  -30.492 0.4000000060
4217  36.806  -70.810  -32.492 0.4000000060
4225  36.549  -70.536  -33.192 0.4000000060
4265  28.264  -70.204  -35.462 0.5000000000
4610  33.210  -69.138  -26.960 0.3000000119
4616  33.613  -69.479  -27.675 0.3000000119
4621  39.210  -70.443  -29.154 0.4000000060
4625  35.627  -69.555  -28.609 0.3000000119
4630  40.303  -70.285  -29.445 0.4000000060
4632  38.704  -70.829  -29.580 0.4000000060
4634  36.987  -70.430  -29.445 0.3000000119
4649  38.794  -70.500  -31.845 0.3000000119
4668  39.029  -69.306  -33.035 0.4000000060
4681  36.669  -69.441  -34.339 0.4000000060
4696  30.902  -69.688  -35.149 0.6000000238
5076  39.974  -68.660  -28.238 0.3000000119
5079  36.614  -68.286  -27.983 0.3000000119
5084  42.000  -68.562  -28.600 0.3000000119
5095  42.032  -68.630  -29.476 0.3000000119
5112  40.710  -69.198  -31.502 0.4000000060
5122  38.701  -68.734  -33.673 0.4000000060
5127  38.349  -68.314  -34.148 0.4000000060
5577  38.525  -67.192  -26.827 0.3000000119
5582  41.754  -67.712  -27.361 0.3000000119
5591  41.951  -68.208  -27.925 0.3000000119
5598  42.736  -67.461  -30.869 0.3000000119
5601  41.680  -68.169  -31.712 0.4000000060
5603  42.335  -66.490  -32.669 0.3000000119
5617  36.764  -67.224  -34.960 0.5000000000
5625  33.223  -67.831  -35.343 0.6999999881
5626  32.606  -67.590  -35.418 0.6999999881
6038  41.667  -66.893  -26.098 0.3000000119
6073  38.008  -66.829  -34.375 0.4000000060
6088  35.702  -66.610  -35.265 0.5000000000
6093  30.574  -66.678  -35.625 0.6999999881
6095  24.103  -65.893  -35.200 0.6000000238
6108  29.412  -66.575  -36.028 0.6000000238
6109  28.725  -66.328  -36.164 0.5000000000
6512  30.435  -65.407  -29.654 0.6000000238
6517  32.968  -65.069  -31.423 0.6999999881
6565  30.208  -64.620  -34.624 0.5000000000
6577  29.921  -65.123  -35.830 0.5000000000
6578  29.143  -64.803  -35.924 0.5000000000
6988  30.049  -64.510  -26.720 0.6000000238
6990  28.334  -64.676  -26.685 0.6000000238
7001  27.385  -64.983  -28.024 0.6000000238
7003  25.614  -64.391  -28.030 0.6999999881
7026  33.321  -64.511  -29.720 0.6000000238
7049  25.576  -64.561  -30.537 0.5000000000
7058  39.645  -65.128  -31.850 0.3000000119
7082  37.895  -65.083  -33.456 0.6000000238
7088  29.000  -63.948  -33.946 0.5000000000
7109  27.029  -64.187  -35.261 0.5000000000
7111  25.195  -64.168  -35.011 0.5000000000
7594  29.370  -63.545  -24.932 0.6999999881
7596  27.590  -63.564  -24.615 0.6999999881
7599  24.565  -63.084  -24.790 0.6999999881
7606  28.756  -63.954  -25.276 0.6000000238
7616  32.201  -63.409  -26.619 0.6000000238
7622  26.627  -64.240  -26.055 0.6999999881
7625  22.500  -63.148  -26.754 0.5000000000
7631  31.749  -64.080  -27.102 0.6000000238
7646  33.556  -63.624  -28.514 0.6999999881
7661  33.783  -63.835  -29.479 0.6999999881
7662  24.097  -64.213  -28.850 0.6000000238
7693  28.558  -63.829  -33.293 0.6000000238
7696  25.542  -63.519  -32.500 0.5000000000
7705  32.801  -63.301  -34.429 0.6999999881
7707  27.419  -63.218  -33.742 0.5000000000
7723  27.873  -63.570  -34.350 0.5000000000
7725  26.244  -63.203  -33.784 0.5000000000
7736  34.740  -63.121  -35.724 0.5000000000
7739  26.659  -63.611  -34.618 0.4000000060
8206  27.685  -62.506  -23.309 0.8000000119
8213  31.071  -62.178  -24.474 0.6000000238
8218  25.041  -62.814  -23.966 0.6000000238
8220  23.250  -62.282  -24.451 0.6000000238
8228  22.823  -62.499  -25.203 0.6000000238
8235  32.605  -62.675  -26.169 0.6999999881
8238  22.129  -62.486  -26.473 0.5000000000
8258  39.392  -62.504  -28.352 0.4000000060
8260  34.374  -62.330  -28.383 0.6999999881
8271  38.103  -62.351  -29.934 0.4000000060
8286  37.632  -62.570  -31.719 0.4000000060
8287  34.528  -62.495  -31.200 0.6999999881
8304  25.661  -63.036  -32.924 0.5000000000
8320  31.947  -62.035  -35.547 0.6000000238
8321  25.555  -63.065  -33.153 0.5000000000
8330  35.490  -62.752  -35.891 0.4000000060
8831  27.929  -60.993  -22.584 0.8000000119
8834  25.066  -60.860  -22.932 0.6999999881
8844  25.250  -61.640  -23.035 0.6999999881
8849  30.757  -61.744  -23.942 0.8000000119
8852  33.230  -61.034  -25.232 0.6000000238
8856  22.684  -60.927  -26.026 0.5000000000
8859  32.984  -61.880  -25.717 0.6000000238
8860  22.197  -61.747  -26.293 0.5000000000
8868  40.222  -61.481  -27.695 0.3000000119
8870  38.805  -60.781  -28.115 0.3000000119
8873  22.009  -62.089  -27.251 0.5000000000
8887  34.613  -61.639  -27.861 0.6999999881
8888  22.625  -61.614  -29.013 0.5000000000
8917  37.716  -61.999  -33.474 0.4000000060
8939  31.661  -61.342  -35.160 0.6000000238
8949  34.157  -61.599  -36.148 0.5000000000
9473  28.335  -60.267  -22.604 0.6000000238
9476  25.642  -60.384  -22.784 0.6999999881
9479  30.703  -60.929  -23.578 0.8000000119
9480  30.014  -60.200  -23.210 0.6999999881
9483  23.822  -61.147  -23.776 0.6000000238
9486  32.194  -60.129  -24.206 0.6000000238
9492  32.724  -60.637  -24.659 0.6000000238
9505  39.626  -60.768  -27.678 0.3000000119
9518  41.700  -60.053  -27.959 0.3000000119
9570  37.792  -60.987  -35.730 0.4000000060
9571  31.919  -60.500  -34.714 0.6000000238
9576  37.054  -61.134  -36.051 0.4000000060
9579  33.964  -60.201  -36.092 0.5000000000
9581  32.125  -60.601  -35.327 0.6000000238
10108  26.829  -59.455  -22.623 0.6000000238
10109  25.893  -59.584  -22.856 0.5000000000
10113  29.485  -59.432  -23.316 0.6000000238
10116  24.842  -59.322  -24.194 0.5000000000
10121  31.562  -59.590  -23.949 0.6000000238
10122  30.839  -59.091  -23.987 0.6000000238
10124  24.185  -59.775  -24.796 0.6000000238
10129  33.329  -59.519  -24.930 0.6000000238
10143  40.878  -59.915  -27.787 0.3000000119
10166  39.180  -59.101  -29.222 0.3000000119
10183  38.795  -59.585  -31.652 0.4000000060
10194  39.388  -59.202  -32.330 0.3000000119
10214  38.942  -59.722  -35.440 0.4000000060
10215  33.013  -59.272  -35.185 0.5000000000
10748  26.431  -58.823  -23.014 0.5000000000
10755  26.173  -58.422  -23.641 0.5000000000
10804  41.850  -58.785  -28.808 0.3000000119
10806  40.039  -58.705  -28.847 0.3000000119
10827  23.887  -58.373  -29.158 0.5000000000
10835  39.659  -58.553  -30.795 0.3000000119
10845  40.237  -58.281  -31.436 0.3000000119
10863  23.036  -58.509  -32.666 0.5000000000
10884  34.144  -58.350  -35.027 0.6000000238
10888  38.545  -58.622  -35.552 0.4000000060
10889  37.733  -58.691  -35.591 0.5000000000
10891  35.601  -58.371  -35.418 0.5000000000
10892  34.682  -58.616  -35.516 0.5000000000
10893  33.772  -58.920  -35.437 0.6000000238
11485  25.979  -58.253  -24.387 0.5000000000
11548  23.186  -58.071  -31.828 0.6000000238
11549  22.771  -57.119  -31.926 0.6000000238
11587  37.640  -57.633  -34.993 0.4000000060
11590  34.670  -57.927  -34.554 0.6000000238
12294  22.686  -56.666  -31.060 0.6000000238
12317  37.489  -56.610  -32.849 0.4000000060
12323  21.694  -56.043  -32.484 0.6000000238
12325  19.347  -55.886  -32.899 0.5000000000
12344  19.047  -56.655  -33.189 0.5000000000
13021  19.181  -55.049  -22.410 0.3000000119
13031  23.730  -55.496  -23.572 0.4000000060
13075  21.903  -54.482  -26.054 0.5000000000
13118  21.859  -54.787  -30.032 0.6000000238
13140  20.207  -54.479  -32.020 0.5000000000
13156  19.771  -55.180  -32.490 0.5000000000
13833  24.031  -54.285  -20.639 0.4000000060
13874  21.290  -55.245  -23.387 0.4000000060
13885  20.547  -54.716  -24.597 0.4000000060
13906  18.531  -54.646  -26.620 0.6000000238
13922  22.081  -54.464  -27.486 0.5000000000
13937  18.899  -53.735  -27.902 0.6000000238
13966  19.125  -53.718  -30.954 0.5000000000
13967  18.300  -53.934  -30.904 0.5000000000
13980  19.643  -54.003  -31.528 0.5000000000
14754  18.692  -53.479  -29.702 0.6000000238
14761  19.393  -53.402  -30.243 0.6000000238
15432  23.437  -52.884  -20.363 0.4000000060
15447  25.798  -52.737  -20.915 0.4000000060
15466  18.880  -52.828  -23.463 0.3000000119
15474  19.304  -52.185  -24.102 0.3000000119
15488  17.654  -52.784  -25.728 0.3000000119
15524  17.746  -52.421  -28.409 0.3000000119
16236  22.126  -51.901  -20.754 0.4000000060
16257  20.319  -51.689  -22.439 0.3000000119
16269  19.663  -51.514  -24.722 0.3000000119
16297  20.137  -51.380  -28.388 0.3000000119
16311  19.434  -51.713  -29.052 0.3000000119
16324  19.514  -50.397  -30.160 0.4000000060
16327  16.882  -51.319  -29.363 0.4000000060
17043  21.753  -50.281  -21.754 0.4000000060
17050  20.539  -50.887  -22.886 0.4000000060
17073  20.379  -50.514  -25.964 0.3000000119
17074  20.041  -51.007  -25.376 0.4000000060
17117  20.603  -50.408  -29.692 0.5000000000
17119  17.462  -50.708  -29.687 0.4000000060
17885  21.588  -49.591  -22.599 0.4000000060
17893  21.923  -48.784  -23.228 0.3000000119
17901  21.130  -49.100  -24.457 0.4000000060
17942  17.118  -49.210  -29.077 0.3000000119
17944  15.609  -50.035  -28.436 0.3000000119
17952  21.010  -49.563  -30.142 0.3000000119
17953  19.575  -49.545  -30.388 0.3000000119
17954  18.717  -49.344  -30.171 0.3000000119
17955  17.235  -49.903  -29.495 0.3000000119
17963  20.325  -49.327  -30.452 0.3000000119
18690  23.774  -48.366  -21.773 0.3000000119
18702  24.104  -47.709  -22.274 0.3000000119
18709  23.014  -47.669  -23.506 0.3000000119
18716  21.594  -48.508  -24.906 0.3000000119
18736  21.867  -48.533  -28.345 0.3000000119
18738  15.433  -48.606  -27.500 0.3000000119
18750  17.403  -48.497  -28.863 0.3000000119
18761  21.441  -48.680  -30.134 0.3000000119
18763  18.740  -48.464  -29.986 0.3000000119
18772  20.771  -48.762  -30.552 0.3000000119
19591  22.009  -47.653  -28.935 0.3000000119
19592  17.746  -47.711  -28.502 0.3000000119
19603  21.735  -47.757  -29.959 0.3000000119
19606  18.876  -47.747  -29.650 0.3000000119
19613  20.423  -48.138  -30.594 0.3000000119
20487  22.657  -46.526  -26.241 0.3000000119
20507  22.024  -46.677  -28.998 0.3000000119
20525  21.488  -46.869  -29.845 0.3000000119
21485  19.682  -44.915  -28.758 0.3000000119
21500  21.966  -45.481  -29.372 0.3000000119
22458  20.502  -44.738  -29.211 0.3000000119
130107  26.833  -73.164  -23.368 0.3000000119
130118  29.493  -73.089  -28.223 0.4000000060
130209  35.250  -59.249  -26.570 0.6000000238
130216  36.233  -58.992  -29.383 0.6000000238
130230  34.306  -57.898  -32.254 0.6000000238
130556  32.461  -74.772  -26.745 0.3000000119
130583  33.363  -60.784  -32.779 0.6000000238
130619  31.440  -73.804  -29.747 0.5000000000
130644  30.853  -73.184  -29.143 0.4000000060
130674  34.775  -61.733  -30.719 0.6999999881
130744  32.416  -59.769  -34.902 0.6000000238
130762  33.515  -75.746  -28.455 0.3000000119
130841  35.788  -59.237  -27.339 0.6000000238
130978  34.152  -75.624  -28.554 0.3000000119
131225  35.676  -59.312  -30.054 0.6000000238
131308  23.571  -59.131  -31.275 0.6000000238
133592  39.120  -66.224  -33.683 0.4000000060
133760  24.161  -58.147  -28.334 0.6000000238
134562  23.318  -63.602  -27.160 0.5000000000
135051  20.000  -54.103  -26.075 0.6000000238
135175  26.047  -65.548  -36.116 0.5000000000
135538  25.730  -47.717  -21.536 0.3000000119
135586  40.399  -68.862  -32.372 0.4000000060
135587  21.476  -49.194  -27.583 0.3000000119
136361  24.761  -59.916  -23.561 0.6999999881
137064  33.440  -73.604  -23.917 0.3000000119
137979  30.885  -65.522  -31.089 0.6999999881
138599  41.112  -67.333  -33.340 0.4000000060
138704  21.016  -55.893  -32.772 0.5000000000
139016  24.552  -63.614  -26.283 0.6999999881
139020  34.902  -69.523  -28.335 0.3000000119
139395  28.677  -59.396  -23.003 0.5000000000
139571  26.970  -64.483  -31.084 0.5000000000
140335  28.352  -67.975  -36.087 0.5000000000
141165  25.890  -64.009  -26.089 0.6999999881
141441  42.162  -65.578  -32.425 0.3000000119
141610  33.241  -63.890  -33.347 0.8000000119
142172  34.252  -74.444  -26.194 0.3000000119
143147  41.358  -65.954  -33.400 0.3000000119
143479  21.429  -46.031  -29.663 0.3000000119
143629  23.679  -58.615  -30.005 0.6000000238
144036  22.329  -47.269  -26.118 0.3000000119
144261  20.761  -50.104  -26.429 0.3000000119
145102  29.776  -70.964  -23.593 0.3000000119
145777  29.031  -67.914  -35.828 0.6000000238
145865  41.974  -57.844  -32.577 0.3000000119
146125  17.992  -52.055  -29.158 0.4000000060
146344  27.173  -60.800  -22.469 0.6999999881
148031  32.692  -74.437  -26.201 0.3000000119
148110  32.799  -73.921  -30.751 0.4000000060
148119  27.583  -72.652  -23.197 0.3000000119
149003  32.649  -75.304  -27.418 0.3000000119
150163  20.386  -50.218  -24.452 0.4000000060
151207  27.274  -63.502  -32.762 0.5000000000
151387  38.311  -60.838  -28.907 0.4000000060
151438  22.070  -45.991  -29.078 0.3000000119
152306  21.932  -51.023  -21.125 0.4000000060
152356  28.186  -63.929  -34.901 0.5000000000
152361  38.613  -64.246  -31.298 0.3000000119
152428  34.344  -75.007  -28.357 0.3000000119
153175  19.322  -51.089  -29.817 0.4000000060
153201  29.727  -65.354  -29.545 0.6999999881
153368  34.785  -68.303  -35.059 0.4000000060
153676  27.200  -60.075  -22.451 0.5000000000
153752  37.182  -62.297  -35.592 0.4000000060
154282  28.513  -59.792  -22.711 0.6000000238
154608  31.353  -68.061  -35.515 0.6000000238
154856  18.920  -45.116  -28.304 0.3000000119
155253  26.922  -64.527  -26.698 0.6999999881
155739  35.488  -65.617  -35.164 0.6000000238
155953  29.964  -63.267  -24.945 0.6999999881
156029  33.823  -70.722  -30.487 0.5000000000
156153  24.105  -55.352  -24.081 0.4000000060
156658  24.149  -59.185  -26.246 0.5000000000
156787  19.027  -50.655  -30.061 0.4000000060
157076  22.387  -61.597  -25.725 0.6000000238
157161  28.600  -71.550  -24.173 0.3000000119
157194  20.073  -53.388  -29.211 0.6000000238
157304  39.003  -62.684  -28.703 0.4000000060
157662  38.266  -60.279  -29.477 0.4000000060
157678  21.020  -52.315  -21.183 0.3000000119
157770  23.860  -59.366  -28.856 0.6000000238
