#!ascii label  , from subject freesurfer vox2ras=TkReg
1659
3356  24.593  -72.326  -30.242 0.6999999881
3357  23.953  -72.376  -29.407 0.8000000119
3351  24.175  -71.554  -28.117 0.8000000119
3771  23.310  -71.204  -26.623 0.6999999881
2993  25.129  -73.190  -32.662 0.6000000238
3362  24.821  -72.601  -31.169 0.6000000238
3352  23.120  -71.961  -28.330 0.6000000238
3002  25.317  -73.486  -33.665 0.6000000238
130881  24.240  -70.910  -26.536 0.8000000119
130576  23.658  -70.283  -24.865 0.6999999881
130131  21.983  -69.721  -23.388 0.6999999881
3371  25.333  -72.630  -32.172 0.6000000238
3350  24.566  -71.907  -29.368 0.6999999881
130461  22.242  -70.679  -25.086 0.6999999881
3001  26.158  -73.455  -33.625 0.6000000238
2686  26.226  -73.995  -34.229 0.6000000238
3021  25.637  -73.795  -34.379 0.6000000238
2418  26.498  -75.508  -35.127 0.6000000238
2419  25.748  -75.010  -35.397 0.6000000238
5090  24.960  -68.817  -26.389 0.8000000119
5091  24.295  -68.142  -26.360 0.8000000119
5092  23.270  -67.755  -24.143 0.6999999881
5093  21.290  -67.067  -24.079 0.6999999881
139463  19.594  -67.318  -24.887 0.6999999881
4190  25.178  -70.024  -26.967 0.8000000119
130429  23.410  -68.994  -23.756 0.6999999881
147939  21.753  -68.220  -22.587 0.6999999881
3774  24.950  -71.121  -28.823 0.6999999881
147942  24.425  -69.508  -24.893 0.8000000119
151990  24.986  -71.898  -30.838 0.6999999881
2992  25.868  -73.089  -32.923 0.6999999881
3000  26.570  -73.631  -33.824 0.6000000238
157922  26.833  -74.948  -34.430 0.6000000238
156741  26.327  -74.654  -34.738 0.6000000238
2196  26.993  -76.333  -34.963 0.6000000238
1934  27.505  -77.635  -34.216 0.6999999881
1935  26.947  -77.856  -34.671 0.6000000238
1411  27.769  -78.591  -32.436 0.5000000000
1677  27.340  -78.267  -34.042 0.6000000238
1416  27.149  -79.230  -32.736 0.5000000000
149933  23.625  -68.071  -27.803 0.8999999762
150687  22.728  -67.487  -26.041 0.8000000119
4637  25.105  -69.418  -28.780 0.6999999881
5097  24.951  -68.836  -27.474 0.8999999762
5100  20.744  -67.344  -26.717 0.6999999881
3788  25.150  -71.159  -31.007 0.8000000119
4204  25.205  -70.396  -29.517 0.8000000119
133638  25.152  -71.882  -31.536 0.8000000119
3380  26.221  -72.775  -33.406 0.6999999881
3379  26.709  -73.035  -33.635 0.8000000119
3020  27.115  -73.282  -33.802 0.8000000119
2685  26.876  -74.160  -33.878 0.6999999881
2417  27.156  -75.559  -34.432 0.6000000238
1933  27.827  -77.069  -33.966 0.6999999881
1675  28.101  -77.905  -32.889 0.6999999881
4644  24.553  -69.004  -29.858 0.8999999762
5099  22.427  -68.047  -28.324 0.8000000119
4210  24.942  -70.387  -31.056 0.8000000119
4643  25.029  -69.840  -30.212 0.8000000119
4219  24.929  -71.063  -31.783 0.6999999881
3392  26.566  -72.335  -33.981 0.6999999881
3802  26.013  -72.110  -33.709 0.6000000238
3370  25.831  -72.436  -32.895 0.8000000119
3391  27.118  -72.533  -34.117 0.8000000119
3019  27.674  -73.378  -33.902 0.8000000119
138086  27.721  -73.979  -33.624 0.6999999881
2416  27.660  -75.350  -33.586 0.8000000119
144381  27.310  -74.789  -33.897 0.6999999881
2410  28.097  -75.261  -33.017 0.8000000119
2182  27.943  -76.012  -32.366 0.6999999881
2191  27.872  -76.249  -33.478 0.6999999881
1926  28.105  -77.120  -32.579 0.6999999881
1929  28.044  -77.088  -33.246 0.6999999881
8945  18.791  -62.052  -33.965 0.6000000238
8944  19.336  -61.572  -34.115 0.6000000238
9564  18.211  -60.632  -34.010 0.6000000238
137754  17.877  -59.928  -33.769 0.6999999881
5105  23.696  -68.384  -29.363 0.8999999762
3803  25.257  -71.798  -33.295 0.6000000238
3810  26.796  -71.800  -34.665 0.6000000238
3811  26.106  -71.688  -34.577 0.6000000238
3413  27.451  -71.992  -34.714 0.6999999881
3039  28.222  -72.812  -34.573 0.6999999881
155418  27.985  -72.256  -34.796 0.6999999881
149094  21.749  -68.544  -34.550 0.6999999881
5145  21.286  -67.971  -34.811 0.6999999881
3390  27.642  -72.719  -34.303 0.8000000119
5630  22.611  -67.289  -34.903 0.6000000238
5631  21.754  -67.447  -34.858 0.6000000238
3018  28.361  -73.415  -34.231 0.6999999881
6098  21.739  -66.670  -35.016 0.5000000000
5632  20.906  -67.323  -35.260 0.6999999881
2415  28.595  -74.569  -33.394 0.8000000119
156052  27.877  -74.496  -33.452 0.8000000119
6097  22.703  -66.324  -34.767 0.5000000000
133142  22.045  -65.889  -34.928 0.5000000000
2188  27.988  -76.020  -32.798 0.6999999881
7113  22.671  -64.590  -34.468 0.5000000000
7728  23.546  -63.182  -33.926 0.6000000238
145883  22.617  -63.596  -34.420 0.5000000000
152771  21.972  -64.267  -34.753 0.6000000238
7114  21.173  -64.412  -35.103 0.6999999881
7744  19.616  -63.888  -35.069 0.6999999881
7729  22.848  -62.764  -34.201 0.5000000000
7742  21.597  -63.634  -34.797 0.6000000238
7743  20.610  -63.745  -35.030 0.6000000238
145932  20.043  -61.815  -34.217 0.6000000238
8324  23.312  -62.275  -33.878 0.6000000238
8334  21.076  -62.991  -34.732 0.6000000238
145799  20.512  -62.377  -34.402 0.6000000238
8325  22.514  -62.167  -34.217 0.5000000000
153753  20.750  -60.761  -34.267 0.6000000238
8931  19.167  -60.627  -34.146 0.6000000238
140260  18.594  -59.979  -34.007 0.6999999881
11582  17.965  -57.805  -33.219 0.6000000238
144033  17.146  -58.136  -33.016 0.6999999881
8942  22.027  -61.526  -34.161 0.6000000238
9573  21.581  -60.823  -34.182 0.6000000238
139572  20.152  -60.227  -34.271 0.6000000238
10209  19.396  -59.523  -34.116 0.6999999881
10878  19.413  -58.010  -33.722 0.5000000000
5106  22.552  -68.394  -30.062 0.8999999762
4229  24.613  -71.374  -32.689 0.6000000238
4211  24.384  -70.290  -31.689 0.6999999881
5115  19.688  -68.466  -30.089 0.6999999881
5114  21.429  -68.644  -30.733 0.6999999881
4652  21.839  -69.091  -31.870 0.8000000119
4698  22.201  -69.239  -34.598 0.8000000119
149072  21.478  -68.916  -34.175 0.6000000238
6096  23.478  -66.727  -35.161 0.6000000238
2699  29.345  -74.028  -34.077 0.8000000119
145319  30.039  -73.531  -34.618 0.8000000119
2414  29.667  -74.481  -33.602 0.8000000119
6580  23.450  -65.760  -34.753 0.5000000000
2409  29.111  -74.911  -33.022 0.8000000119
139473  23.438  -64.940  -34.437 0.5000000000
7726  25.255  -63.275  -33.588 0.5000000000
8322  24.661  -63.062  -33.111 0.6000000238
7741  24.158  -63.823  -34.132 0.6000000238
8323  23.878  -62.728  -33.350 0.6000000238
8306  23.927  -62.554  -32.931 0.6000000238
12326  18.468  -56.121  -32.815 0.5000000000
8941  22.980  -61.559  -33.926 0.5000000000
11581  18.813  -57.482  -33.397 0.5000000000
9572  22.535  -60.897  -33.937 0.6000000238
9563  21.138  -60.063  -34.242 0.6999999881
10208  20.537  -59.333  -34.184 0.6999999881
145303  19.123  -58.730  -33.884 0.6999999881
8930  23.177  -61.115  -33.434 0.6000000238
141065  20.941  -58.449  -33.991 0.6000000238
9560  23.357  -60.656  -32.999 0.6999999881
10206  22.568  -59.525  -33.691 0.6000000238
141406  22.301  -58.851  -33.615 0.5000000000
4650  24.329  -69.545  -31.061 0.6999999881
4662  23.627  -69.912  -31.915 0.6999999881
4651  23.138  -69.246  -31.592 0.6999999881
151749  22.573  -68.731  -31.098 0.8000000119
4672  22.118  -69.828  -33.400 0.6999999881
5144  22.906  -68.205  -35.301 0.6999999881
4685  22.028  -69.634  -34.085 0.6999999881
13142  18.318  -54.830  -31.958 0.5000000000
7683  24.836  -64.046  -32.016 0.5000000000
7697  24.500  -63.523  -32.526 0.6000000238
13158  17.939  -55.581  -32.347 0.5000000000
7066  24.120  -64.510  -31.431 0.5000000000
7050  24.605  -64.604  -30.667 0.5000000000
137466  24.087  -62.938  -32.796 0.6000000238
8929  23.556  -61.512  -32.911 0.6000000238
10877  20.342  -57.813  -33.764 0.5000000000
7051  23.653  -64.596  -30.786 0.5000000000
7067  23.148  -64.414  -31.290 0.6000000238
8912  22.928  -61.838  -31.750 0.6000000238
7685  22.349  -63.749  -31.347 0.6000000238
4230  23.500  -71.039  -33.513 0.6999999881
4221  22.815  -70.421  -33.229 0.6999999881
4231  22.567  -70.397  -33.952 0.6999999881
9542  23.395  -60.531  -31.747 0.5000000000
7033  23.981  -64.543  -29.920 0.5000000000
10200  22.861  -59.025  -33.229 0.5000000000
7674  22.747  -64.287  -30.413 0.5000000000
8281  22.342  -62.694  -31.422 0.5000000000
156220  23.255  -61.115  -31.744 0.5000000000
10205  23.141  -59.812  -33.153 0.5000000000
9537  23.194  -60.987  -30.347 0.5000000000
150476  23.498  -60.092  -30.968 0.5000000000
7650  22.026  -63.403  -28.387 0.5000000000
8899  22.622  -61.755  -29.782 0.5000000000
10189  23.505  -59.670  -31.853 0.5000000000
7649  22.834  -63.850  -28.618 0.5000000000
8907  22.072  -62.522  -30.037 0.5000000000
8906  22.564  -61.970  -30.775 0.5000000000
7663  23.086  -64.183  -29.444 0.5000000000
7675  22.032  -63.645  -30.359 0.5000000000
8262  21.801  -62.833  -28.075 0.5000000000
13969  16.724  -54.562  -30.402 0.6000000238
13129  16.221  -55.021  -30.920 0.6000000238
13968  17.523  -54.233  -30.673 0.5000000000
13955  16.481  -54.531  -29.533 0.6999999881
13970  15.925  -54.854  -30.118 0.6000000238
13130  15.407  -55.301  -30.635 0.6000000238
13120  14.136  -55.526  -29.646 0.6999999881
13940  16.209  -54.773  -28.700 0.6000000238
13956  15.799  -54.817  -29.367 0.6999999881
13119  15.018  -55.011  -29.687 0.6999999881
13131  14.606  -55.608  -30.411 0.6999999881
13121  13.505  -55.744  -28.970 0.8000000119
13928  16.665  -54.959  -27.890 0.5000000000
13939  17.138  -54.363  -28.720 0.5000000000
13109  14.411  -55.301  -28.654 0.8000000119
135698  15.076  -55.256  -28.034 0.6000000238
141574  12.224  -56.325  -27.947 0.6999999881
13093  17.026  -55.276  -27.114 0.5000000000
13927  17.510  -54.717  -27.709 0.5000000000
13110  13.602  -55.861  -27.970 0.6999999881
131084  12.812  -56.245  -29.286 0.6999999881
13094  16.189  -55.414  -27.224 0.6999999881
12276  11.301  -56.627  -28.596 0.6999999881
12265  12.787  -56.419  -27.329 0.6999999881
13078  16.481  -55.638  -26.459 0.6000000238
13096  14.469  -55.679  -27.594 0.8000000119
138676  10.351  -53.204  -25.986 0.6999999881
14723  10.129  -54.053  -26.042 0.8000000119
13050  18.427  -55.713  -23.902 0.4000000060
12268  10.612  -56.229  -27.712 0.6999999881
13063  17.502  -55.624  -25.491 0.5000000000
12266  12.024  -56.439  -27.323 0.6999999881
13064  16.752  -55.822  -25.674 0.6000000238
12249  15.896  -56.053  -25.761 0.6000000238
12264  13.741  -56.293  -26.956 0.6999999881
13079  15.604  -55.817  -26.554 0.8000000119
13080  14.681  -56.053  -26.702 0.8000000119
17836  9.845  -50.294  -19.386 0.5000000000
17864  10.425  -50.069  -20.222 0.5000000000
132736  9.611  -49.339  -21.054 0.5000000000
17075  11.280  -50.293  -25.793 0.5000000000
16287  12.206  -51.635  -27.013 0.6000000238
17098  12.879  -51.267  -27.511 0.6000000238
17076  10.557  -50.444  -25.272 0.6000000238
17051  8.065  -49.984  -22.933 0.6000000238
156571  10.425  -52.043  -25.793 0.6999999881
133236  11.601  -51.102  -26.349 0.6999999881
16289  10.902  -52.580  -26.112 0.6999999881
15490  9.278  -52.643  -25.411 0.6999999881
13097  10.893  -55.996  -27.097 0.6999999881
13081  11.213  -55.677  -26.390 0.6999999881
13909  11.055  -54.737  -26.042 0.8000000119
12229  16.941  -56.256  -24.183 0.5000000000
12254  11.575  -56.290  -26.945 0.6999999881
12240  16.234  -56.263  -24.872 0.6000000238
12253  12.251  -56.521  -26.595 0.8000000119
12250  14.963  -56.349  -25.866 0.6999999881
12252  13.049  -56.670  -26.257 0.8000000119
17024  11.596  -50.534  -18.523 0.5000000000
17863  11.357  -50.221  -20.170 0.6000000238
17877  12.947  -49.579  -20.918 0.5000000000
18680  11.923  -49.726  -20.735 0.6000000238
18695  11.076  -48.613  -21.496 0.6000000238
18696  10.345  -48.502  -21.711 0.6000000238
19529  11.237  -47.971  -22.114 0.6000000238
18705  10.016  -48.314  -22.223 0.5000000000
17930  12.949  -50.194  -27.136 0.5000000000
17085  11.861  -50.245  -26.230 0.5000000000
150593  13.787  -52.165  -28.078 0.6000000238
17911  11.046  -49.545  -25.201 0.6000000238
17904  9.727  -49.831  -24.253 0.6999999881
18706  9.333  -48.793  -22.226 0.6000000238
15515  13.516  -52.723  -27.872 0.6000000238
15517  12.253  -52.423  -27.025 0.6999999881
16279  9.766  -51.874  -25.354 0.6999999881
17077  9.885  -50.988  -25.063 0.6999999881
17067  9.463  -50.592  -24.510 0.8000000119
17897  9.415  -49.348  -23.556 0.6999999881
14735  12.903  -53.091  -27.301 0.6999999881
15501  11.646  -52.844  -26.482 0.6999999881
14721  12.250  -53.560  -26.592 0.6999999881
14722  11.528  -53.633  -26.169 0.8000000119
13908  11.691  -54.324  -26.045 0.8000000119
13910  10.730  -54.361  -26.047 0.8000000119
12230  16.127  -56.555  -23.875 0.5000000000
12220  14.732  -56.253  -22.962 0.6000000238
13066  11.857  -55.721  -25.728 0.8000000119
13898  11.442  -55.084  -25.927 0.8000000119
143544  15.531  -56.595  -24.390 0.6000000238
151037  15.300  -56.703  -23.732 0.6999999881
12234  12.917  -56.339  -24.899 0.8000000119
12231  14.795  -56.744  -24.416 0.6999999881
12233  13.431  -56.508  -24.594 0.6999999881
12251  13.992  -56.621  -25.994 0.8000000119
17833  12.649  -50.025  -17.951 0.4000000060
17847  12.703  -50.448  -19.404 0.5000000000
147289  12.633  -48.603  -21.673 0.4000000060
19528  11.828  -48.197  -21.857 0.5000000000
19541  10.785  -47.987  -22.429 0.5000000000
17111  13.688  -51.487  -27.965 0.5000000000
17910  11.758  -49.523  -25.725 0.6000000238
18724  11.584  -48.777  -25.067 0.6000000238
137870  10.451  -48.162  -22.806 0.6000000238
15528  14.173  -52.461  -28.171 0.6000000238
17896  10.100  -49.050  -23.925 0.6999999881
18712  9.808  -48.588  -22.990 0.6999999881
15514  14.270  -52.976  -28.061 0.6000000238
153686  13.844  -55.440  -23.312 0.6999999881
13039  13.184  -55.948  -24.264 0.6999999881
13065  12.475  -55.798  -24.950 0.8000000119
13897  12.122  -55.011  -25.290 0.8000000119
12227  13.759  -56.434  -24.116 0.6999999881
17832  13.467  -49.874  -18.300 0.4000000060
17825  13.180  -49.362  -17.693 0.4000000060
18652  12.772  -48.612  -17.357 0.4000000060
18679  13.995  -49.357  -20.881 0.5000000000
17861  13.895  -49.795  -20.161 0.4000000060
19498  12.370  -47.814  -17.293 0.5000000000
145114  11.962  -47.588  -22.405 0.5000000000
20468  12.114  -47.232  -23.926 0.5000000000
19548  11.667  -47.503  -23.517 0.5000000000
20480  13.123  -46.919  -24.653 0.5000000000
138895  10.570  -48.360  -23.508 0.6999999881
14734  13.684  -53.248  -27.515 0.6000000238
14711  12.537  -54.161  -25.730 0.8000000119
13868  14.636  -55.130  -22.518 0.6000000238
14693  13.866  -54.425  -23.676 0.6000000238
14702  13.966  -54.088  -24.407 0.6999999881
14710  14.070  -53.909  -25.399 0.6999999881
13887  13.332  -54.809  -23.911 0.6999999881
20414  11.783  -46.454  -18.180 0.3000000119
18678  14.830  -49.348  -20.294 0.4000000060
17845  14.553  -49.628  -19.406 0.3000000119
18650  14.565  -48.903  -18.190 0.4000000060
18651  13.774  -48.538  -17.637 0.4000000060
145507  13.138  -47.910  -17.418 0.4000000060
20405  12.063  -47.068  -17.623 0.5000000000
18693  13.585  -48.824  -21.511 0.4000000060
20413  12.535  -46.643  -18.210 0.3000000119
153562  12.413  -47.905  -22.114 0.4000000060
19562  12.735  -47.688  -25.120 0.5000000000
20447  12.355  -47.102  -22.966 0.4000000060
18729  14.266  -48.320  -26.678 0.6000000238
19538  13.552  -47.422  -22.561 0.4000000060
19570  13.856  -47.789  -26.076 0.4000000060
20467  12.778  -46.740  -23.985 0.5000000000
134516  13.372  -53.908  -25.911 0.6999999881
154652  13.425  -54.399  -24.262 0.6999999881
20406  11.290  -46.907  -17.713 0.4000000060
20412  13.392  -46.824  -18.245 0.4000000060
21373  12.532  -45.859  -19.448 0.3000000119
18692  14.564  -48.875  -21.218 0.3000000119
20446  13.103  -46.842  -23.088 0.4000000060
20490  14.182  -46.949  -25.671 0.4000000060
20466  13.631  -46.325  -24.329 0.4000000060
18670  15.608  -48.726  -19.238 0.3000000119
19504  14.607  -48.011  -17.995 0.3000000119
19497  13.725  -47.573  -17.800 0.4000000060
20411  14.337  -47.112  -18.338 0.3000000119
20424  13.856  -46.360  -18.863 0.3000000119
18677  15.647  -48.931  -20.004 0.3000000119
19537  14.594  -47.540  -22.457 0.3000000119
21435  14.073  -45.867  -24.238 0.3000000119
20445  13.940  -46.804  -23.139 0.3000000119
20478  14.513  -46.081  -25.300 0.3000000119
20410  15.269  -47.545  -18.553 0.3000000119
21371  14.158  -45.802  -19.507 0.3000000119
19512  15.972  -48.025  -18.972 0.3000000119
20423  14.993  -46.478  -18.906 0.3000000119
20444  14.951  -46.853  -23.027 0.3000000119
144348  14.160  -45.722  -24.082 0.3000000119
21451  14.808  -45.403  -25.085 0.3000000119
21364  11.424  -45.917  -18.789 0.3000000119
18669  16.164  -48.333  -19.738 0.3000000119
19511  16.528  -47.593  -19.541 0.3000000119
20452  15.136  -46.158  -23.445 0.3000000119
6099  21.296  -65.901  -35.286 0.6000000238
6582  20.812  -65.215  -35.366 0.6999999881
140536  19.907  -65.334  -35.547 0.6999999881
7115  20.221  -64.533  -35.286 0.6999999881
20455  12.254  -47.097  -23.425 0.4000000060
19563  12.033  -48.017  -24.826 0.6000000238
21372  13.263  -45.871  -19.513 0.3000000119
3363  23.936  -72.775  -30.582 0.6999999881
130685  20.323  -69.177  -23.156 0.6999999881
1939  27.311  -77.095  -34.617 0.6000000238
2192  27.529  -76.310  -34.228 0.6999999881
3794  25.284  -71.920  -32.325 0.6000000238
5107  21.052  -68.225  -29.148 0.6999999881
2700  28.496  -73.983  -33.876 0.8000000119
2187  28.591  -75.175  -32.627 0.8000000119
10210  18.413  -59.205  -33.751 0.6999999881
139029  21.808  -65.102  -35.003 0.5000000000
7730  20.057  -63.135  -34.661 0.6000000238
11566  16.595  -57.591  -32.580 0.6000000238
9562  22.124  -60.118  -34.070 0.6999999881
145899  21.558  -69.422  -32.779 0.8000000119
7112  24.468  -64.315  -34.709 0.5000000000
149737  23.960  -64.458  -34.437 0.6000000238
132503  23.385  -62.299  -32.410 0.6000000238
12245  11.792  -56.243  -26.227 0.8000000119
1143  29.619  -80.486  -27.421 0.4000000060
1391  30.865  -79.658  -26.742 0.4000000060
1402  28.860  -79.362  -28.520 0.3000000119
928  28.987  -80.963  -27.868 0.4000000060
925  29.194  -81.156  -26.958 0.4000000060
1139  29.846  -80.614  -26.465 0.4000000060
2136  26.398  -77.200  -26.489 0.4000000060
1893  27.988  -77.916  -27.089 0.5000000000
1892  29.158  -77.689  -26.907 0.5000000000
154724  27.364  -78.057  -27.870 0.3000000119
1401  30.035  -79.058  -27.830 0.4000000060
1651  28.169  -78.378  -28.083 0.3000000119
140883  29.447  -78.977  -28.169 0.3000000119
1145  29.863  -79.773  -27.679 0.3000000119
1663  28.307  -78.955  -29.092 0.3000000119
1907  26.480  -77.591  -28.216 0.4000000060
1894  25.984  -77.054  -27.214 0.4000000060
130495  26.403  -76.837  -25.720 0.5000000000
1895  25.883  -76.979  -28.124 0.3000000119
1906  27.386  -78.210  -28.861 0.3000000119
1667  27.970  -78.824  -30.019 0.4000000060
1664  27.841  -78.516  -29.601 0.3000000119
137777  27.739  -78.570  -31.304 0.4000000060
1408  27.569  -79.101  -31.237 0.4000000060
1161  26.919  -79.809  -31.928 0.4000000060
148055  25.550  -75.627  -27.388 0.4000000060
2654  25.693  -75.164  -28.031 0.4000000060
2150  25.805  -76.147  -29.071 0.4000000060
2662  26.493  -75.126  -29.693 0.4000000060
131492  27.748  -74.467  -29.417 0.5000000000
1915  26.520  -77.089  -29.822 0.4000000060
2380  26.770  -75.490  -30.334 0.4000000060
151158  27.738  -78.578  -30.811 0.4000000060
1920  27.934  -78.005  -31.411 0.5000000000
2157  27.086  -75.946  -31.009 0.4000000060
1672  28.107  -78.032  -32.040 0.4000000060
1678  26.569  -78.560  -34.379 0.6000000238
1421  26.954  -78.971  -33.662 0.4000000060
130488  28.881  -74.361  -29.619 0.6000000238
2659  29.077  -74.903  -30.495 0.6000000238
2378  28.283  -75.172  -31.049 0.6000000238
2377  29.185  -75.286  -31.102 0.6000000238
2169  28.576  -75.428  -31.619 0.6000000238
2168  29.822  -75.573  -31.338 0.6999999881
1924  28.039  -77.077  -31.961 0.5000000000
2170  27.905  -75.905  -32.006 0.6000000238
2180  29.966  -75.681  -31.895 0.6999999881
130129  31.936  -75.474  -30.114 0.6999999881
2386  32.112  -75.787  -31.613 0.6999999881
137415  30.935  -75.211  -30.277 0.6000000238
131215  31.442  -75.887  -30.699 0.6999999881
144561  31.427  -74.411  -33.406 0.6999999881
2698  30.090  -74.100  -34.120 0.6999999881
3017  29.109  -73.480  -34.584 0.6999999881
2167  30.854  -75.936  -31.204 0.6999999881
2407  31.073  -74.994  -32.961 0.6999999881
2397  30.590  -75.461  -32.370 0.6999999881
2682  32.759  -73.801  -32.948 0.5000000000
2999  32.589  -73.298  -33.653 0.6000000238
2178  31.593  -75.470  -32.282 0.6999999881
2697  31.343  -73.938  -34.006 0.6000000238
137674  30.653  -73.870  -34.245 0.6999999881
151194  31.051  -72.522  -34.778 0.6999999881
2179  31.146  -75.876  -31.729 0.6999999881
3037  29.566  -72.859  -35.032 0.6000000238
3015  31.896  -73.359  -34.122 0.6000000238
3389  31.690  -72.683  -34.516 0.6000000238
3036  30.379  -72.744  -34.948 0.6000000238
3809  31.501  -71.837  -34.695 0.6000000238
156318  26.564  -70.989  -35.572 0.5000000000
130788  20.315  -70.401  -24.543 0.6000000238
130605  21.801  -71.316  -26.969 0.6000000238
3411  29.182  -72.206  -35.210 0.6000000238
3412  28.507  -72.221  -35.019 0.6000000238
3825  27.842  -71.526  -35.046 0.5000000000
3826  26.979  -71.301  -35.192 0.5000000000
130548  18.495  -69.471  -24.540 0.6000000238
148109  19.674  -68.022  -23.427 0.6000000238
130133  18.573  -70.346  -25.580 0.6000000238
3409  30.654  -71.980  -35.000 0.6000000238
3824  28.705  -71.537  -35.189 0.5000000000
130639  16.936  -68.703  -28.774 0.6000000238
130483  17.780  -67.941  -27.477 0.6000000238
148036  16.979  -69.554  -25.807 0.6000000238
147860  17.981  -68.245  -25.363 0.6000000238
5108  19.311  -67.659  -28.262 0.6000000238
157407  18.947  -67.426  -26.469 0.6000000238
3823  29.497  -71.410  -35.304 0.6000000238
153299  18.170  -67.967  -29.048 0.6000000238
4665  19.980  -69.197  -32.379 0.6000000238
4653  20.545  -68.993  -31.475 0.6000000238
132213  20.619  -68.889  -34.070 0.5000000000
4664  20.946  -69.230  -32.297 0.5000000000
5109  16.371  -69.475  -29.375 0.6999999881
5117  17.119  -69.081  -30.208 0.6000000238
4654  19.186  -68.940  -31.272 0.6000000238
4674  20.081  -69.093  -33.419 0.6000000238
5132  20.739  -68.458  -34.570 0.6000000238
5635  18.188  -67.631  -35.420 0.6000000238
147163  18.076  -69.068  -31.167 0.6000000238
4666  18.810  -69.296  -32.211 0.6000000238
5133  20.034  -68.423  -34.960 0.5000000000
4675  19.004  -69.310  -33.423 0.6000000238
5147  19.682  -68.145  -35.263 0.6000000238
5634  19.009  -67.745  -35.469 0.6000000238
6101  18.480  -67.034  -35.598 0.6000000238
5146  20.440  -68.041  -35.153 0.6000000238
4686  19.722  -68.813  -34.409 0.6000000238
5633  19.944  -67.560  -35.520 0.5000000000
133168  19.346  -66.962  -35.710 0.6000000238
132664  17.980  -66.312  -35.461 0.5000000000
149900  20.459  -65.986  -35.602 0.6000000238
6100  19.625  -66.134  -35.727 0.6000000238
133131  18.794  -66.254  -35.642 0.6000000238
6584  18.318  -65.568  -35.430 0.6000000238
134590  17.958  -64.877  -35.178 0.6999999881
7118  17.170  -64.947  -34.925 0.6999999881
7101  16.891  -64.445  -34.273 0.6999999881
7734  16.565  -63.902  -33.685 0.6999999881
7116  19.319  -64.700  -35.340 0.6999999881
7732  18.151  -63.538  -34.347 0.6999999881
7100  17.684  -64.291  -34.641 0.6999999881
7733  17.317  -63.726  -34.042 0.6999999881
7709  16.866  -63.147  -33.624 0.6000000238
7731  19.072  -63.326  -34.567 0.6000000238
4253  26.248  -70.687  -35.867 0.5000000000
3827  26.177  -71.223  -35.417 0.5000000000
140827  27.097  -69.086  -36.350 0.5000000000
4254  25.393  -70.681  -35.806 0.6000000238
6109  28.725  -66.328  -36.164 0.6000000238
5160  27.450  -68.118  -36.347 0.6000000238
133015  26.293  -69.340  -36.393 0.6000000238
4255  24.325  -70.717  -35.294 0.6000000238
4711  24.678  -69.816  -36.123 0.6000000238
5645  27.961  -67.058  -36.237 0.5000000000
134384  26.887  -67.269  -36.451 0.6000000238
4242  23.256  -70.666  -34.546 0.6000000238
6111  26.422  -66.363  -36.365 0.6000000238
5646  25.726  -67.229  -36.407 0.5000000000
148690  24.524  -68.706  -36.305 0.6000000238
4256  23.243  -69.943  -35.334 0.6000000238
6591  26.905  -65.513  -36.132 0.5000000000
149922  23.510  -69.536  -35.687 0.6000000238
5629  23.304  -67.606  -35.400 0.5000000000
154111  24.658  -65.980  -35.682 0.5000000000
154791  22.686  -69.444  -35.113 0.6000000238
5143  23.647  -68.265  -35.933 0.6000000238
147389  28.759  -75.488  -31.968 0.6999999881
3828  25.397  -71.247  -35.255 0.5000000000
133036  20.209  -66.785  -35.665 0.6000000238
7117  18.602  -64.181  -35.006 0.6999999881
4241  24.213  -71.368  -34.138 0.6000000238
4243  22.576  -69.975  -34.654 0.6000000238
5647  23.823  -67.386  -35.724 0.6000000238
1146  29.233  -80.098  -28.206 0.3000000119
1659  28.831  -78.754  -28.243 0.3000000119
1650  28.960  -78.214  -27.630 0.4000000060
145672  26.614  -77.604  -29.200 0.4000000060
1914  27.184  -77.828  -29.874 0.4000000060
130120  26.725  -74.612  -29.035 0.4000000060
2158  26.605  -76.275  -30.262 0.3000000119
2661  27.144  -74.895  -30.014 0.5000000000
2660  28.054  -74.807  -30.291 0.6000000238
1921  27.213  -77.007  -30.716 0.5000000000
2387  27.688  -75.615  -31.481 0.5000000000
152007  27.748  -77.369  -31.342 0.5000000000
2156  30.836  -75.699  -30.723 0.6000000238
2671  32.461  -74.381  -32.676 0.6999999881
7710  16.236  -63.338  -33.387 0.6000000238
7119  28.306  -64.796  -35.787 0.5000000000
5162  25.474  -69.096  -36.432 0.6000000238
6110  27.332  -66.296  -36.318 0.5000000000
154262  25.305  -68.192  -36.450 0.6000000238
139318  28.695  -64.285  -35.367 0.5000000000
150405  25.684  -66.284  -36.269 0.5000000000
6112  25.260  -65.692  -35.937 0.5000000000
668  24.857  -81.138  -9.449 0.4000000060
674  25.213  -81.397  -9.626 0.4000000060
507  25.222  -81.757  -10.159 0.5000000000
499  22.429  -82.389  -8.563 0.5000000000
148678  22.006  -83.143  -8.239 0.5000000000
348  21.240  -83.981  -7.955 0.5000000000
504  23.303  -82.378  -9.147 0.5000000000
663  23.222  -81.473  -9.340 0.5000000000
143191  26.302  -81.602  -9.951 0.4000000060
854  27.645  -81.456  -10.972 0.4000000060
678  26.715  -81.578  -11.319 0.5000000000
1125  29.027  -79.921  -23.149 0.3000000119
1120  29.385  -79.747  -22.322 0.3000000119
1133  28.725  -80.390  -23.799 0.3000000119
1132  29.323  -80.704  -24.633 0.3000000119
838  22.607  -80.623  -9.273 0.4000000060
664  22.001  -81.589  -8.424 0.5000000000
494  21.861  -82.500  -7.469 0.5000000000
845  23.296  -79.712  -9.928 0.4000000060
669  24.045  -81.218  -9.591 0.4000000060
667  25.500  -81.222  -8.964 0.3000000119
660  25.433  -81.041  -8.457 0.3000000119
1073  27.997  -80.650  -12.830 0.4000000060
153790  27.631  -81.443  -10.237 0.3000000119
856  28.512  -81.132  -11.415 0.4000000060
857  27.612  -81.337  -11.834 0.5000000000
141930  28.352  -81.197  -10.519 0.3000000119
1119  30.323  -79.552  -22.088 0.3000000119
906  29.450  -80.617  -20.932 0.3000000119
144100  29.675  -80.322  -23.900 0.3000000119
1131  30.303  -80.474  -24.796 0.3000000119
1137  29.710  -80.796  -25.474 0.3000000119
1056  22.221  -78.418  -8.794 0.3000000119
839  21.720  -80.391  -8.251 0.4000000060
1049  24.615  -78.452  -8.660 0.3000000119
850  27.809  -81.266  -9.057 0.3000000119
1072  28.791  -80.318  -12.416 0.4000000060
1076  28.352  -80.120  -12.998 0.4000000060
154511  28.999  -80.839  -11.384 0.4000000060
133914  28.491  -80.913  -9.083 0.3000000119
139530  31.746  -79.417  -22.345 0.4000000060
1118  31.097  -79.433  -21.765 0.4000000060
1111  30.586  -80.173  -20.368 0.4000000060
896  30.365  -80.885  -19.378 0.4000000060
890  30.184  -80.985  -18.656 0.4000000060
874  29.704  -80.845  -17.186 0.5000000000
1373  31.832  -79.861  -23.921 0.3000000119
1123  31.171  -80.021  -23.564 0.3000000119
1380  31.281  -80.144  -24.493 0.3000000119
1136  30.416  -80.374  -25.751 0.3000000119
1397  30.500  -79.421  -27.352 0.3000000119
1281  23.710  -77.616  -7.173 0.3000000119
1066  29.848  -79.757  -10.960 0.3000000119
1071  29.254  -80.230  -11.937 0.3000000119
1582  28.912  -78.283  -12.963 0.4000000060
1832  27.737  -77.055  -13.697 0.4000000060
841  28.712  -80.594  -8.476 0.3000000119
1063  29.398  -80.250  -10.393 0.3000000119
154962  29.206  -80.269  -9.787 0.3000000119
853  29.009  -80.870  -10.849 0.3000000119
1608  28.224  -78.005  -16.567 0.5000000000
2098  28.112  -76.452  -16.255 0.5000000000
1619  33.748  -77.911  -22.004 0.3000000119
1359  32.598  -78.890  -21.651 0.3000000119
1371  32.996  -78.878  -23.176 0.3000000119
1360  32.223  -79.167  -21.128 0.3000000119
1361  31.678  -79.330  -21.435 0.4000000060
1090  30.947  -80.330  -16.849 0.5000000000
1085  29.686  -80.372  -16.071 0.5000000000
139102  32.374  -79.300  -22.822 0.3000000119
149109  31.235  -79.929  -20.254 0.4000000060
895  30.887  -80.637  -18.880 0.4000000060
1101  30.436  -80.636  -17.344 0.5000000000
1091  30.174  -80.564  -16.632 0.5000000000
1379  32.101  -79.694  -24.558 0.3000000119
1130  31.008  -80.239  -25.283 0.3000000119
1390  31.577  -79.357  -26.491 0.3000000119
1396  31.266  -79.125  -27.135 0.3000000119
1400  30.833  -78.795  -27.569 0.4000000060
1307  29.697  -79.683  -11.709 0.3000000119
137489  28.494  -77.460  -13.407 0.4000000060
1048  29.152  -79.963  -7.331 0.3000000119
1058  29.640  -79.821  -9.598 0.3000000119
1062  29.962  -79.701  -10.259 0.3000000119
139342  28.582  -76.749  -13.648 0.4000000060
1052  29.546  -79.736  -8.803 0.3000000119
2594  26.513  -74.769  -15.203 0.4000000060
2094  27.649  -75.674  -16.045 0.5000000000
1843  29.554  -76.971  -15.078 0.4000000060
2093  28.473  -76.154  -15.451 0.5000000000
1860  34.553  -77.443  -21.707 0.3000000119
1604  29.053  -78.357  -15.810 0.5000000000
1844  28.974  -77.067  -15.841 0.5000000000
150145  33.397  -78.304  -21.282 0.3000000119
1343  31.652  -79.610  -15.739 0.4000000060
1334  31.080  -79.518  -15.175 0.5000000000
1628  33.668  -78.224  -23.375 0.3000000119
1357  32.861  -78.807  -20.955 0.4000000060
1355  32.677  -79.147  -19.636 0.4000000060
153870  31.557  -79.857  -16.490 0.5000000000
1336  29.477  -79.928  -15.541 0.5000000000
134494  33.232  -78.716  -24.111 0.3000000119
1108  31.694  -79.824  -19.861 0.4000000060
1107  31.567  -80.077  -19.010 0.5000000000
1099  31.673  -79.966  -18.128 0.5000000000
1384  32.372  -79.291  -25.340 0.3000000119
1643  32.653  -78.447  -26.606 0.4000000060
1648  32.358  -78.183  -27.214 0.3000000119
1395  31.991  -78.826  -26.902 0.4000000060
1649  31.631  -78.504  -27.362 0.4000000060
2425  23.345  -75.185  -35.612 0.5000000000
1905  29.662  -78.008  -27.528 0.3000000119
1285  30.275  -78.592  -7.401 0.3000000119
141711  30.098  -79.275  -8.911 0.3000000119
1580  30.216  -78.655  -12.574 0.3000000119
1286  29.925  -79.140  -7.553 0.3000000119
1587  30.676  -78.276  -13.236 0.3000000119
1837  29.679  -77.100  -14.341 0.5000000000
1324  31.394  -78.867  -14.552 0.4000000060
157684  30.754  -78.315  -13.942 0.3000000119
1859  35.293  -77.005  -21.464 0.3000000119
1333  31.831  -79.153  -15.074 0.5000000000
135049  33.929  -77.830  -21.115 0.3000000119
152820  32.207  -79.406  -16.305 0.4000000060
1332  32.362  -79.098  -15.661 0.4000000060
138159  32.888  -78.863  -20.124 0.4000000060
1353  32.878  -78.963  -18.468 0.4000000060
1349  32.356  -79.404  -17.700 0.4000000060
1341  32.619  -79.057  -16.877 0.4000000060
151291  33.603  -78.206  -24.773 0.3000000119
1354  32.246  -79.550  -18.657 0.4000000060
1089  31.609  -79.916  -17.293 0.5000000000
1642  33.087  -77.769  -27.035 0.3000000119
1889  32.737  -77.412  -27.578 0.4000000060
130448  31.514  -77.334  -27.522 0.4000000060
2709  23.663  -74.264  -35.533 0.5000000000
1890  30.808  -77.665  -27.565 0.4000000060
147974  30.908  -77.182  -27.145 0.5000000000
2199  23.905  -76.605  -35.684 0.5000000000
1290  30.448  -78.765  -8.112 0.3000000119
130580  16.654  -70.395  -27.552 0.5000000000
1323  32.037  -78.598  -14.410 0.3000000119
1586  32.347  -78.224  -13.692 0.3000000119
148034  17.045  -70.155  -26.032 0.5000000000
130136  16.674  -70.512  -29.757 0.6000000238
2112  35.851  -76.382  -21.379 0.3000000119
149217  35.250  -77.058  -20.058 0.3000000119
2116  35.691  -76.498  -22.666 0.3000000119
1856  34.549  -77.524  -19.757 0.3000000119
1616  34.049  -77.932  -19.068 0.3000000119
138561  33.084  -78.459  -15.697 0.4000000060
1603  32.538  -78.657  -15.009 0.4000000060
4257  17.761  -70.836  -34.594 0.5000000000
1615  33.613  -78.319  -18.378 0.3000000119
1348  33.172  -78.590  -17.518 0.3000000119
1601  33.784  -77.903  -16.098 0.3000000119
1875  34.734  -76.841  -25.800 0.3000000119
1880  33.857  -77.329  -26.848 0.3000000119
3372  23.645  -72.900  -31.661 0.5000000000
1888  33.534  -77.059  -27.552 0.3000000119
3003  24.392  -73.306  -33.485 0.5000000000
130110  32.951  -76.160  -28.072 0.4000000060
3023  24.231  -73.434  -34.461 0.6000000238
148039  32.438  -75.991  -27.565 0.4000000060
148021  30.896  -76.420  -26.497 0.5000000000
2708  24.482  -74.129  -35.382 0.5000000000
130652  30.037  -76.356  -25.749 0.4000000060
1881  30.212  -77.050  -26.534 0.3000000119
1891  30.141  -77.610  -27.224 0.4000000060
2198  24.816  -76.340  -35.683 0.6000000238
130109  26.213  -73.360  -23.961 0.3000000119
136643  25.984  -74.457  -24.313 0.4000000060
130709  27.302  -76.113  -24.421 0.4000000060
130097  28.183  -77.338  -26.053 0.3000000119
2197  25.643  -76.723  -35.522 0.6000000238
138591  24.403  -77.051  -35.626 0.5000000000
130757  26.378  -72.947  -24.821 0.3000000119
130095  25.899  -73.855  -25.013 0.5000000000
148081  25.703  -74.867  -25.323 0.4000000060
130504  25.776  -75.969  -25.658 0.4000000060
1940  25.517  -77.562  -35.374 0.6000000238
130789  26.841  -73.022  -25.861 0.3000000119
132405  26.214  -73.624  -25.926 0.5000000000
148086  25.773  -74.407  -26.136 0.4000000060
130498  25.692  -74.825  -27.209 0.4000000060
130707  27.783  -72.970  -26.744 0.4000000060
130116  26.816  -73.563  -26.933 0.5000000000
130535  26.080  -74.622  -28.101 0.4000000060
130111  27.394  -74.165  -28.647 0.5000000000
130482  16.082  -70.024  -26.954 0.6000000238
130972  16.804  -70.523  -30.699 0.6000000238
2109  36.191  -75.558  -21.249 0.3000000119
1857  35.505  -76.744  -20.677 0.3000000119
2105  35.906  -76.413  -18.691 0.3000000119
1854  35.356  -77.050  -19.286 0.3000000119
130710  16.155  -70.090  -29.450 0.6000000238
4212  16.841  -70.492  -31.163 0.6000000238
2115  35.987  -75.971  -22.983 0.3000000119
136852  35.333  -77.117  -18.379 0.3000000119
134605  35.240  -77.074  -16.915 0.3000000119
4232  17.843  -70.126  -33.090 0.6000000238
151307  35.529  -75.001  -24.861 0.3000000119
1855  34.467  -77.689  -18.195 0.3000000119
1606  33.808  -77.977  -16.939 0.3000000119
138542  17.638  -69.766  -34.948 0.6000000238
1887  34.298  -76.640  -27.458 0.3000000119
148693  16.908  -69.165  -35.209 0.6000000238
4700  16.558  -69.811  -35.338 0.6000000238
4712  15.653  -69.709  -35.392 0.6000000238
5164  15.265  -68.961  -35.282 0.5000000000
130102  29.764  -75.586  -24.987 0.4000000060
130828  28.549  -73.347  -27.995 0.4000000060
130101  27.563  -73.657  -27.892 0.5000000000
141415  35.962  -74.722  -21.426 0.3000000119
2346  36.043  -74.786  -19.805 0.3000000119
133685  36.159  -75.558  -20.206 0.3000000119
2106  36.224  -75.606  -19.208 0.3000000119
153405  35.856  -76.511  -17.435 0.3000000119
1846  35.318  -76.697  -16.030 0.3000000119
148108  16.661  -69.072  -26.967 0.5000000000
2353  36.068  -75.446  -22.934 0.3000000119
2357  35.745  -75.251  -24.159 0.3000000119
4655  17.385  -69.541  -31.364 0.5000000000
4222  17.410  -70.119  -32.045 0.6000000238
136697  35.904  -75.086  -23.492 0.3000000119
1847  34.542  -77.441  -16.456 0.3000000119
4688  18.047  -69.300  -34.415 0.6000000238
2639  35.351  -74.660  -24.418 0.3000000119
130474  30.614  -75.537  -25.719 0.3000000119
147871  31.731  -75.537  -26.634 0.3000000119
4701  16.150  -69.072  -35.234 0.6000000238
5152  14.884  -68.217  -35.259 0.6000000238
4676  18.297  -69.615  -33.753 0.6000000238
4687  18.807  -69.073  -34.268 0.5000000000
4699  18.091  -68.832  -34.920 0.6000000238
5149  17.501  -68.711  -35.112 0.6000000238
5150  16.709  -68.351  -35.237 0.6000000238
5151  15.736  -68.300  -35.251 0.6000000238
6103  15.476  -66.910  -35.136 0.6000000238
5637  16.114  -67.590  -35.243 0.6000000238
149818  14.719  -66.688  -35.018 0.5000000000
155650  18.064  -69.380  -31.819 0.5000000000
5134  18.927  -68.695  -34.746 0.5000000000
138814  17.536  -67.946  -35.281 0.5000000000
6102  16.536  -66.757  -35.216 0.6000000238
7103  14.264  -64.887  -34.042 0.5000000000
146175  15.069  -63.746  -33.163 0.6000000238
7090  14.629  -64.320  -33.560 0.6000000238
7091  13.792  -64.255  -33.644 0.5000000000
7712  14.211  -63.646  -33.193 0.6000000238
7713  13.307  -63.502  -33.354 0.6000000238
139164  18.257  -68.206  -35.212 0.5000000000
131054  15.899  -66.174  -35.007 0.5000000000
155119  16.485  -65.026  -34.579 0.6000000238
6567  15.730  -65.448  -34.552 0.5000000000
6568  14.751  -65.518  -34.438 0.5000000000
156874  16.014  -64.591  -33.966 0.6000000238
8329  17.684  -62.954  -33.840 0.6000000238
7089  15.838  -63.892  -33.367 0.6000000238
135887  13.856  -62.994  -33.004 0.5000000000
130151  9.661  -58.998  -26.456 0.5000000000
5148  18.974  -68.347  -35.138 0.5000000000
132922  17.550  -67.092  -35.408 0.5000000000
6566  16.636  -65.720  -35.026 0.6000000238
155878  10.415  -59.101  -24.061 0.5000000000
148201  11.564  -59.218  -22.439 0.6000000238
130761  9.515  -58.852  -25.517 0.6000000238
11497  8.569  -57.982  -26.714 0.6000000238
147909  11.180  -59.234  -24.752 0.5000000000
10801  9.023  -58.358  -27.224 0.5000000000
10800  9.290  -58.584  -27.838 0.5000000000
132531  12.943  -61.384  -32.174 0.5000000000
8298  13.057  -62.057  -32.598 0.5000000000
146273  10.216  -54.874  -26.203 0.6000000238
13912  8.789  -54.999  -26.263 0.6999999881
133742  9.367  -55.351  -26.624 0.6000000238
13067  7.528  -55.561  -25.577 0.6999999881
130159  7.301  -57.356  -23.829 0.6000000238
148216  8.393  -57.947  -23.181 0.6000000238
12246  7.496  -56.352  -26.004 0.6000000238
130615  7.007  -57.103  -24.847 0.6000000238
13083  9.961  -55.369  -26.638 0.6000000238
13084  8.747  -55.702  -26.764 0.6000000238
130155  7.842  -58.047  -25.361 0.6000000238
142041  7.513  -57.826  -24.529 0.5000000000
147873  9.854  -58.641  -22.361 0.6000000238
13098  10.272  -55.827  -27.120 0.6000000238
12256  8.101  -56.369  -26.660 0.6000000238
148215  8.961  -58.663  -24.558 0.5000000000
147902  9.781  -58.858  -23.464 0.6000000238
13099  9.506  -55.860  -27.141 0.6000000238
11491  8.509  -58.336  -26.065 0.6000000238
151690  10.002  -56.178  -27.613 0.6000000238
11508  8.770  -57.321  -27.319 0.6000000238
11507  9.109  -57.645  -27.684 0.6000000238
11517  9.637  -57.478  -28.224 0.5000000000
10813  9.572  -58.306  -28.542 0.5000000000
11527  10.898  -57.483  -29.479 0.5000000000
10828  11.116  -57.994  -30.092 0.5000000000
10841  11.422  -58.535  -30.523 0.5000000000
12235  6.803  -56.409  -24.555 0.6000000238
130626  6.868  -56.539  -23.437 0.6999999881
12277  10.182  -56.666  -28.165 0.6000000238
11516  10.695  -56.957  -28.775 0.6000000238
11528  10.126  -57.688  -28.945 0.5000000000
11515  11.465  -56.931  -29.225 0.6000000238
11526  11.686  -57.357  -29.982 0.5000000000
12298  12.395  -57.097  -30.196 0.6000000238
132389  11.690  -57.958  -30.395 0.6000000238
14708  15.938  -53.324  -26.203 0.4000000060
15491  7.992  -53.172  -24.928 0.6999999881
14694  6.779  -53.494  -23.280 0.5000000000
13869  6.521  -54.510  -22.303 0.5000000000
14701  14.824  -53.874  -24.735 0.6000000238
14719  14.089  -53.658  -26.635 0.5000000000
132124  6.536  -55.038  -23.003 0.6000000238
148043  6.884  -55.884  -22.272 0.5000000000
133391  15.605  -53.810  -24.034 0.5000000000
141157  9.644  -53.363  -25.809 0.6000000238
13889  7.417  -54.193  -24.603 0.8000000119
14724  9.258  -54.207  -25.928 0.6999999881
13052  6.791  -55.479  -24.171 0.8000000119
148022  7.046  -56.387  -22.806 0.6999999881
12275  12.060  -56.529  -28.709 0.6000000238
12287  12.207  -56.764  -29.615 0.6000000238
14682  6.476  -53.891  -22.221 0.5000000000
14718  15.080  -53.427  -26.945 0.5000000000
15478  8.443  -52.495  -24.887 0.6999999881
13854  6.385  -54.568  -21.657 0.5000000000
14700  16.483  -53.508  -24.523 0.4000000060
140153  16.445  -53.345  -25.400 0.4000000060
14690  16.590  -53.772  -23.292 0.4000000060
14680  15.684  -54.573  -22.166 0.5000000000
13867  15.408  -55.182  -21.885 0.4000000060
15469  6.794  -52.763  -23.118 0.5000000000
136047  6.059  -54.045  -20.977 0.5000000000
15500  15.788  -53.162  -27.224 0.3000000119
15513  15.174  -53.097  -27.959 0.3000000119
15479  7.682  -52.709  -24.357 0.6000000238
148400  17.237  -54.165  -22.422 0.4000000060
13866  16.279  -54.941  -21.765 0.4000000060
12219  15.491  -56.493  -22.528 0.4000000060
16264  8.209  -51.194  -23.933 0.6000000238
16271  8.635  -51.657  -24.513 0.6000000238
13008  16.914  -56.050  -21.684 0.4000000060
16259  6.886  -52.084  -22.906 0.5000000000
15459  6.321  -53.231  -21.822 0.5000000000
16286  18.617  -52.314  -26.905 0.3000000119
15512  16.146  -52.829  -27.898 0.3000000119
15526  15.717  -52.442  -28.533 0.3000000119
16316  14.471  -51.793  -28.394 0.4000000060
13023  17.555  -55.693  -21.819 0.3000000119
12223  16.865  -56.480  -23.061 0.4000000060
13037  17.901  -56.032  -22.695 0.4000000060
16314  16.287  -51.871  -28.989 0.4000000060
17061  8.455  -50.437  -23.609 0.6000000238
149756  6.816  -51.699  -22.423 0.4000000060
133945  15.222  -50.963  -28.671 0.4000000060
146976  19.622  -51.685  -26.463 0.3000000119
16299  18.640  -52.351  -27.761 0.3000000119
17062  7.814  -50.797  -23.301 0.5000000000
17097  13.585  -50.552  -27.650 0.4000000060
17929  13.568  -49.790  -27.275 0.4000000060
18723  12.376  -48.665  -25.599 0.5000000000
17928  14.274  -49.802  -27.665 0.4000000060
18740  13.920  -49.116  -27.030 0.4000000060
19593  17.012  -48.084  -28.047 0.3000000119
19579  16.499  -47.501  -27.414 0.3000000119
18737  16.214  -48.350  -27.748 0.3000000119
19568  15.281  -47.178  -26.534 0.3000000119
20489  14.865  -46.583  -25.935 0.3000000119
17826  12.261  -49.444  -17.487 0.4000000060
19578  17.294  -47.212  -27.740 0.3000000119
1842  34.490  -77.287  -15.462 0.3000000119
18739  14.655  -48.872  -27.288 0.3000000119
12286  13.452  -56.011  -29.822 0.6000000238
19500  10.568  -47.616  -17.556 0.4000000060
14692  14.656  -54.102  -23.754 0.5000000000
19581  15.012  -48.070  -26.863 0.3000000119
130650  27.269  -76.864  -25.298 0.3000000119
147960  26.423  -76.195  -24.835 0.4000000060
5636  16.893  -67.559  -35.282 0.5000000000
661  24.886  -80.812  -8.978 0.4000000060
503  24.057  -81.941  -9.593 0.5000000000
500  21.611  -83.408  -7.555 0.5000000000
861  27.422  -81.082  -12.577 0.5000000000
1115  29.726  -79.897  -21.415 0.4000000060
662  24.668  -80.649  -9.105 0.4000000060
860  28.317  -80.949  -12.214 0.4000000060
1320  27.163  -79.391  -13.692 0.4000000060
133555  31.096  -79.671  -22.704 0.4000000060
900  29.921  -80.677  -20.330 0.4000000060
897  29.853  -81.085  -19.829 0.4000000060
657  21.797  -81.289  -7.091 0.3000000119
842  28.046  -81.054  -8.287 0.3000000119
1067  29.300  -80.413  -11.319 0.3000000119
1314  28.954  -79.479  -12.756 0.4000000060
1589  27.732  -78.261  -13.553 0.4000000060
1372  32.486  -79.416  -23.763 0.3000000119
1378  32.667  -79.224  -24.551 0.4000000060
1313  29.526  -79.494  -12.273 0.4000000060
2086  27.054  -75.585  -14.374 0.4000000060
1084  30.759  -80.116  -15.955 0.5000000000
3040  23.921  -73.695  -35.199 0.5000000000
143211  31.820  -79.511  -25.870 0.4000000060
1298  30.304  -79.218  -9.756 0.3000000119
1831  29.191  -77.327  -13.350 0.4000000060
2320  27.835  -75.790  -14.482 0.4000000060
2332  27.805  -75.515  -15.095 0.5000000000
1325  30.717  -78.979  -14.608 0.5000000000
138559  33.839  -78.050  -19.802 0.3000000119
1630  33.987  -77.869  -24.170 0.3000000119
1383  33.056  -78.742  -25.024 0.3000000119
137631  33.382  -78.021  -26.318 0.3000000119
2424  24.272  -74.849  -35.637 0.6000000238
1318  31.145  -78.461  -13.892 0.3000000119
157500  29.134  -76.451  -14.303 0.4000000060
157246  32.692  -78.903  -16.226 0.3000000119
2994  24.171  -73.134  -32.569 0.5000000000
148089  32.294  -76.744  -27.671 0.4000000060
1828  33.573  -77.708  -13.345 0.3000000119
1602  33.697  -77.857  -15.392 0.3000000119
130760  27.402  -75.169  -23.714 0.4000000060
130103  28.149  -75.945  -24.318 0.4000000060
130098  28.223  -76.678  -25.085 0.4000000060
130108  27.371  -72.287  -25.028 0.3000000119
2103  36.450  -75.663  -17.971 0.3000000119
130105  28.705  -75.023  -24.077 0.3000000119
2096  36.212  -75.587  -16.838 0.3000000119
2090  35.855  -75.427  -16.058 0.3000000119
2641  34.816  -74.433  -24.797 0.3000000119
6586  15.137  -66.098  -34.921 0.5000000000
7102  15.124  -64.855  -34.026 0.6000000238
13899  7.620  -54.749  -25.167 0.6999999881
13040  6.637  -55.539  -23.577 0.6999999881
14713  7.917  -53.885  -25.089 0.6999999881
13890  6.970  -54.022  -23.899 0.6000000238
15498  17.367  -52.718  -26.637 0.3000000119
15510  17.938  -52.530  -27.286 0.3000000119
2665  33.055  -74.552  -31.298 0.6000000238
132633  17.242  -66.292  -35.284 0.4000000060
6585  17.540  -65.603  -35.237 0.5000000000
8311  14.720  -62.875  -32.862 0.5000000000
8307  17.977  -62.058  -33.842 0.5000000000
8934  16.559  -61.830  -33.588 0.5000000000
8310  15.439  -62.381  -33.088 0.5000000000
8921  14.845  -61.767  -32.775 0.5000000000
8935  15.798  -61.591  -33.306 0.5000000000
8932  18.548  -61.372  -34.028 0.5000000000
136409  14.125  -61.527  -32.392 0.4000000060
9565  17.329  -60.645  -33.787 0.5000000000
149145  16.535  -61.087  -33.613 0.5000000000
8920  15.245  -60.962  -33.019 0.5000000000
9554  13.684  -61.032  -32.120 0.5000000000
9566  16.617  -60.341  -33.485 0.6000000238
9567  15.916  -60.613  -33.308 0.5000000000
9553  14.531  -60.775  -32.468 0.5000000000
10840  12.030  -58.347  -30.747 0.5000000000
9551  16.210  -59.633  -33.152 0.6000000238
10191  13.356  -59.711  -31.594 0.5000000000
10855  12.368  -58.899  -31.101 0.5000000000
9552  15.294  -60.143  -32.848 0.6000000238
10202  14.614  -59.723  -32.315 0.6000000238
10211  17.635  -59.311  -33.514 0.6000000238
10865  16.240  -58.519  -32.732 0.6000000238
10201  15.394  -59.178  -32.588 0.6000000238
10853  14.049  -58.212  -31.685 0.6000000238
11567  15.892  -57.763  -32.372 0.6000000238
145692  13.371  -57.929  -31.217 0.5000000000
12297  13.005  -57.287  -30.698 0.5000000000
10852  15.368  -58.280  -32.312 0.6000000238
10190  13.971  -59.249  -31.835 0.6000000238
148313  8.624  -57.655  -22.332 0.5000000000
130409  7.714  -56.738  -22.106 0.5000000000
147908  7.553  -57.082  -22.980 0.5000000000
137224  13.583  -56.528  -30.515 0.6000000238
11551  15.250  -57.411  -32.011 0.6000000238
12311  13.928  -57.209  -31.207 0.6000000238
149823  14.776  -58.038  -31.990 0.6000000238
12309  15.523  -56.511  -31.701 0.6000000238
17945  14.913  -50.216  -28.165 0.3000000119
140531  10.891  -50.285  -17.986 0.3000000119
130127  28.247  -73.987  -28.750 0.4000000060
130113  30.064  -74.633  -29.998 0.5000000000
1682  26.131  -78.139  -35.058 0.5000000000
143306  26.478  -77.188  -35.203 0.5000000000
148083  31.952  -74.598  -30.010 0.4000000060
156699  26.304  -76.321  -35.361 0.4000000060
133326  33.128  -73.764  -31.944 0.4000000060
2702  25.167  -74.035  -35.099 0.4000000060
3022  24.810  -73.745  -34.780 0.4000000060
2707  25.069  -74.575  -35.463 0.4000000060
2422  25.683  -75.863  -35.587 0.4000000060
3801  34.109  -70.878  -33.265 0.4000000060
149629  33.231  -72.125  -33.821 0.4000000060
3388  32.385  -72.714  -34.180 0.4000000060
156627  24.339  -72.843  -31.288 0.4000000060
3377  33.382  -72.327  -33.270 0.4000000060
2998  33.090  -73.152  -33.165 0.4000000060
3808  32.277  -71.384  -34.426 0.4000000060
3820  31.718  -70.876  -34.566 0.5000000000
12328  16.838  -56.727  -32.401 0.5000000000
12327  17.635  -56.418  -32.618 0.5000000000
12308  16.308  -56.180  -31.937 0.5000000000
12307  17.119  -55.875  -32.165 0.5000000000
13143  17.474  -55.114  -31.776 0.5000000000
13145  15.829  -55.691  -31.336 0.5000000000
13983  17.054  -54.746  -31.156 0.5000000000
12213  7.318  -56.052  -21.457 0.4000000060
13011  6.612  -55.222  -21.520 0.4000000060
13144  16.654  -55.416  -31.547 0.5000000000
12295  15.024  -55.986  -31.141 0.5000000000
155856  32.927  -74.853  -31.673 0.5000000000
2991  33.254  -73.041  -32.590 0.4000000060
3387  32.847  -71.959  -34.209 0.4000000060
143675  21.685  -83.753  -8.485 0.4000000060
361  21.621  -84.098  -9.169 0.4000000060
142307  20.411  -85.548  -13.207 0.4000000060
505  22.607  -82.951  -8.702 0.4000000060
353  22.203  -83.540  -8.823 0.4000000060
48  21.228  -85.253  -12.964 0.4000000060
360  22.445  -83.937  -9.442 0.4000000060
231  23.421  -84.678  -13.920 0.4000000060
139194  22.068  -85.068  -13.227 0.4000000060
228  21.239  -85.087  -12.021 0.4000000060
509  24.318  -82.623  -9.931 0.5000000000
352  22.989  -83.303  -9.107 0.5000000000
358  23.988  -83.499  -10.154 0.4000000060
359  23.257  -83.761  -9.758 0.4000000060
227  21.967  -85.040  -12.417 0.4000000060
508  24.664  -81.826  -9.927 0.5000000000
133497  25.418  -82.100  -10.864 0.5000000000
364  23.401  -84.076  -10.641 0.4000000060
365  22.605  -84.220  -10.268 0.4000000060
515  25.409  -82.592  -11.625 0.4000000060
513  24.563  -83.105  -10.631 0.4000000060
519  26.223  -82.720  -14.127 0.4000000060
135649  25.071  -83.734  -13.144 0.4000000060
132208  24.399  -84.066  -13.232 0.4000000060
226  23.158  -84.506  -12.635 0.4000000060
371  22.663  -84.456  -11.165 0.4000000060
377  25.027  -84.026  -14.027 0.4000000060
225  23.613  -84.386  -13.295 0.4000000060
136165  25.794  -82.410  -12.290 0.5000000000
518  25.374  -83.152  -12.516 0.4000000060
369  24.158  -83.837  -11.037 0.4000000060
370  23.441  -84.214  -11.708 0.4000000060
685  26.389  -81.885  -14.010 0.5000000000
517  26.050  -82.692  -13.065 0.4000000060
373  24.660  -83.767  -12.461 0.4000000060
139138  24.245  -83.938  -11.837 0.4000000060
1338  24.449  -79.821  -15.665 0.3000000119
130087  23.672  -79.518  -16.596 0.3000000119
148124  23.628  -77.859  -15.975 0.4000000060
140962  25.346  -79.812  -14.720 0.3000000119
1839  24.301  -77.420  -14.963 0.4000000060
1598  24.130  -78.281  -15.089 0.4000000060
145724  24.943  -79.503  -18.407 0.3000000119
149999  24.322  -78.676  -18.225 0.4000000060
149544  23.845  -78.405  -17.720 0.4000000060
130571  23.962  -76.696  -15.847 0.4000000060
130446  25.061  -77.417  -18.018 0.4000000060
130578  24.560  -76.710  -17.493 0.4000000060
130496  24.310  -76.093  -16.699 0.4000000060
2325  25.518  -75.029  -15.443 0.3000000119
868  26.265  -81.471  -14.699 0.3000000119
1838  25.506  -77.257  -14.320 0.3000000119
1597  24.808  -78.114  -14.537 0.4000000060
1350  26.346  -78.815  -17.801 0.4000000060
2088  24.796  -76.393  -14.859 0.3000000119
147971  25.412  -76.257  -17.567 0.4000000060
2104  26.257  -75.947  -17.365 0.4000000060
131298  25.485  -75.018  -16.631 0.4000000060
1081  26.146  -80.502  -14.341 0.4000000060
1328  24.752  -79.013  -14.687 0.4000000060
1102  26.065  -79.967  -17.850 0.4000000060
2087  25.741  -76.248  -14.442 0.3000000119
1345  27.216  -79.542  -17.113 0.4000000060
1094  27.008  -80.467  -17.230 0.4000000060
1086  28.842  -80.322  -16.138 0.4000000060
137868  28.207  -79.055  -16.440 0.4000000060
1613  26.160  -77.716  -17.866 0.4000000060
865  26.557  -81.148  -13.762 0.4000000060
144467  26.848  -80.615  -13.668 0.4000000060
1590  26.671  -78.669  -13.905 0.3000000119
1327  26.033  -79.441  -14.131 0.4000000060
1833  26.704  -77.694  -13.949 0.3000000119
1092  28.831  -80.762  -16.654 0.4000000060
151246  29.292  -81.115  -17.689 0.4000000060
137702  29.472  -80.731  -16.717 0.4000000060
1337  28.899  -79.556  -15.776 0.4000000060
1852  26.965  -77.160  -17.399 0.4000000060
679  25.959  -81.849  -11.661 0.4000000060
1077  27.534  -80.236  -13.366 0.3000000119
676  25.942  -81.703  -10.616 0.4000000060
682  26.218  -81.963  -12.618 0.4000000060
681  26.699  -81.505  -12.215 0.4000000060
684  26.619  -81.475  -13.097 0.4000000060
864  27.140  -80.868  -13.170 0.4000000060
3821  30.945  -71.108  -34.866 0.4000000060
151613  27.483  -78.663  -17.034 0.4000000060
59  20.916  -85.504  -13.662 0.4000000060
206  21.838  -84.335  -9.953 0.4000000060
219  22.633  -84.696  -12.038 0.4000000060
232  22.888  -84.887  -13.442 0.4000000060
354  21.177  -84.121  -8.643 0.5000000000
368  24.797  -83.338  -11.572 0.4000000060
374  23.916  -84.133  -12.529 0.4000000060
378  24.071  -84.361  -13.961 0.4000000060
510  23.696  -82.960  -9.516 0.4000000060
512  24.885  -82.326  -10.333 0.5000000000
520  25.640  -83.339  -13.557 0.4000000060
666  26.118  -81.479  -9.254 0.3000000119
671  28.087  -81.210  -9.721 0.3000000119
673  25.665  -81.598  -9.903 0.4000000060
675  26.861  -81.574  -10.448 0.4000000060
836  25.307  -80.753  -7.936 0.3000000119
837  24.076  -80.298  -9.597 0.4000000060
844  24.413  -79.404  -9.388 0.3000000119
846  22.080  -79.589  -9.302 0.3000000119
849  28.850  -80.741  -9.933 0.3000000119
869  25.345  -80.374  -15.206 0.3000000119
875  28.844  -81.094  -17.231 0.4000000060
881  30.664  -80.676  -18.124 0.5000000000
882  29.943  -80.898  -17.886 0.5000000000
905  30.004  -80.184  -20.745 0.4000000060
1043  23.285  -77.870  -6.628 0.3000000119
1044  22.306  -78.166  -7.353 0.3000000119
1047  29.552  -79.620  -7.627 0.3000000119
1053  29.203  -80.009  -8.175 0.3000000119
1054  24.071  -78.810  -9.770 0.3000000119
1055  22.914  -78.885  -9.798 0.3000000119
1059  29.062  -80.304  -9.133 0.3000000119
1068  28.938  -80.723  -11.822 0.4000000060
1078  26.744  -80.072  -13.808 0.4000000060
1100  31.099  -80.369  -17.667 0.5000000000
1109  31.006  -80.409  -19.683 0.4000000060
1110  30.363  -80.677  -19.914 0.4000000060
1113  31.128  -79.598  -20.866 0.4000000060
1114  30.473  -79.683  -21.142 0.4000000060
1116  28.958  -80.283  -21.665 0.3000000119
1124  30.155  -79.884  -23.119 0.3000000119
1135  31.153  -79.913  -25.996 0.3000000119
1142  30.205  -80.042  -27.050 0.4000000060
1149  28.586  -79.925  -28.787 0.3000000119
1157  27.336  -79.681  -31.288 0.4000000060
1280  24.271  -77.818  -7.267 0.3000000119
1282  23.141  -77.565  -7.596 0.3000000119
1287  24.343  -77.842  -8.277 0.3000000119
1291  29.830  -79.432  -8.175 0.3000000119
1292  24.272  -78.153  -9.109 0.3000000119
1293  23.755  -78.205  -9.505 0.3000000119
1299  24.167  -78.034  -9.180 0.3000000119
1319  28.165  -79.370  -13.273 0.4000000060
1326  29.826  -78.943  -15.147 0.5000000000
1329  23.813  -78.879  -15.765 0.4000000060
1335  30.244  -79.793  -15.301 0.5000000000
1342  32.096  -79.551  -16.931 0.4000000060
1344  28.031  -80.066  -16.459 0.4000000060
1356  32.224  -79.536  -19.414 0.4000000060
1358  31.713  -79.520  -20.601 0.4000000060
1365  32.747  -78.864  -22.363 0.3000000119
1366  32.197  -79.140  -21.979 0.3000000119
1367  31.845  -79.682  -23.197 0.4000000060
1385  31.668  -79.862  -25.276 0.3000000119
1389  32.248  -79.063  -26.208 0.4000000060
1406  27.798  -79.127  -30.509 0.4000000060
1412  27.416  -79.161  -31.894 0.4000000060
1415  27.618  -78.499  -33.263 0.5000000000
1557  23.994  -77.602  -7.747 0.3000000119
1558  23.637  -77.559  -8.172 0.3000000119
1585  32.939  -78.049  -13.672 0.3000000119
1588  29.906  -77.937  -12.983 0.3000000119
1594  32.723  -78.274  -14.303 0.3000000119
1595  30.302  -78.041  -14.427 0.4000000060
1596  25.708  -78.406  -14.182 0.4000000060
1607  33.196  -78.490  -16.563 0.3000000119
1609  27.246  -77.905  -17.314 0.4000000060
1612  33.905  -78.045  -17.664 0.3000000119
1617  34.056  -77.815  -20.379 0.3000000119
1618  33.449  -78.355  -20.441 0.3000000119
1620  33.093  -78.529  -21.823 0.3000000119
1623  33.956  -77.900  -22.797 0.3000000119
1624  33.362  -78.405  -22.600 0.3000000119
1635  34.258  -77.519  -25.091 0.3000000119
1636  33.548  -78.132  -25.518 0.3000000119
1637  32.895  -78.663  -25.855 0.3000000119
1655  32.025  -77.939  -27.554 0.3000000119
1656  31.191  -78.040  -27.648 0.4000000060
1657  30.375  -78.486  -27.748 0.4000000060
1658  29.672  -78.482  -27.877 0.4000000060
1660  28.156  -78.628  -28.810 0.3000000119
1668  27.656  -78.122  -30.635 0.4000000060
1829  30.243  -77.783  -13.703 0.4000000060
1830  29.695  -77.291  -13.587 0.4000000060
1848  27.842  -77.151  -16.743 0.5000000000
1850  35.122  -77.254  -17.646 0.3000000119
1851  34.499  -77.590  -17.302 0.3000000119
1853  26.145  -76.753  -17.687 0.4000000060
1858  34.722  -77.364  -20.740 0.3000000119
1876  34.126  -77.512  -26.047 0.3000000119
1879  34.558  -76.813  -26.641 0.3000000119
1882  27.161  -77.410  -26.231 0.4000000060
1902  32.837  -76.760  -27.835 0.4000000060
1903  32.122  -77.394  -27.620 0.4000000060
1904  30.295  -78.027  -27.729 0.3000000119
1913  33.394  -76.272  -28.234 0.4000000060
1925  27.603  -76.423  -31.500 0.5000000000
1930  27.872  -77.781  -33.641 0.6999999881
2078  29.202  -76.787  -13.846 0.4000000060
2079  28.598  -76.279  -14.090 0.4000000060
2080  27.829  -76.196  -13.964 0.4000000060
2081  26.727  -76.485  -14.113 0.3000000119
2085  28.592  -76.028  -14.636 0.5000000000
2092  29.228  -76.510  -14.921 0.5000000000
2097  35.885  -76.111  -16.387 0.3000000119
2099  27.175  -76.329  -16.978 0.4000000060
2100  26.729  -75.392  -16.668 0.5000000000
2107  35.820  -76.403  -19.825 0.3000000119
2111  36.060  -75.970  -22.229 0.3000000119
2119  35.905  -75.610  -23.540 0.3000000119
2137  25.638  -76.420  -27.690 0.4000000060
2141  25.931  -77.050  -28.996 0.4000000060
2142  25.718  -76.524  -28.451 0.3000000119
2149  26.129  -76.495  -29.614 0.4000000060
2165  32.463  -75.812  -30.924 0.6999999881
2166  31.709  -76.014  -31.109 0.6999999881
2181  28.680  -75.340  -32.280 0.6999999881
2186  29.533  -75.233  -32.490 0.6999999881
2323  27.098  -75.109  -14.833 0.4000000060
2324  26.289  -75.027  -14.826 0.4000000060
2326  24.713  -75.710  -15.623 0.3000000119
2333  26.932  -74.936  -15.646 0.4000000060
2337  36.065  -75.046  -16.458 0.3000000119
2339  26.146  -74.815  -16.321 0.4000000060
2344  25.809  -75.376  -17.107 0.4000000060
2348  36.048  -74.888  -20.624 0.3000000119
2350  36.149  -75.195  -22.214 0.3000000119
2370  25.945  -75.220  -28.948 0.4000000060
2371  25.616  -75.833  -28.298 0.4000000060
2374  26.215  -75.754  -29.723 0.3000000119
2379  27.426  -75.264  -30.799 0.6000000238
2385  32.833  -75.316  -31.313 0.6999999881
2396  32.489  -75.082  -32.103 0.5000000000
2406  31.885  -74.736  -32.807 0.6999999881
2408  30.116  -74.880  -33.001 0.8000000119
2423  24.959  -75.376  -35.693 0.4000000060
2595  26.050  -74.694  -15.366 0.4000000060
2603  26.251  -74.661  -15.659 0.4000000060
2613  25.713  -74.726  -15.944 0.4000000060
2635  36.024  -74.977  -22.887 0.3000000119
2670  32.937  -74.328  -32.149 0.5000000000
2683  32.105  -74.006  -33.435 0.6999999881
2684  30.647  -74.405  -33.688 0.6999999881
2701  25.748  -74.279  -35.008 0.6000000238
2971  34.856  -74.138  -23.869 0.3000000119
2989  24.696  -72.979  -31.827 0.4000000060
3016  31.048  -73.294  -34.540 0.6999999881
3038  28.839  -72.877  -34.914 0.6000000238
3378  33.012  -72.640  -33.793 0.4000000060
3410  29.910  -72.130  -35.229 0.6000000238
3770  24.830  -70.734  -27.431 0.8000000119
3780  25.010  -71.381  -30.090 0.6999999881
3797  17.073  -70.583  -31.549 0.6000000238
3812  25.226  -71.572  -34.439 0.5000000000
3822  30.212  -71.402  -35.200 0.6000000238
3841  27.050  -70.802  -35.518 0.5000000000
4184  24.737  -70.248  -25.980 0.8000000119
4199  25.262  -70.188  -28.179 0.8000000119
4220  23.732  -70.613  -32.502 0.6999999881
4244  18.046  -70.534  -33.976 0.6000000238
4267  23.861  -69.860  -35.759 0.6000000238
4627  25.225  -69.399  -27.319 0.6999999881
4645  23.596  -68.757  -30.643 0.6999999881
4646  16.642  -69.840  -30.364 0.6000000238
4656  16.905  -70.226  -31.210 0.6000000238
4663  22.649  -69.800  -32.532 0.6999999881
4673  21.233  -69.223  -33.562 0.6000000238
4697  23.141  -69.084  -35.579 0.6000000238
4709  26.786  -70.041  -36.119 0.5000000000
4710  25.784  -70.004  -36.227 0.6000000238
5098  24.503  -68.629  -28.366 0.8999999762
5116  18.051  -68.497  -30.161 0.6000000238
5161  26.328  -68.353  -36.497 0.6000000238
5163  23.822  -69.235  -36.042 0.6000000238
6113  24.253  -66.688  -35.708 0.6000000238
6581  22.701  -65.456  -34.580 0.5000000000
6583  19.086  -65.479  -35.553 0.6000000238
6590  27.778  -65.468  -36.091 0.6000000238
7016  24.862  -64.484  -29.404 0.5000000000
7092  12.968  -64.233  -33.770 0.5000000000
7120  27.414  -64.822  -35.724 0.5000000000
7664  22.152  -63.730  -29.430 0.5000000000
7684  23.502  -63.996  -32.098 0.6000000238
7698  23.614  -63.186  -32.520 0.6000000238
7711  15.609  -63.147  -33.125 0.6000000238
7727  24.420  -63.263  -33.604 0.6000000238
8273  21.799  -63.176  -29.770 0.5000000000
8282  21.901  -62.983  -30.705 0.5000000000
8288  22.866  -62.991  -32.079 0.6000000238
8297  13.907  -62.260  -32.624 0.5000000000
8305  24.904  -63.057  -32.877 0.6000000238
8308  17.081  -62.354  -33.703 0.6000000238
8309  16.229  -62.545  -33.398 0.6000000238
8326  21.524  -62.253  -34.388 0.6000000238
8327  19.478  -62.442  -34.234 0.6000000238
8328  18.536  -62.739  -34.073 0.6000000238
8333  22.059  -62.877  -34.539 0.6000000238
8900  21.949  -62.522  -29.103 0.5000000000
8922  13.541  -61.678  -32.343 0.5000000000
8933  17.211  -61.537  -33.801 0.5000000000
8940  23.523  -61.897  -33.378 0.5000000000
8943  20.913  -61.532  -34.267 0.6000000238
9550  23.428  -60.179  -32.461 0.5000000000
9561  22.918  -60.324  -33.622 0.6999999881
9574  20.035  -61.087  -34.260 0.6000000238
10192  12.640  -59.652  -31.372 0.5000000000
10199  23.306  -59.317  -32.614 0.5000000000
10203  13.889  -60.200  -31.925 0.5000000000
10207  21.661  -59.204  -34.020 0.6000000238
10212  17.112  -59.802  -33.497 0.6000000238
10854  13.211  -58.831  -31.391 0.5000000000
10864  17.020  -59.005  -33.205 0.6000000238
10866  14.678  -58.770  -32.156 0.6000000238
10876  21.800  -58.303  -33.686 0.5000000000
10879  18.565  -58.314  -33.567 0.6000000238
10880  17.780  -58.633  -33.378 0.6000000238
11498  7.811  -57.398  -26.262 0.6000000238
11539  12.252  -57.689  -30.501 0.6000000238
11550  16.049  -57.028  -32.216 0.6000000238
11552  14.553  -57.536  -31.678 0.6000000238
11553  12.696  -58.146  -30.978 0.5000000000
11564  18.194  -56.964  -33.051 0.6000000238
11565  17.388  -57.288  -32.813 0.6000000238
12211  16.530  -56.289  -21.868 0.4000000060
12212  15.884  -56.266  -21.927 0.4000000060
12217  17.057  -56.284  -22.130 0.4000000060
12218  16.299  -56.558  -22.334 0.4000000060
12224  15.867  -56.730  -23.051 0.4000000060
12225  15.192  -56.613  -23.176 0.6999999881
12226  14.509  -56.575  -23.762 0.6999999881
12232  14.021  -56.748  -24.544 0.6999999881
12239  17.034  -55.981  -24.990 0.6000000238
12241  15.287  -56.532  -25.080 0.6000000238
12242  14.362  -56.762  -25.159 0.6999999881
12243  13.421  -56.714  -25.270 0.6999999881
12244  12.452  -56.431  -25.647 0.8000000119
12255  8.776  -56.434  -27.144 0.6000000238
12267  11.432  -56.388  -27.864 0.6999999881
12269  9.402  -56.722  -27.664 0.6000000238
12274  12.821  -56.137  -28.377 0.6999999881
12285  13.994  -55.953  -30.270 0.6999999881
12296  14.290  -56.319  -30.876 0.6999999881
12310  14.749  -56.814  -31.468 0.6000000238
13009  16.339  -55.972  -21.624 0.4000000060
13010  15.734  -55.796  -21.773 0.4000000060
13012  6.236  -54.611  -21.024 0.5000000000
13024  15.089  -55.878  -22.217 0.4000000060
13025  14.328  -55.595  -22.936 0.6000000238
13026  6.581  -55.207  -22.469 0.5000000000
13038  13.905  -55.970  -23.527 0.6999999881
13051  17.648  -55.885  -24.574 0.5000000000
13053  6.660  -56.032  -24.097 0.6999999881
13068  7.099  -55.471  -24.853 0.8000000119
13077  17.278  -55.442  -26.316 0.5000000000
13082  10.573  -55.393  -26.391 0.6000000238
13085  8.050  -55.601  -26.291 0.6999999881
13095  15.326  -55.541  -27.335 0.8000000119
13107  15.829  -55.146  -27.973 0.6000000238
13108  15.369  -54.960  -28.733 0.6999999881
13852  16.773  -55.517  -21.625 0.4000000060
13853  16.100  -55.470  -21.619 0.4000000060
13865  17.246  -54.875  -21.872 0.4000000060
13876  14.519  -54.545  -23.017 0.6000000238
13877  13.884  -54.993  -23.205 0.6999999881
13878  13.443  -55.356  -23.713 0.6999999881
13879  6.730  -54.889  -23.639 0.8000000119
13880  6.602  -54.215  -22.967 0.5000000000
13888  12.894  -55.246  -24.418 0.6999999881
13900  7.060  -54.804  -24.398 0.8000000119
13911  9.658  -54.860  -26.268 0.6000000238
13913  8.038  -55.008  -25.867 0.6999999881
13953  18.053  -53.834  -30.154 0.5000000000
14666  6.293  -53.938  -21.637 0.5000000000
14679  16.416  -54.346  -22.303 0.4000000060
14681  6.574  -53.365  -22.592 0.5000000000
14691  15.453  -54.169  -22.930 0.5000000000
14703  12.909  -54.655  -24.697 0.8000000119
14704  7.516  -53.506  -24.459 0.6000000238
14709  14.976  -53.695  -25.844 0.6000000238
14712  8.416  -54.386  -25.629 0.6999999881
14720  13.075  -53.553  -26.706 0.6999999881
14733  14.443  -53.323  -27.543 0.5000000000
14736  12.268  -52.997  -26.898 0.6999999881
15458  6.566  -52.458  -22.280 0.5000000000
15468  7.274  -52.186  -23.606 0.5000000000
15480  7.118  -53.093  -23.820 0.6000000238
15499  16.540  -52.953  -26.928 0.3000000119
15502  10.058  -52.634  -25.789 0.6999999881
15503  8.712  -53.449  -25.411 0.6000000238
15511  17.059  -52.643  -27.640 0.3000000119
15516  12.815  -52.608  -27.474 0.6000000238
15527  14.845  -52.478  -28.387 0.6000000238
16258  7.222  -51.357  -22.976 0.5000000000
16270  9.259  -51.342  -24.804 0.6000000238
16272  7.917  -51.922  -24.221 0.6000000238
16278  10.430  -51.349  -25.560 0.6999999881
16280  9.048  -51.992  -25.041 0.6000000238
16285  19.245  -51.998  -27.080 0.3000000119
16288  11.625  -52.097  -26.550 0.6999999881
16300  13.177  -52.128  -27.836 0.6000000238
16301  12.659  -52.075  -27.457 0.6000000238
16315  15.400  -51.830  -28.761 0.4000000060
17018  12.866  -50.361  -18.616 0.4000000060
17019  12.232  -50.384  -18.298 0.4000000060
17023  12.249  -50.555  -18.836 0.5000000000
17060  9.067  -50.093  -23.958 0.6999999881
17066  9.983  -50.291  -24.774 0.6999999881
17068  8.838  -50.889  -24.239 0.8000000119
17084  12.278  -50.671  -26.838 0.5000000000
17086  10.982  -50.982  -25.811 0.6999999881
17109  15.997  -50.543  -28.888 0.3000000119
17110  14.347  -50.815  -28.120 0.4000000060
17827  11.311  -49.527  -17.463 0.3000000119
17828  10.442  -49.614  -17.643 0.3000000119
17831  14.270  -49.583  -18.605 0.4000000060
17834  11.805  -50.157  -17.840 0.3000000119
17844  15.210  -49.222  -19.524 0.3000000119
17846  13.649  -50.155  -19.205 0.4000000060
17848  11.815  -50.545  -19.402 0.5000000000
17849  10.741  -50.551  -19.109 0.5000000000
17862  12.323  -50.205  -20.174 0.6000000238
17886  9.145  -49.065  -22.869 0.6000000238
17898  8.747  -49.656  -23.250 0.6000000238
17903  10.379  -49.636  -24.667 0.6999999881
17916  12.474  -49.648  -26.369 0.4000000060
18659  15.268  -48.445  -18.553 0.3000000119
18660  13.935  -49.334  -17.984 0.4000000060
18671  15.013  -49.171  -18.855 0.3000000119
18681  11.118  -49.460  -20.880 0.5000000000
18682  10.295  -49.262  -21.023 0.5000000000
18694  11.904  -49.021  -21.306 0.6000000238
18697  9.558  -48.856  -21.622 0.6000000238
18717  11.490  -48.234  -24.477 0.6000000238
18718  10.883  -48.763  -24.424 0.6999999881
18730  13.221  -49.363  -26.767 0.4000000060
19526  14.135  -48.197  -21.948 0.4000000060
19527  13.157  -48.054  -22.084 0.4000000060
19539  12.682  -47.406  -22.556 0.4000000060
19540  11.592  -47.501  -22.812 0.4000000060
19549  11.020  -47.837  -23.124 0.5000000000
19553  12.399  -47.299  -24.415 0.5000000000
19554  11.775  -47.652  -24.176 0.6000000238
19555  11.206  -48.010  -23.871 0.6999999881
19561  13.471  -47.312  -25.386 0.5000000000
19569  14.580  -47.491  -26.296 0.4000000060
19571  13.158  -48.153  -25.811 0.6000000238
19580  15.745  -47.788  -27.117 0.3000000119
20404  12.878  -47.264  -17.699 0.4000000060
20425  12.948  -46.290  -18.872 0.3000000119
20453  14.323  -46.156  -23.640 0.3000000119
20454  12.865  -46.666  -23.518 0.4000000060
20479  13.861  -46.506  -24.978 0.4000000060
20499  16.039  -46.885  -26.791 0.3000000119
21363  12.142  -46.130  -18.888 0.3000000119
21418  14.739  -45.531  -23.967 0.3000000119
21419  13.600  -46.285  -23.741 0.3000000119
21420  13.389  -46.353  -23.946 0.4000000060
21452  14.324  -45.747  -24.692 0.3000000119
22382  14.642  -45.324  -24.450 0.3000000119
22398  14.482  -45.486  -24.535 0.3000000119
22412  14.912  -45.128  -24.807 0.3000000119
130089  23.547  -79.708  -17.458 0.3000000119
130090  23.828  -77.408  -17.056 0.4000000060
130092  22.865  -78.313  -9.459 0.3000000119
130096  26.523  -75.311  -24.085 0.4000000060
130099  29.275  -77.027  -25.964 0.3000000119
130100  26.634  -74.191  -23.575 0.3000000119
130112  31.535  -75.590  -30.327 0.6999999881
130119  30.027  -75.268  -30.681 0.6000000238
130123  32.291  -75.185  -30.037 0.6999999881
130125  31.691  -75.129  -30.079 0.4000000060
130128  32.112  -75.780  -30.382 0.6999999881
130162  6.636  -56.016  -23.588 0.6999999881
130163  6.644  -55.901  -23.011 0.6999999881
130489  24.496  -68.663  -24.978 0.8000000119
130546  33.026  -74.446  -30.712 0.6000000238
130547  25.571  -75.314  -26.382 0.4000000060
130638  32.898  -75.201  -30.503 0.6000000238
130643  24.093  -77.766  -8.727 0.3000000119
130654  31.153  -74.578  -29.970 0.4000000060
130656  23.505  -78.718  -17.056 0.3000000119
130699  6.774  -56.657  -24.127 0.6999999881
130716  29.094  -76.195  -24.961 0.4000000060
130738  25.076  -69.414  -25.972 0.8000000119
130843  30.449  -70.765  -35.092 0.4000000060
131230  22.171  -68.024  -34.753 0.6999999881
131239  17.328  -69.666  -35.140 0.6000000238
131612  23.172  -61.046  -31.211 0.5000000000
132330  15.725  -53.604  -25.120 0.4000000060
132363  23.360  -61.220  -32.314 0.5000000000
132550  13.322  -54.201  -25.007 0.6999999881
133126  17.842  -61.250  -33.954 0.5000000000
133164  23.872  -80.289  -16.976 0.3000000119
133351  35.645  -74.870  -24.005 0.3000000119
133937  6.828  -55.952  -24.560 0.6000000238
134672  32.688  -79.223  -19.117 0.4000000060
134750  12.875  -56.576  -30.075 0.6000000238
134879  35.217  -77.064  -22.254 0.3000000119
136169  33.081  -73.630  -32.553 0.5000000000
136239  18.018  -69.562  -32.553 0.5000000000
136306  30.541  -80.265  -23.969 0.3000000119
136339  29.515  -79.444  -28.096 0.3000000119
136706  33.448  -71.483  -33.725 0.4000000060
136799  26.847  -77.640  -27.149 0.3000000119
137228  36.027  -76.176  -20.655 0.3000000119
138134  23.561  -62.060  -32.655 0.6000000238
138840  24.118  -75.735  -35.710 0.5000000000
139220  29.705  -81.305  -19.210 0.4000000060
139269  34.776  -77.478  -18.939 0.3000000119
139523  18.632  -64.936  -35.340 0.6000000238
139857  23.442  -64.093  -34.254 0.5000000000
139950  25.142  -70.590  -30.461 0.8000000119
139978  20.751  -69.247  -32.911 0.5000000000
140112  19.949  -58.620  -34.034 0.6999999881
140215  32.337  -79.296  -20.235 0.4000000060
140465  15.062  -54.663  -22.411 0.5000000000
140713  6.586  -55.541  -23.148 0.6999999881
140914  24.035  -65.071  -34.796 0.5000000000
140921  11.205  -46.304  -18.172 0.3000000119
141395  24.996  -66.565  -36.133 0.5000000000
142109  21.806  -63.203  -28.937 0.5000000000
143354  24.996  -77.071  -35.558 0.5000000000
143396  10.841  -56.487  -28.275 0.6999999881
144405  17.609  -56.162  -23.657 0.5000000000
144734  27.731  -78.659  -31.776 0.4000000060
144931  22.514  -68.780  -34.994 0.6999999881
145299  26.284  -82.153  -13.394 0.5000000000
145428  29.719  -77.642  -15.124 0.4000000060
145902  10.914  -53.407  -26.090 0.6999999881
146228  15.356  -67.678  -35.218 0.6000000238
146264  25.496  -75.572  -14.848 0.3000000119
146529  33.279  -76.763  -27.948 0.3000000119
146928  13.145  -50.161  -20.029 0.5000000000
147319  7.038  -56.277  -25.164 0.6000000238
147972  25.261  -78.400  -18.263 0.4000000060
148035  16.059  -69.646  -28.269 0.5000000000
148052  25.003  -75.198  -16.289 0.4000000060
148054  26.123  -74.141  -27.076 0.4000000060
148068  25.954  -75.383  -24.743 0.4000000060
148069  25.642  -76.223  -26.740 0.4000000060
148071  24.248  -77.718  -17.804 0.4000000060
148094  16.243  -70.226  -28.498 0.6000000238
148102  26.705  -74.078  -27.999 0.5000000000
148115  23.171  -77.715  -8.841 0.3000000119
148123  31.659  -76.594  -27.219 0.4000000060
148135  24.997  -75.648  -17.132 0.4000000060
148321  8.186  -58.170  -23.954 0.5000000000
148378  10.412  -58.195  -29.676 0.5000000000
149249  32.158  -72.136  -34.475 0.6000000238
149378  7.286  -57.082  -25.556 0.6000000238
150417  30.483  -80.100  -26.408 0.4000000060
150849  7.686  -51.494  -23.609 0.5000000000
151420  13.575  -48.611  -26.425 0.6000000238
152058  10.998  -51.705  -26.060 0.6999999881
152522  15.345  -64.327  -33.557 0.6000000238
152588  22.551  -84.872  -12.750 0.4000000060
152856  33.258  -78.640  -19.377 0.4000000060
153103  26.269  -75.705  -14.450 0.3000000119
153209  25.057  -82.724  -10.966 0.4000000060
153457  12.573  -63.697  -33.573 0.6000000238
154101  35.624  -76.593  -16.679 0.3000000119
154128  24.559  -67.571  -36.190 0.5000000000
154475  19.466  -69.245  -32.876 0.6000000238
154653  24.411  -71.459  -33.380 0.6000000238
155264  21.653  -83.568  -8.088 0.5000000000
155600  7.007  -57.222  -24.363 0.6000000238
155948  20.915  -66.541  -35.416 0.6999999881
155997  35.438  -74.486  -23.736 0.3000000119
156238  10.154  -57.151  -28.546 0.6000000238
156641  29.726  -77.370  -26.695 0.4000000060
156722  31.194  -80.387  -18.366 0.4000000060
156779  12.955  -48.885  -26.206 0.4000000060
156817  19.521  -68.502  -34.989 0.5000000000
157524  25.954  -76.695  -26.333 0.4000000060
157534  28.097  -66.125  -36.210 0.5000000000
157548  8.307  -57.076  -26.913 0.6000000238
158020  35.654  -76.614  -22.018 0.3000000119
