#!ascii label  , from subject freesurfer vox2ras=TkReg
748
135953  24.360  -12.596  -36.594 0.1428571492
52479  23.684  -13.137  -36.308 0.1428571492
54709  24.187  -11.808  -37.900 0.1428571492
53542  25.183  -12.669  -35.867 0.1428571492
53568  24.796  -11.928  -37.357 0.2857142985
53558  23.414  -12.540  -36.844 0.1428571492
54699  25.809  -11.616  -36.899 0.1428571492
55780  24.481  -10.909  -38.948 0.5714285970
54707  26.281  -11.042  -37.523 0.1428571492
56849  27.344  -9.722  -38.601 0.2857142985
55768  26.909  -10.398  -37.980 0.2857142985
56860  27.817  -9.097  -39.063 0.1428571492
134671  28.179  -9.319  -38.262 0.2857142985
59375  28.967  -7.186  -40.896 0.2857142985
59376  28.414  -7.731  -40.880 0.1428571492
61581  30.057  -5.314  -42.207 0.2857142985
61572  29.632  -5.959  -41.735 0.2857142985
62601  30.205  -4.564  -43.636 0.2857142985
61589  29.778  -5.184  -43.185 0.2857142985
154077  30.673  -3.397  -45.527 0.2857142985
65477  30.449  -1.829  -47.612 0.8571428657
64555  30.377  -2.951  -46.931 0.4285714328
63552  30.393  -3.906  -45.085 0.2857142985
150823  29.936  0.074  -47.540 0.7142857313
133936  31.377  -0.539  -47.901 0.7142857313
66512  30.928  -1.231  -47.820 0.7142857313
64566  29.887  -2.456  -47.296 0.7142857313
69761  31.614  1.843  -47.811 0.8571428657
68673  31.149  1.029  -47.726 0.5714285970
68674  30.008  1.012  -47.542 0.8571428657
66513  30.420  -0.605  -47.676 0.7142857313
146089  29.997  -1.223  -47.597 0.7142857313
70835  32.392  4.022  -47.946 0.4285714328
143329  31.285  2.706  -47.649 0.7142857313
151437  30.663  1.942  -47.574 0.8571428657
73145  33.723  5.787  -49.214 0.2857142985
74273  33.139  6.064  -48.653 0.5714285970
71946  31.573  4.177  -47.714 0.8571428657
71955  32.114  4.805  -47.910 0.7142857313
70837  31.004  3.547  -47.636 0.8571428657
74300  33.923  7.059  -49.821 0.1428571492
153323  33.973  6.269  -49.668 0.1428571492
74287  33.584  6.573  -49.136 0.4285714328
73134  31.707  5.589  -48.014 0.5714285970
71956  31.158  4.893  -47.837 0.8571428657
76474  33.905  8.483  -50.966 0.1428571492
75381  34.244  7.198  -50.891 0.1428571492
75370  33.555  7.716  -49.486 0.1428571492
143008  33.453  7.237  -49.128 0.4285714328
73135  30.714  5.582  -48.146 0.8571428657
77614  33.512  9.947  -51.929 0.1428571492
141597  33.847  8.715  -51.650 0.1428571492
77606  33.635  9.401  -51.081 0.1428571492
76455  33.404  8.392  -49.501 0.1428571492
77585  33.284  9.108  -49.524 0.4285714328
75371  32.980  7.830  -48.842 0.5714285970
75358  32.104  7.305  -48.349 0.7142857313
73136  29.797  5.548  -48.660 0.8571428657
145721  33.446  10.219  -50.642 0.1428571492
79791  33.301  11.469  -51.000 0.1428571492
77597  33.164  10.455  -49.827 0.1428571492
77586  32.815  9.750  -49.199 0.5714285970
146863  31.413  7.825  -48.347 0.8571428657
74275  31.298  6.280  -48.164 0.8571428657
75359  31.064  7.046  -48.261 0.8571428657
79801  33.366  11.414  -51.821 0.1428571492
139761  33.304  11.977  -51.400 0.2857142985
78681  33.251  10.958  -50.467 0.1428571492
78670  32.862  11.247  -49.799 0.8571428657
77574  32.075  9.237  -48.597 0.8571428657
76446  32.135  8.293  -48.510 0.7142857313
77575  31.205  9.607  -48.570 0.8571428657
131142  32.909  13.926  -51.658 0.1428571492
82053  33.059  13.758  -52.608 0.1428571492
80929  32.740  12.907  -50.489 0.4285714328
80917  31.877  12.337  -49.479 0.8571428657
79769  32.166  11.538  -49.329 0.8571428657
78661  31.166  10.310  -48.695 0.8571428657
77576  30.383  9.217  -48.620 0.8571428657
82042  32.949  13.299  -51.222 0.4285714328
79770  31.110  11.742  -49.144 0.8571428657
78673  30.517  10.818  -48.895 0.8571428657
141528  29.523  10.754  -49.293 0.8571428657
83098  32.782  14.729  -52.248 0.1428571492
135066  32.701  15.150  -53.004 0.2857142985
83093  32.490  14.654  -51.275 0.5714285970
83087  31.950  14.618  -50.587 0.8571428657
82032  32.501  13.852  -50.713 0.8571428657
82026  31.601  13.144  -49.692 0.8571428657
153783  31.146  12.526  -49.422 0.8571428657
82027  30.670  13.036  -49.585 0.8571428657
79771  29.989  11.550  -49.265 0.8571428657
85132  32.390  16.554  -52.898 0.2857142985
84078  32.501  15.758  -52.375 0.7142857313
151753  32.429  15.313  -51.656 0.5714285970
84069  32.029  15.324  -51.012 0.8571428657
83089  30.167  14.392  -50.206 0.8571428657
141261  29.303  13.852  -50.250 0.8571428657
82028  29.914  12.818  -49.622 0.8571428657
85113  32.087  15.979  -51.525 0.8571428657
85115  30.669  16.547  -51.375 0.8571428657
84061  30.674  15.199  -50.523 0.8571428657
84072  29.284  15.687  -51.109 0.7142857313
146063  29.339  14.511  -50.496 0.7142857313
85126  31.621  17.083  -52.083 0.8571428657
86159  31.002  17.227  -51.807 0.8571428657
84071  30.221  15.877  -50.889 0.8571428657
86160  30.165  17.170  -51.751 0.8571428657
86170  29.587  17.706  -52.217 0.8571428657
85116  29.725  16.423  -51.417 0.7142857313
88106  31.156  19.225  -54.168 0.7142857313
87159  30.846  18.444  -52.742 0.8571428657
156486  30.610  19.372  -53.743 0.8571428657
87172  29.411  19.011  -53.037 0.8571428657
155817  29.010  20.435  -54.368 0.7142857313
87160  29.965  18.447  -52.582 0.8571428657
88155  30.275  20.152  -58.997 0.1428571492
88117  30.375  19.970  -54.432 0.8571428657
89121  30.056  20.547  -55.187 0.7142857313
89122  29.306  21.145  -55.498 0.7142857313
88107  29.866  19.587  -53.602 0.8571428657
89165  29.119  21.337  -60.115 0.1428571492
89136  29.737  21.236  -56.527 0.5714285970
90164  29.214  21.714  -57.094 0.5714285970
90166  27.601  22.326  -57.407 0.5714285970
90173  28.764  22.280  -58.668 0.1428571492
89178  27.535  21.288  -61.264 0.1428571492
90214  25.681  21.310  -61.065 0.1428571492
89195  25.286  20.446  -61.422 0.1428571492
91239  27.283  22.393  -59.816 0.1428571492
89179  24.542  20.490  -60.870 0.1428571492
91222  28.027  22.472  -58.208 0.5714285970
90200  24.921  20.964  -60.573 0.1428571492
136777  23.892  20.370  -60.884 0.1428571492
89180  24.090  20.694  -60.067 0.1428571492
52463  24.344  -13.357  -35.723 0.1428571492
52464  23.473  -13.664  -35.789 0.1428571492
54708  25.417  -11.405  -37.893 0.2857142985
156334  26.631  -11.231  -36.815 0.1428571492
55759  27.091  -10.769  -37.111 0.2857142985
55769  25.926  -10.838  -38.419 0.2857142985
137164  29.020  -7.451  -40.320 0.2857142985
59367  28.663  -7.910  -39.938 0.2857142985
58197  28.280  -8.515  -39.509 0.1428571492
62609  30.008  -4.509  -44.635 0.2857142985
65466  30.813  -2.310  -47.375 0.4285714328
63575  30.010  -3.592  -46.565 0.5714285970
69760  32.142  2.533  -47.925 0.2857142985
65478  29.529  -1.733  -47.456 0.7142857313
71954  32.948  4.525  -48.344 0.1428571492
70850  30.128  3.744  -47.901 0.8571428657
74274  32.246  6.345  -48.279 0.7142857313
78697  33.399  10.717  -52.287 0.1428571492
78671  32.484  10.697  -49.225 0.8571428657
77587  31.942  10.126  -48.717 0.8571428657
76448  30.110  8.439  -48.626 0.8571428657
146816  29.845  10.228  -48.969 0.8571428657
85125  32.124  16.582  -52.115 0.8571428657
87158  31.524  18.259  -53.139 0.8571428657
88126  31.239  19.459  -55.015 0.8571428657
89135  30.217  20.694  -55.989 0.7142857313
90172  29.420  21.746  -58.101 0.2857142985
91238  27.846  22.477  -59.139 0.1428571492
90213  26.564  21.510  -61.349 0.1428571492
89207  24.391  19.693  -62.575 0.1428571492
145815  22.922  -13.719  -35.689 0.1428571492
56861  27.045  -9.530  -39.519 0.2857142985
55779  26.398  -10.204  -39.079 0.4285714328
146172  25.586  -10.678  -39.157 0.2857142985
60513  30.001  -6.172  -40.797 0.2857142985
61571  30.377  -5.486  -41.268 0.2857142985
134606  28.963  -6.532  -42.285 0.2857142985
59386  28.558  -7.252  -41.771 0.2857142985
61582  29.384  -5.863  -42.745 0.2857142985
64556  29.670  -3.165  -46.888 0.7142857313
75391  34.129  7.919  -51.651 0.1428571492
147295  33.426  10.120  -52.750 0.1428571492
80949  33.322  12.212  -52.176 0.1428571492
80939  33.171  12.624  -51.317 0.2857142985
82052  33.205  13.127  -51.980 0.1428571492
79781  32.652  12.114  -49.917 0.8571428657
145525  30.561  7.766  -48.471 0.8571428657
151978  29.620  6.960  -48.964 1.0000000000
83106  32.829  14.377  -53.254 0.1428571492
84085  32.565  15.807  -53.354 0.1428571492
85139  32.459  16.556  -53.796 0.2857142985
150001  28.632  13.466  -50.519 0.8571428657
86180  32.263  17.235  -53.317 0.5714285970
87177  31.624  18.695  -54.684 0.5714285970
88127  30.708  20.089  -55.487 0.7142857313
89146  30.368  20.648  -56.942 0.4285714328
88145  30.743  19.879  -57.396 0.2857142985
89155  30.391  20.481  -57.859 0.2857142985
89156  30.060  20.958  -58.541 0.1428571492
90183  29.421  21.636  -59.146 0.1428571492
90184  28.671  22.134  -59.672 0.1428571492
90174  26.087  22.120  -58.487 0.2857142985
90197  28.225  21.784  -60.502 0.1428571492
136447  25.340  21.591  -60.179 0.1428571492
157819  25.168  21.482  -59.375 0.1428571492
90187  24.710  21.087  -59.674 0.1428571492
89194  26.159  20.756  -61.777 0.1428571492
89197  23.087  20.381  -61.030 0.1428571492
89181  23.250  20.449  -60.154 0.1428571492
89198  22.490  21.005  -61.249 0.1428571492
86187  32.315  17.320  -54.130 0.4285714328
86195  31.960  18.018  -55.190 0.4285714328
87184  31.592  18.694  -55.566 0.4285714328
88137  31.232  19.396  -55.988 0.4285714328
88138  30.780  20.029  -56.456 0.5714285970
53557  25.202  -12.191  -36.561 0.1428571492
53569  24.050  -12.230  -37.319 0.1428571492
52480  22.977  -13.217  -36.244 0.1428571492
54722  24.345  -11.341  -38.470 0.4285714328
54710  23.521  -11.869  -37.514 0.2857142985
54721  25.068  -11.173  -38.742 0.5714285970
60521  29.259  -6.640  -41.276 0.2857142985
137459  29.486  -0.478  -47.573 0.7142857313
70836  31.882  3.388  -47.739 0.8571428657
144651  30.364  2.862  -47.685 0.8571428657
73133  32.625  5.443  -48.281 0.5714285970
75357  32.981  6.912  -48.639 0.5714285970
77596  33.434  9.661  -50.025 0.2857142985
156418  34.131  7.925  -50.936 0.1428571492
79780  33.088  11.606  -50.320 0.5714285970
76447  31.131  8.644  -48.437 0.8571428657
78672  31.600  10.906  -48.905 0.8571428657
80916  32.287  12.818  -49.817 0.8571428657
83088  31.163  14.544  -50.258 0.8571428657
82033  31.762  13.928  -50.115 0.8571428657
82035  30.002  13.518  -49.811 0.8571428657
84070  31.274  15.871  -50.979 0.8571428657
86168  31.385  17.727  -52.451 0.8571428657
86169  30.521  17.841  -52.195 0.8571428657
89164  29.749  20.714  -59.518 0.1428571492
90165  28.613  22.244  -57.647 0.5714285970
90154  28.272  21.947  -56.627 0.5714285970
150031  26.544  20.243  -62.276 0.1428571492
91229  26.762  22.405  -59.207 0.4285714328
90199  26.102  22.035  -60.562 0.1428571492
89196  24.510  19.935  -61.477 0.1428571492
90185  27.907  22.321  -60.009 0.1428571492
90186  25.811  22.116  -59.528 0.1428571492
59365  30.190  -7.150  -39.436 0.1428571492
86181  31.993  17.878  -53.629 0.5714285970
55792  25.666  -10.229  -39.746 0.4285714328
60526  28.749  -6.413  -43.307 0.5714285970
135346  27.985  -6.715  -43.742 0.5714285970
59410  26.472  -6.937  -43.353 0.5714285970
59411  25.737  -6.923  -43.024 0.2857142985
60554  27.987  -6.191  -44.361 0.5714285970
60543  26.656  -6.400  -43.866 0.5714285970
59401  25.493  -7.430  -42.356 0.4285714328
60555  27.378  -6.330  -44.163 0.5714285970
60530  24.395  -6.278  -42.490 0.2857142985
61591  25.477  -5.777  -43.769 0.4285714328
62622  29.212  -4.703  -45.807 0.4285714328
61614  28.068  -5.244  -45.299 0.5714285970
61616  26.375  -4.924  -44.832 0.5714285970
62612  25.509  -4.693  -44.608 0.4285714328
62634  28.990  -4.280  -46.287 0.5714285970
62635  28.259  -4.120  -46.162 0.5714285970
61615  27.240  -5.147  -45.111 0.4285714328
145795  28.059  -3.512  -46.442 0.7142857313
63590  28.403  -2.969  -46.751 0.4285714328
60557  26.148  -5.954  -43.989 0.4285714328
61592  24.708  -5.486  -43.526 0.2857142985
61583  24.404  -5.713  -43.022 0.2857142985
62626  25.943  -4.248  -45.191 0.4285714328
63576  29.372  -3.736  -46.583 0.7142857313
157854  28.352  -1.737  -47.342 0.7142857313
141369  26.464  -1.663  -47.268 0.4285714328
66525  27.066  -0.485  -48.308 0.7142857313
66526  26.265  -0.328  -48.398 0.5714285970
67648  27.231  0.393  -48.971 0.7142857313
67649  26.600  0.269  -48.926 0.2857142985
156619  29.012  -2.092  -47.280 0.5714285970
65479  28.669  -1.445  -47.436 0.5714285970
66515  27.844  -1.095  -47.687 0.7142857313
142182  27.759  0.411  -48.694 0.7142857313
67656  27.304  1.064  -49.497 0.7142857313
68704  27.508  1.731  -49.750 0.7142857313
68705  27.073  1.633  -49.855 0.7142857313
68706  26.513  1.653  -49.832 0.4285714328
69795  26.926  2.828  -50.370 0.4285714328
67634  29.182  0.383  -47.747 0.5714285970
67635  28.481  -0.180  -47.890 0.5714285970
68688  28.990  1.342  -47.958 0.5714285970
68703  27.922  1.781  -49.569 0.5714285970
69786  27.765  2.384  -49.911 0.7142857313
69794  27.696  2.973  -50.216 0.7142857313
157576  28.235  4.564  -50.498 0.7142857313
70873  27.438  3.349  -50.436 0.7142857313
71984  27.238  4.025  -50.686 0.5714285970
73157  27.812  5.205  -51.030 0.5714285970
157545  30.776  4.246  -47.761 0.7142857313
70852  28.743  3.080  -49.051 0.5714285970
69777  28.275  2.323  -49.423 0.5714285970
70863  28.618  3.952  -49.539 0.7142857313
70864  28.085  3.177  -49.950 0.7142857313
73147  28.678  5.520  -50.267 0.8571428657
136156  26.432  3.289  -50.488 0.4285714328
74289  28.716  6.250  -50.310 0.7142857313
73156  28.306  5.670  -50.856 0.7142857313
75373  28.606  7.088  -50.226 0.7142857313
73167  27.838  5.967  -51.374 0.5714285970
74302  27.820  6.614  -51.401 0.7142857313
70851  29.320  3.888  -48.610 0.5714285970
135100  28.190  4.088  -50.310 0.7142857313
74277  29.583  6.338  -49.002 0.8571428657
75372  29.179  6.868  -49.510 0.8571428657
76466  28.392  8.086  -50.171 0.7142857313
75384  27.552  7.219  -51.564 0.5714285970
142035  27.486  8.838  -51.307 0.2857142985
76458  28.986  7.749  -49.506 0.7142857313
78683  27.516  10.476  -51.090 0.7142857313
75361  29.658  7.597  -48.880 0.7142857313
153619  28.890  8.478  -49.491 0.8571428657
79772  29.089  11.374  -49.663 0.8571428657
77589  28.595  9.049  -49.728 0.8571428657
77599  27.761  9.702  -50.810 0.5714285970
78682  28.099  10.494  -50.394 0.8571428657
79783  27.873  11.236  -50.615 0.8571428657
78663  29.765  9.575  -48.880 0.8571428657
78675  28.728  10.586  -49.765 0.8571428657
80931  27.657  12.033  -50.877 0.8571428657
80920  28.521  11.968  -50.169 0.8571428657
80930  29.123  12.958  -50.028 0.8571428657
82036  28.206  12.799  -50.624 0.7142857313
85127  29.205  16.928  -51.940 0.7142857313
85128  28.315  16.576  -52.306 0.7142857313
85129  27.555  16.172  -52.808 0.7142857313
86171  28.626  17.412  -52.444 0.7142857313
87161  28.982  18.265  -52.646 0.7142857313
87173  28.405  18.802  -53.163 0.8571428657
88109  27.844  19.345  -53.699 0.7142857313
85133  27.024  16.558  -53.470 0.7142857313
87178  26.887  18.925  -54.054 0.7142857313
88121  26.368  19.400  -54.584 0.7142857313
87179  26.134  18.473  -54.405 0.5714285970
88119  28.396  20.165  -54.123 0.7142857313
88120  27.301  19.811  -54.322 0.7142857313
88128  26.736  20.278  -54.888 0.4285714328
88122  25.642  19.080  -54.641 0.5714285970
89114  27.731  20.607  -54.703 0.5714285970
87180  25.530  18.133  -54.437 0.5714285970
89125  26.240  20.706  -55.528 0.5714285970
88129  25.863  19.957  -55.083 0.5714285970
87185  25.236  18.947  -54.567 0.5714285970
87181  25.014  18.490  -54.289 0.4285714328
86191  24.709  18.092  -53.796 0.5714285970
86190  25.207  17.547  -54.143 0.4285714328
88131  24.905  19.372  -54.539 0.5714285970
154159  24.090  18.277  -53.032 0.4285714328
86185  24.104  16.797  -52.952 0.4285714328
87182  24.641  18.917  -54.091 0.5714285970
88110  24.302  19.754  -53.400 0.4285714328
65476  31.268  -1.646  -47.697 0.2857142985
69775  29.490  3.003  -48.179 0.5714285970
130895  24.083  18.800  -52.899 0.4285714328
87162  23.819  18.601  -52.311 0.2857142985
59399  27.186  -7.738  -42.672 0.5714285970
58223  25.949  -8.217  -41.918 0.5714285970
61600  29.011  -5.578  -44.625 0.2857142985
60541  28.546  -6.116  -44.143 0.4285714328
59400  26.364  -7.553  -42.704 0.5714285970
62610  29.409  -4.988  -45.101 0.2857142985
62611  28.787  -5.219  -45.314 0.5714285970
131933  25.107  -6.795  -42.651 0.2857142985
61604  25.059  -5.151  -44.092 0.4285714328
62625  26.807  -4.423  -45.451 0.4285714328
62636  27.216  -3.704  -46.080 0.5714285970
62603  24.315  -4.823  -43.757 0.2857142985
62613  24.678  -4.443  -44.360 0.2857142985
64568  27.691  -2.320  -46.988 0.5714285970
66516  25.391  -0.763  -47.694 0.2857142985
67657  26.735  0.908  -49.506 0.7142857313
77577  29.744  8.957  -48.793 0.8571428657
145323  28.030  8.927  -50.497 0.7142857313
84073  28.477  15.356  -51.549 0.7142857313
85117  28.805  16.155  -51.692 0.7142857313
84074  27.865  15.050  -52.105 0.7142857313
86184  26.574  17.952  -53.975 0.7142857313
86189  25.636  17.106  -54.444 0.5714285970
137284  24.259  17.774  -53.234 0.2857142985
89113  28.704  20.756  -54.716 0.5714285970
89123  28.185  21.211  -55.252 0.5714285970
89124  27.178  21.016  -55.312 0.5714285970
88130  25.249  19.885  -54.983 0.5714285970
88132  24.811  20.298  -55.039 0.2857142985
63564  26.325  -3.826  -45.677 0.4285714328
61590  29.197  -5.778  -43.748 0.2857142985
69762  29.696  2.086  -47.761 0.7142857313
66514  29.050  -1.012  -47.466 0.5714285970
71957  30.098  4.700  -48.202 0.7142857313
73146  29.119  5.513  -49.472 0.7142857313
71969  29.152  4.757  -49.029 0.7142857313
78674  29.107  9.879  -49.375 0.7142857313
88108  28.884  19.566  -53.550 0.8571428657
64567  29.103  -2.723  -47.007 0.5714285970
82043  27.950  13.543  -51.100 0.7142857313
67647  28.371  0.723  -48.399 0.5714285970
60542  27.176  -6.884  -43.624 0.5714285970
60528  27.599  -7.277  -43.133 0.4285714328
60544  25.926  -6.393  -43.562 0.5714285970
60529  25.091  -6.223  -43.202 0.4285714328
61601  28.349  -5.698  -44.767 0.5714285970
60556  26.762  -5.720  -44.443 0.5714285970
61602  27.650  -5.737  -44.701 0.5714285970
61603  25.878  -5.409  -44.319 0.4285714328
62623  28.546  -4.733  -45.804 0.5714285970
62624  27.722  -4.578  -45.662 0.5714285970
62627  25.124  -3.986  -44.924 0.4285714328
63578  27.516  -2.970  -46.605 0.5714285970
156169  26.791  -2.955  -46.459 0.4285714328
65480  27.777  -1.721  -47.353 0.7142857313
65489  27.257  -1.196  -47.705 0.5714285970
65490  26.557  -1.046  -47.779 0.4285714328
65482  25.790  -1.321  -47.409 0.4285714328
64570  26.049  -1.969  -46.848 0.4285714328
149052  28.300  -0.830  -47.687 0.7142857313
66524  27.713  -0.303  -48.216 0.7142857313
66527  25.470  -0.226  -48.234 0.2857142985
150929  27.471  0.761  -49.166 0.7142857313
68690  27.744  1.118  -49.223 0.7142857313
68720  27.347  2.429  -50.101 0.7142857313
69776  28.894  2.235  -48.479 0.5714285970
70872  27.853  3.658  -50.396 0.7142857313
71982  27.978  4.444  -50.624 0.7142857313
71970  28.549  4.765  -50.071 0.5714285970
145355  28.284  4.982  -50.649 0.7142857313
71994  27.246  5.096  -51.200 0.2857142985
76467  27.739  8.033  -51.015 0.5714285970
76486  26.861  7.867  -52.000 0.2857142985
77598  28.341  9.784  -50.055 0.8571428657
86182  27.988  17.944  -52.906 0.7142857313
89126  25.516  20.655  -55.677 0.7142857313
87175  24.329  18.797  -53.516 0.4285714328
63553  24.316  -3.711  -44.635 0.1428571492
63580  25.209  -2.873  -45.848 0.4285714328
54723  23.660  -11.361  -38.143 0.4285714328
62591  30.463  -4.675  -42.665 0.1428571492
62600  30.857  -4.059  -43.108 0.1428571492
64546  30.585  -3.219  -46.277 0.1428571492
64545  31.066  -2.585  -46.674 0.1428571492
63542  30.607  -3.933  -44.084 0.1428571492
62590  31.176  -4.253  -42.225 0.1428571492
65456  31.654  -1.983  -46.109 0.1428571492
63551  31.010  -3.219  -44.569 0.1428571492
63541  31.230  -3.435  -43.499 0.1428571492
65465  31.502  -1.893  -47.117 0.1428571492
67632  31.756  0.250  -48.042 0.2857142985
68687  32.100  1.048  -48.147 0.1428571492
84063  28.885  14.933  -50.898 0.5714285970
91260  21.605  23.189  -61.002 0.1428571492
141870  27.520  12.777  -51.302 0.4285714328
91249  21.491  22.995  -60.060 0.1428571492
89168  23.259  20.379  -59.035 0.1428571492
83099  27.422  14.398  -52.532 0.4285714328
84079  28.029  15.768  -52.184 0.5714285970
84081  26.904  15.266  -53.853 0.4285714328
90169  23.891  21.674  -57.147 0.2857142985
89139  24.954  21.093  -56.930 0.2857142985
89137  25.848  21.082  -56.191 0.2857142985
89148  25.031  21.107  -57.330 0.2857142985
82082  25.656  13.907  -54.082 0.1428571492
140726  26.574  15.900  -54.310 0.5714285970
86183  27.148  17.475  -53.471 0.5714285970
138665  24.692  21.196  -56.319 0.2857142985
90146  26.684  21.369  -55.952 0.4285714328
83119  25.749  14.684  -54.623 0.4285714328
152953  25.886  16.756  -54.550 0.5714285970
84092  25.346  15.293  -54.409 0.4285714328
85142  25.055  15.980  -54.024 0.2857142985
133407  24.625  20.913  -54.772 0.1428571492
89127  24.716  21.118  -55.611 0.1428571492
84082  24.137  15.200  -52.932 0.1428571492
134160  24.737  16.963  -53.669 0.4285714328
89107  24.460  20.736  -53.962 0.1428571492
90147  24.540  21.638  -55.368 0.1428571492
149941  24.443  15.998  -53.290 0.2857142985
88098  24.136  19.546  -52.680 0.2857142985
88080  23.781  19.016  -51.059 0.1428571492
90136  24.542  21.567  -54.517 0.1428571492
89102  24.338  20.573  -53.183 0.1428571492
90118  24.458  21.252  -53.307 0.1428571492
90125  24.483  21.382  -53.812 0.1428571492
90106  24.401  20.849  -52.654 0.1428571492
55793  24.141  -10.392  -39.235 0.4285714328
58199  23.356  -8.862  -39.552 0.2857142985
62580  30.761  -4.833  -41.737 0.1428571492
64537  31.511  -2.525  -44.547 0.1428571492
65475  31.958  -1.260  -47.516 0.1428571492
82055  26.993  13.579  -52.979 0.2857142985
90153  29.034  21.547  -56.306 0.4285714328
90168  25.483  21.530  -57.818 0.2857142985
136072  24.411  21.529  -56.123 0.2857142985
89149  24.565  21.066  -57.565 0.2857142985
91200  24.522  22.185  -55.184 0.2857142985
56865  23.082  -9.427  -38.986 0.2857142985
58196  29.091  -8.190  -39.151 0.1428571492
58188  28.625  -8.748  -38.682 0.1428571492
66511  31.728  -1.012  -47.912 0.1428571492
83121  24.737  15.182  -53.660 0.1428571492
82044  27.003  12.921  -52.170 0.4285714328
83109  24.830  13.629  -53.528 0.2857142985
132223  25.995  17.521  -54.398 0.5714285970
90155  27.131  21.909  -56.578 0.4285714328
90158  24.104  21.907  -56.572 0.2857142985
89140  24.403  21.321  -56.924 0.2857142985
89157  24.842  21.166  -58.071 0.2857142985
89150  24.009  21.060  -57.614 0.2857142985
90176  23.296  21.399  -57.518 0.1428571492
91230  23.161  22.443  -57.498 0.1428571492
89169  22.417  20.536  -59.374 0.1428571492
91185  24.539  21.986  -54.294 0.2857142985
139753  24.302  22.085  -55.994 0.2857142985
90188  22.737  20.717  -58.053 0.1428571492
90189  21.821  21.065  -58.466 0.1428571492
89167  24.138  20.681  -58.991 0.1428571492
150967  32.352  1.764  -48.182 0.2857142985
91224  23.830  22.392  -56.931 0.2857142985
89158  24.319  20.839  -58.207 0.1428571492
56863  24.452  -9.862  -39.769 0.4285714328
55781  23.862  -10.855  -38.694 0.4285714328
67633  30.764  0.171  -47.658 0.4285714328
90145  27.652  21.558  -55.885 0.4285714328
90167  26.427  21.988  -57.411 0.2857142985
90175  25.316  21.579  -58.682 0.2857142985
84080  27.356  15.257  -52.919 0.4285714328
86172  27.723  17.036  -52.832 0.5714285970
90156  26.315  21.530  -56.605 0.2857142985
88123  24.530  19.831  -54.209 0.4285714328
83094  28.093  14.463  -51.516 0.5714285970
85134  26.370  16.890  -54.161 0.5714285970
134196  25.365  16.612  -54.316 0.5714285970
141498  25.106  20.897  -55.870 0.2857142985
63561  31.194  -2.717  -45.555 0.1428571492
63530  31.504  -3.630  -42.636 0.1428571492
65464  32.150  -1.358  -46.622 0.1428571492
157737  26.647  13.366  -53.959 0.2857142985
89138  25.275  21.017  -56.522 0.2857142985
90157  25.630  21.334  -56.967 0.2857142985
83118  26.079  14.818  -54.991 0.2857142985
84090  26.185  15.477  -54.923 0.4285714328
84091  25.761  15.526  -54.940 0.4285714328
83120  25.162  14.485  -53.939 0.2857142985
85140  26.041  16.146  -54.771 0.5714285970
152657  25.468  15.940  -54.617 0.5714285970
145674  26.627  12.807  -53.367 0.2857142985
89159  23.616  20.622  -58.157 0.2857142985
90177  22.422  21.787  -57.624 0.1428571492
71995  26.962  4.546  -50.958 0.4285714328
75392  27.106  7.218  -51.903 0.2857142985
92284  24.560  22.717  -55.566 0.1428571492
91216  24.144  22.602  -56.582 0.1428571492
92298  24.557  23.231  -56.038 0.1428571492
91173  24.651  21.955  -53.398 0.1428571492
92283  24.787  23.013  -55.163 0.1428571492
91210  24.404  22.535  -55.944 0.1428571492
91184  24.599  22.202  -54.064 0.1428571492
92267  24.817  22.695  -54.487 0.1428571492
91199  24.648  22.449  -54.766 0.1428571492
93314  24.554  24.038  -56.526 0.1428571492
92266  25.267  23.151  -54.111 0.1428571492
93297  24.734  23.489  -55.702 0.1428571492
74312  27.363  6.473  -51.764 0.2857142985
91183  24.880  22.463  -53.768 0.1428571492
93313  25.004  24.162  -55.729 0.1428571492
93327  24.387  24.292  -57.516 0.1428571492
63562  30.214  -3.857  -45.966 0.2857142985
134812  23.943  22.900  -57.189 0.1428571492
92299  24.353  22.955  -56.397 0.1428571492
92309  24.142  23.147  -57.155 0.1428571492
92282  25.106  23.462  -54.985 0.1428571492
63563  29.618  -4.154  -46.206 0.4285714328
58222  26.506  -8.585  -41.633 0.4285714328
58209  27.334  -8.767  -40.791 0.2857142985
58208  27.991  -8.341  -40.373 0.1428571492
59388  27.501  -8.109  -42.017 0.2857142985
58220  27.753  -8.257  -41.239 0.1428571492
59398  27.911  -7.633  -42.421 0.2857142985
56874  26.165  -9.414  -40.686 0.2857142985
60527  28.323  -7.065  -42.850 0.2857142985
56887  26.030  -8.910  -41.275 0.4285714328
59387  28.056  -7.852  -41.702 0.1428571492
58198  27.532  -8.911  -39.931 0.1428571492
58233  26.775  -8.206  -42.171 0.2857142985
144337  26.524  15.012  -54.643 0.2857142985
58210  26.670  -8.983  -41.104 0.2857142985
56876  24.687  -9.305  -40.361 0.2857142985
56875  25.434  -9.274  -40.729 0.2857142985
136671  24.288  -8.680  -40.453 0.2857142985
58211  25.463  -8.630  -41.306 0.2857142985
64558  26.280  -2.553  -46.523 0.2857142985
65467  25.299  -1.738  -46.778 0.2857142985
67658  25.945  1.074  -49.456 0.1428571492
134861  25.897  1.848  -49.781 0.2857142985
70884  26.649  3.970  -50.753 0.1428571492
74327  26.612  6.782  -51.893 0.1428571492
76476  26.852  8.741  -51.937 0.1428571492
78689  26.887  10.488  -51.794 0.1428571492
144649  26.340  9.090  -52.341 0.1428571492
78690  26.321  10.579  -52.452 0.1428571492
146519  26.218  13.046  -53.967 0.1428571492
83107  26.349  14.308  -54.818 0.1428571492
80964  25.245  13.060  -53.619 0.1428571492
82068  26.334  13.625  -54.540 0.1428571492
86173  23.809  17.667  -52.593 0.1428571492
85136  23.644  16.449  -52.413 0.1428571492
87163  23.501  17.742  -51.940 0.1428571492
56850  23.460  -10.172  -38.842 0.2857142985
131505  25.720  -9.762  -40.282 0.1428571492
79802  26.169  11.452  -52.837 0.1428571492
83108  26.159  14.172  -54.533 0.1428571492
55782  23.186  -10.694  -38.273 0.2857142985
63565  25.561  -3.576  -45.523 0.2857142985
156748  24.865  -2.165  -46.188 0.2857142985
69787  25.535  2.481  -49.870 0.1428571492
71996  26.215  4.530  -51.064 0.1428571492
73169  26.254  5.269  -51.416 0.1428571492
73168  26.876  5.528  -51.548 0.1428571492
74328  25.954  6.899  -51.949 0.1428571492
75403  26.190  7.577  -52.129 0.1428571492
76487  26.396  8.281  -52.235 0.1428571492
142337  25.975  9.030  -52.491 0.1428571492
80941  26.598  12.101  -52.683 0.1428571492
80963  25.381  12.513  -53.524 0.1428571492
155656  23.360  16.851  -52.025 0.1428571492
56862  25.139  -9.891  -40.100 0.2857142985
68722  26.311  2.458  -50.121 0.1428571492
77607  27.210  9.652  -51.577 0.1428571492
84083  23.565  15.425  -52.332 0.1428571492
63566  24.733  -3.313  -45.283 0.1428571492
79793  26.654  11.318  -52.131 0.1428571492
56877  24.044  -9.116  -39.927 0.2857142985
65468  24.562  -1.439  -46.544 0.1428571492
77608  26.588  9.706  -52.176 0.1428571492
75404  25.458  7.735  -52.232 0.1428571492
56839  22.262  -9.566  -38.038 0.1428571492
56851  22.817  -9.940  -38.420 0.1428571492
155045  21.862  -9.088  -37.794 0.1428571492
58189  22.590  -9.267  -38.572 0.1428571492
58224  24.184  -7.914  -40.875 0.1428571492
70849  32.730  3.229  -48.180 0.1428571492
139168  33.359  2.819  -48.658 0.1428571492
85146  32.130  17.180  -55.578 0.1428571492
54724  22.962  -11.286  -37.695 0.1428571492
58213  23.692  -8.350  -40.178 0.1428571492
59389  25.009  -7.912  -41.581 0.1428571492
60522  24.037  -6.659  -41.761 0.1428571492
85145  32.394  16.576  -54.833 0.1428571492
86198  31.726  17.843  -56.040 0.1428571492
60531  23.599  -6.007  -42.002 0.1428571492
156533  32.876  3.882  -48.278 0.1428571492
59402  24.736  -7.078  -42.073 0.1428571492
56864  23.734  -9.663  -39.405 0.1428571492
55770  22.453  -10.457  -37.736 0.1428571492
59390  24.335  -7.334  -41.488 0.1428571492
58212  24.829  -8.673  -40.930 0.2857142985
58221  27.119  -8.552  -41.547 0.2857142985
62602  29.600  -5.133  -44.191 0.2857142985
62621  29.817  -4.408  -45.545 0.4285714328
63577  28.730  -3.691  -46.529 0.7142857313
63579  26.131  -3.140  -46.081 0.2857142985
64557  29.081  -3.285  -46.762 0.4285714328
64559  25.619  -2.414  -46.384 0.2857142985
64569  26.842  -2.306  -46.871 0.4285714328
65481  27.095  -1.713  -47.348 0.4285714328
65491  25.910  -0.720  -47.901 0.4285714328
67631  32.240  -0.290  -48.061 0.2857142985
68689  28.342  1.547  -48.878 0.5714285970
68721  26.874  2.176  -50.059 0.7142857313
69774  32.890  2.242  -48.421 0.2857142985
70848  33.390  3.690  -48.685 0.1428571492
70874  26.983  3.500  -50.574 0.4285714328
71983  27.513  4.588  -50.830 0.4285714328
73132  33.359  5.222  -48.758 0.5714285970
74276  30.410  6.305  -48.448 0.8571428657
74288  29.060  6.093  -49.737 0.8571428657
74301  28.254  6.425  -50.913 0.7142857313
74326  26.996  6.759  -51.886 0.2857142985
74329  25.211  6.995  -51.930 0.1428571492
75360  30.123  7.002  -48.636 1.0000000000
75382  33.872  7.966  -50.256 0.1428571492
75383  28.039  7.225  -50.891 0.5714285970
75402  26.741  7.381  -51.969 0.2857142985
76456  32.838  8.792  -48.939 0.4285714328
76457  29.407  8.390  -49.030 0.8571428657
76465  33.620  8.846  -50.215 0.1428571492
76475  27.251  7.955  -51.717 0.2857142985
76485  33.700  9.208  -51.994 0.1428571492
76488  25.740  8.475  -52.412 0.1428571492
77588  29.232  9.068  -49.190 0.8571428657
78662  30.468  9.979  -48.716 0.8571428657
78688  33.410  10.688  -51.346 0.1428571492
78698  25.813  10.851  -52.797 0.1428571492
79782  28.451  11.138  -50.104 0.8571428657
79792  27.263  11.268  -51.354 0.1428571492
80918  30.377  12.314  -49.407 0.8571428657
80919  29.479  12.178  -49.632 0.8571428657
80928  33.115  12.139  -50.696 0.5714285970
80940  27.070  12.071  -51.718 0.4285714328
82025  32.236  13.374  -50.054 0.8571428657
82034  30.914  13.799  -49.850 0.8571428657
82054  27.444  13.709  -51.937 0.5714285970
82069  25.931  13.318  -54.095 0.1428571492
83090  28.658  14.158  -50.725 0.8571428657
83100  26.825  14.314  -53.876 0.4285714328
84060  31.441  15.132  -50.639 0.8571428657
84062  29.743  15.142  -50.603 0.7142857313
84086  27.050  15.832  -53.425 0.4285714328
85114  31.500  16.582  -51.602 0.8571428657
85130  23.343  16.043  -52.012 0.1428571492
85135  23.947  15.962  -52.736 0.2857142985
85141  25.688  16.331  -54.756 0.5714285970
86167  32.027  17.196  -52.594 0.5714285970
86188  32.016  18.017  -54.391 0.4285714328
86194  32.235  17.451  -54.834 0.4285714328
87170  31.589  18.524  -53.890 0.5714285970
87171  30.324  19.001  -53.155 0.8571428657
87174  27.442  18.429  -53.518 0.7142857313
88118  29.369  20.131  -54.058 0.7142857313
88144  31.165  19.247  -56.938 0.4285714328
89112  29.494  20.529  -54.693 0.7142857313
89147  29.957  21.208  -57.502 0.2857142985
89166  24.742  21.065  -58.816 0.1428571492
89193  26.960  20.760  -61.961 0.1428571492
90144  28.507  21.512  -55.891 0.5714285970
90198  27.174  22.107  -60.597 0.1428571492
91223  27.114  22.410  -58.283 0.5714285970
91240  26.589  22.337  -59.989 0.1428571492
133807  26.749  4.984  -51.235 0.2857142985
135241  28.412  -2.270  -47.104 0.7142857313
138411  27.647  4.026  -50.590 0.5714285970
140627  31.065  18.867  -53.438 0.7142857313
141993  31.912  17.707  -52.986 0.8571428657
142068  27.357  5.721  -51.526 0.5714285970
147241  22.478  20.479  -58.667 0.1428571492
149744  24.757  -11.572  -38.118 0.4285714328
153226  22.496  -12.930  -36.127 0.1428571492
153681  26.955  -7.327  -43.166 0.5714285970
153995  27.464  13.242  -51.596 0.4285714328
154478  24.929  -10.553  -39.465 0.2857142985
155704  31.682  6.749  -48.225 0.7142857313
156576  33.520  10.070  -51.247 0.1428571492
156663  26.321  0.649  -49.242 0.1428571492
157377  30.344  20.328  -58.437 0.1428571492
