#!ascii label  , from subject freesurfer vox2ras=TkReg
310
71970  28.549  4.765  -50.071 0.0000000000
62611  28.787  -5.219  -45.314 0.0000000000
78683  27.516  10.476  -51.090 0.0000000000
87185  25.236  18.947  -54.567 0.0000000000
60542  27.176  -6.884  -43.624 0.0000000000
83089  30.167  14.392  -50.206 0.0000000000
86160  30.165  17.170  -51.751 0.0000000000
68705  27.073  1.633  -49.855 0.0000000000
149052  28.300  -0.830  -47.687 0.0000000000
69762  29.696  2.086  -47.761 0.0000000000
146863  31.413  7.825  -48.347 0.0000000000
71955  32.114  4.805  -47.910 0.0000000000
76466  28.392  8.086  -50.171 0.0000000000
78673  30.517  10.818  -48.895 0.0000000000
86184  26.574  17.952  -53.975 0.0000000000
88107  29.866  19.587  -53.602 0.0000000000
63575  30.010  -3.592  -46.565 0.0000000000
84073  28.477  15.356  -51.549 0.0000000000
85128  28.315  16.576  -52.306 0.0000000000
69794  27.696  2.973  -50.216 0.0000000000
68703  27.922  1.781  -49.569 0.0000000000
70852  28.743  3.080  -49.051 0.0000000000
60554  27.987  -6.191  -44.361 0.0000000000
145323  28.030  8.927  -50.497 0.0000000000
78663  29.765  9.575  -48.880 0.0000000000
78675  28.728  10.586  -49.765 0.0000000000
84069  32.029  15.324  -51.012 0.0000000000
82032  32.501  13.852  -50.713 0.0000000000
87182  24.641  18.917  -54.091 0.0000000000
134196  25.365  16.612  -54.316 0.0000000000
87179  26.134  18.473  -54.405 0.0000000000
91222  28.027  22.472  -58.208 0.0000000000
90164  29.214  21.714  -57.094 0.0000000000
89113  28.704  20.756  -54.716 0.0000000000
89135  30.217  20.694  -55.989 0.0000000000
88126  31.239  19.459  -55.015 0.0000000000
146089  29.997  -1.223  -47.597 0.0000000000
156619  29.012  -2.092  -47.280 0.0000000000
59400  26.364  -7.553  -42.704 0.0000000000
80920  28.521  11.968  -50.169 0.0000000000
150001  28.632  13.466  -50.519 0.0000000000
84071  30.221  15.877  -50.889 0.0000000000
85126  31.621  17.083  -52.083 0.0000000000
66526  26.265  -0.328  -48.398 0.0000000000
150929  27.471  0.761  -49.166 0.0000000000
67647  28.371  0.723  -48.399 0.0000000000
150823  29.936  0.074  -47.540 0.0000000000
74277  29.583  6.338  -49.002 0.0000000000
71957  30.098  4.700  -48.202 0.0000000000
74274  32.246  6.345  -48.279 0.0000000000
71982  27.978  4.444  -50.624 0.0000000000
73167  27.838  5.967  -51.374 0.0000000000
74289  28.716  6.250  -50.310 0.0000000000
75361  29.658  7.597  -48.880 0.0000000000
77575  31.205  9.607  -48.570 0.0000000000
78671  32.484  10.697  -49.225 0.0000000000
153783  31.146  12.526  -49.422 0.0000000000
79781  32.652  12.114  -49.917 0.0000000000
140726  26.574  15.900  -54.310 0.0000000000
89125  26.240  20.706  -55.528 0.0000000000
88120  27.301  19.811  -54.322 0.0000000000
88109  27.844  19.345  -53.699 0.0000000000
86182  27.988  17.944  -52.906 0.0000000000
87160  29.965  18.447  -52.582 0.0000000000
87158  31.524  18.259  -53.139 0.0000000000
62635  28.259  -4.120  -46.162 0.0000000000
65480  27.777  -1.721  -47.353 0.0000000000
70837  31.004  3.547  -47.636 0.0000000000
69761  31.614  1.843  -47.811 0.0000000000
84079  28.029  15.768  -52.184 0.0000000000
85129  27.555  16.172  -52.808 0.0000000000
135100  28.190  4.088  -50.310 0.0000000000
70864  28.085  3.177  -49.950 0.0000000000
70863  28.618  3.952  -49.539 0.0000000000
58223  25.949  -8.217  -41.918 0.0000000000
61601  28.349  -5.698  -44.767 0.0000000000
77599  27.761  9.702  -50.810 0.0000000000
77598  28.341  9.784  -50.055 0.0000000000
78682  28.099  10.494  -50.394 0.0000000000
84078  32.501  15.758  -52.375 0.0000000000
151753  32.429  15.313  -51.656 0.0000000000
86191  24.709  18.092  -53.796 0.0000000000
87180  25.530  18.133  -54.437 0.0000000000
88122  25.642  19.080  -54.641 0.0000000000
89136  29.737  21.236  -56.527 0.0000000000
88138  30.780  20.029  -56.456 0.0000000000
66512  30.928  -1.231  -47.820 0.0000000000
65477  30.449  -1.829  -47.612 0.0000000000
61616  26.375  -4.924  -44.832 0.0000000000
82036  28.206  12.799  -50.624 0.0000000000
82043  27.950  13.543  -51.100 0.0000000000
85116  29.725  16.423  -51.417 0.0000000000
84072  29.284  15.687  -51.109 0.0000000000
85115  30.669  16.547  -51.375 0.0000000000
86159  31.002  17.227  -51.807 0.0000000000
88132  24.811  20.298  -55.039 0.0000000000
67657  26.735  0.908  -49.506 0.0000000000
67656  27.304  1.064  -49.497 0.0000000000
69776  28.894  2.235  -48.479 0.0000000000
68688  28.990  1.342  -47.958 0.0000000000
67634  29.182  0.383  -47.747 0.0000000000
68674  30.008  1.012  -47.542 0.0000000000
59410  26.472  -6.937  -43.353 0.0000000000
59399  27.186  -7.738  -42.672 0.0000000000
75359  31.064  7.046  -48.261 0.0000000000
74275  31.298  6.280  -48.164 0.0000000000
75358  32.104  7.305  -48.349 0.0000000000
71984  27.238  4.025  -50.686 0.0000000000
75384  27.552  7.219  -51.564 0.0000000000
74302  27.820  6.614  -51.401 0.0000000000
73156  28.306  5.670  -50.856 0.0000000000
75373  28.606  7.088  -50.226 0.0000000000
75372  29.179  6.868  -49.510 0.0000000000
76458  28.986  7.749  -49.506 0.0000000000
146816  29.845  10.228  -48.969 0.0000000000
77576  30.383  9.217  -48.620 0.0000000000
78661  31.166  10.310  -48.695 0.0000000000
77587  31.942  10.126  -48.717 0.0000000000
78672  31.600  10.906  -48.905 0.0000000000
82035  30.002  13.518  -49.811 0.0000000000
82028  29.914  12.818  -49.622 0.0000000000
82027  30.670  13.036  -49.585 0.0000000000
80916  32.287  12.818  -49.817 0.0000000000
79780  33.088  11.606  -50.320 0.0000000000
132223  25.995  17.521  -54.398 0.0000000000
152657  25.468  15.940  -54.617 0.0000000000
152953  25.886  16.756  -54.550 0.0000000000
85140  26.041  16.146  -54.771 0.0000000000
85134  26.370  16.890  -54.161 0.0000000000
90166  27.601  22.326  -57.407 0.0000000000
89124  27.178  21.016  -55.312 0.0000000000
89114  27.731  20.607  -54.703 0.0000000000
155817  29.010  20.435  -54.368 0.0000000000
88119  28.396  20.165  -54.123 0.0000000000
88108  28.884  19.566  -53.550 0.0000000000
87173  28.405  18.802  -53.163 0.0000000000
87161  28.982  18.265  -52.646 0.0000000000
87172  29.411  19.011  -53.037 0.0000000000
88106  31.156  19.225  -54.168 0.0000000000
87177  31.624  18.695  -54.684 0.0000000000
86181  31.993  17.878  -53.629 0.0000000000
62636  27.216  -3.704  -46.080 0.0000000000
66525  27.066  -0.485  -48.308 0.0000000000
65489  27.257  -1.196  -47.705 0.0000000000
66515  27.844  -1.095  -47.687 0.0000000000
64556  29.670  -3.165  -46.888 0.0000000000
64567  29.103  -2.723  -47.007 0.0000000000
63576  29.372  -3.736  -46.583 0.0000000000
71956  31.158  4.893  -47.837 0.0000000000
157545  30.776  4.246  -47.761 0.0000000000
71946  31.573  4.177  -47.714 0.0000000000
83094  28.093  14.463  -51.516 0.0000000000
84074  27.865  15.050  -52.105 0.0000000000
85117  28.805  16.155  -51.692 0.0000000000
85127  29.205  16.928  -51.940 0.0000000000
68720  27.347  2.429  -50.101 0.0000000000
68704  27.508  1.731  -49.750 0.0000000000
69786  27.765  2.384  -49.911 0.0000000000
69777  28.275  2.323  -49.423 0.0000000000
69775  29.490  3.003  -48.179 0.0000000000
60555  27.378  -6.330  -44.163 0.0000000000
135346  27.985  -6.715  -43.742 0.0000000000
60526  28.749  -6.413  -43.307 0.0000000000
76446  32.135  8.293  -48.510 0.0000000000
75371  32.980  7.830  -48.842 0.0000000000
76467  27.739  8.033  -51.015 0.0000000000
153619  28.890  8.478  -49.491 0.0000000000
77589  28.595  9.049  -49.728 0.0000000000
78674  29.107  9.879  -49.375 0.0000000000
141528  29.523  10.754  -49.293 0.0000000000
83088  31.163  14.544  -50.258 0.0000000000
82033  31.762  13.928  -50.115 0.0000000000
83087  31.950  14.618  -50.587 0.0000000000
83093  32.490  14.654  -51.275 0.0000000000
86189  25.636  17.106  -54.444 0.0000000000
90165  28.613  22.244  -57.647 0.0000000000
90154  28.272  21.947  -56.627 0.0000000000
89123  28.185  21.211  -55.252 0.0000000000
89122  29.306  21.145  -55.498 0.0000000000
89121  30.056  20.547  -55.187 0.0000000000
88117  30.375  19.970  -54.432 0.0000000000
88127  30.708  20.089  -55.487 0.0000000000
66514  29.050  -1.012  -47.466 0.0000000000
65479  28.669  -1.445  -47.436 0.0000000000
65478  29.529  -1.733  -47.456 0.0000000000
64566  29.887  -2.456  -47.296 0.0000000000
59401  25.493  -7.430  -42.356 0.0000000000
60544  25.926  -6.393  -43.562 0.0000000000
60543  26.656  -6.400  -43.866 0.0000000000
60556  26.762  -5.720  -44.443 0.0000000000
61602  27.650  -5.737  -44.701 0.0000000000
61614  28.068  -5.244  -45.299 0.0000000000
79783  27.873  11.236  -50.615 0.0000000000
80931  27.657  12.033  -50.877 0.0000000000
80930  29.123  12.958  -50.028 0.0000000000
141261  29.303  13.852  -50.250 0.0000000000
84063  28.885  14.933  -50.898 0.0000000000
146063  29.339  14.511  -50.496 0.0000000000
84061  30.674  15.199  -50.523 0.0000000000
84070  31.274  15.871  -50.979 0.0000000000
85113  32.087  15.979  -51.525 0.0000000000
85125  32.124  16.582  -52.115 0.0000000000
88131  24.905  19.372  -54.539 0.0000000000
88130  25.249  19.885  -54.983 0.0000000000
67648  27.231  0.393  -48.971 0.0000000000
66524  27.713  -0.303  -48.216 0.0000000000
68690  27.744  1.118  -49.223 0.0000000000
142182  27.759  0.411  -48.694 0.0000000000
67635  28.481  -0.180  -47.890 0.0000000000
137459  29.486  -0.478  -47.573 0.0000000000
66513  30.420  -0.605  -47.676 0.0000000000
133936  31.377  -0.539  -47.901 0.0000000000
73146  29.119  5.513  -49.472 0.0000000000
71969  29.152  4.757  -49.029 0.0000000000
73136  29.797  5.548  -48.660 0.0000000000
73135  30.714  5.582  -48.146 0.0000000000
73134  31.707  5.589  -48.014 0.0000000000
75357  32.981  6.912  -48.639 0.0000000000
74273  33.139  6.064  -48.653 0.0000000000
73133  32.625  5.443  -48.281 0.0000000000
70873  27.438  3.349  -50.436 0.0000000000
70872  27.853  3.658  -50.396 0.0000000000
157576  28.235  4.564  -50.498 0.0000000000
73157  27.812  5.205  -51.030 0.0000000000
145355  28.284  4.982  -50.649 0.0000000000
73147  28.678  5.520  -50.267 0.0000000000
151978  29.620  6.960  -48.964 0.0000000000
145525  30.561  7.766  -48.471 0.0000000000
77577  29.744  8.957  -48.793 0.0000000000
76448  30.110  8.439  -48.626 0.0000000000
76447  31.131  8.644  -48.437 0.0000000000
77574  32.075  9.237  -48.597 0.0000000000
77586  32.815  9.750  -49.199 0.0000000000
79772  29.089  11.374  -49.663 0.0000000000
79771  29.989  11.550  -49.265 0.0000000000
79770  31.110  11.742  -49.144 0.0000000000
82026  31.601  13.144  -49.692 0.0000000000
80917  31.877  12.337  -49.479 0.0000000000
79769  32.166  11.538  -49.329 0.0000000000
78670  32.862  11.247  -49.799 0.0000000000
89126  25.516  20.655  -55.677 0.0000000000
88129  25.863  19.957  -55.083 0.0000000000
88121  26.368  19.400  -54.584 0.0000000000
87178  26.887  18.925  -54.054 0.0000000000
86183  27.148  17.475  -53.471 0.0000000000
85133  27.024  16.558  -53.470 0.0000000000
86172  27.723  17.036  -52.832 0.0000000000
86171  28.626  17.412  -52.444 0.0000000000
86170  29.587  17.706  -52.217 0.0000000000
156486  30.610  19.372  -53.743 0.0000000000
87159  30.846  18.444  -52.742 0.0000000000
86169  30.521  17.841  -52.195 0.0000000000
86168  31.385  17.727  -52.451 0.0000000000
86180  32.263  17.235  -53.317 0.0000000000
62624  27.722  -4.578  -45.662 0.0000000000
62623  28.546  -4.733  -45.804 0.0000000000
64568  27.691  -2.320  -46.988 0.0000000000
157854  28.352  -1.737  -47.342 0.0000000000
63578  27.516  -2.970  -46.605 0.0000000000
145795  28.059  -3.512  -46.442 0.0000000000
62634  28.990  -4.280  -46.287 0.0000000000
70851  29.320  3.888  -48.610 0.0000000000
70850  30.128  3.744  -47.901 0.0000000000
144651  30.364  2.862  -47.685 0.0000000000
70836  31.882  3.388  -47.739 0.0000000000
143329  31.285  2.706  -47.649 0.0000000000
151437  30.663  1.942  -47.574 0.0000000000
68673  31.149  1.029  -47.726 0.0000000000
63577  28.730  -3.691  -46.529 0.0000000000
67633  30.764  0.171  -47.658 0.0000000000
68689  28.342  1.547  -48.878 0.0000000000
68721  26.874  2.176  -50.059 0.0000000000
73132  33.359  5.222  -48.758 0.0000000000
74276  30.410  6.305  -48.448 0.0000000000
74288  29.060  6.093  -49.737 0.0000000000
74301  28.254  6.425  -50.913 0.0000000000
75360  30.123  7.002  -48.636 0.0000000000
75383  28.039  7.225  -50.891 0.0000000000
76457  29.407  8.390  -49.030 0.0000000000
77588  29.232  9.068  -49.190 0.0000000000
78662  30.468  9.979  -48.716 0.0000000000
79782  28.451  11.138  -50.104 0.0000000000
80918  30.377  12.314  -49.407 0.0000000000
80919  29.479  12.178  -49.632 0.0000000000
80928  33.115  12.139  -50.696 0.0000000000
82025  32.236  13.374  -50.054 0.0000000000
82034  30.914  13.799  -49.850 0.0000000000
82054  27.444  13.709  -51.937 0.0000000000
83090  28.658  14.158  -50.725 0.0000000000
84060  31.441  15.132  -50.639 0.0000000000
84062  29.743  15.142  -50.603 0.0000000000
85114  31.500  16.582  -51.602 0.0000000000
85132  32.390  16.554  -52.898 0.0000000000
85141  25.688  16.331  -54.756 0.0000000000
86167  32.027  17.196  -52.594 0.0000000000
87170  31.589  18.524  -53.890 0.0000000000
87171  30.324  19.001  -53.155 0.0000000000
87174  27.442  18.429  -53.518 0.0000000000
87181  25.014  18.490  -54.289 0.0000000000
88118  29.369  20.131  -54.058 0.0000000000
89112  29.494  20.529  -54.693 0.0000000000
90144  28.507  21.512  -55.891 0.0000000000
91223  27.114  22.410  -58.283 0.0000000000
135241  28.412  -2.270  -47.104 0.0000000000
138411  27.647  4.026  -50.590 0.0000000000
140627  31.065  18.867  -53.438 0.0000000000
141993  31.912  17.707  -52.986 0.0000000000
142068  27.357  5.721  -51.526 0.0000000000
153681  26.955  -7.327  -43.166 0.0000000000
155704  31.682  6.749  -48.225 0.0000000000
