nom_c	nom_l	color	vol_vox	vol_mm3	xv	yv	zv	xmm	ymm	zmm
G_Frontal_Sup-1-L	G_Frontal_Sup-1-L	1	139	1112	53	96	43	-15.9856115107914	64.9352517985612	13.0791366906475
G_Frontal_Sup-1-R	G_Frontal_Sup-1-R	2	25	200	39	97	42	12.88	67.68	10.64
G_Frontal_Sup-2-L	G_Frontal_Sup-2-L	3	1072	8576	51	87	57	-11.919776119403	46.5018656716418	40.4832089552239
G_Frontal_Sup-2-R	G_Frontal_Sup-2-R	4	1113	8904	39	86	57	12.0449236298293	45.5849056603774	40.7008086253369
G_Frontal_Sup-3-L	G_Frontal_Sup-3-L	5	57	456	55	72	67	-19.7894736842105	16.2105263157895	61.4385964912281
G_Frontal_Sup-3-R	G_Frontal_Sup-3-R	6	91	728	36	72	66	19.3406593406593	17.2307692307692	59.7582417582418
S_Sup_Frontal-1-L	S_Sup_Frontal-1-L	7	267	2136	57	94	32	-22.0224719101124	61.4831460674157	-8.24719101123596
S_Sup_Frontal-1-R	S_Sup_Frontal-1-R	8	620	4960	35	95	34	20.2483870967742	62.7354838709678	-5.59354838709677
S_Sup_Frontal-2-L	S_Sup_Frontal-2-L	9	783	6264	59	91	37	-27.2234993614304	55.6219667943806	1.35632183908046
S_Sup_Frontal-2-R	S_Sup_Frontal-2-R	10	604	4832	31	92	40	28.2384105960265	56.4139072847682	7.21523178807946
S_Sup_Frontal-3-L	S_Sup_Frontal-3-L	11	635	5080	58	85	51	-25.5433070866142	43.0110236220472	29.007874015748
S_Sup_Frontal-3-R	S_Sup_Frontal-3-R	12	655	5240	33	86	51	24.8854961832061	45.0687022900763	29.0106870229008
S_Sup_Frontal-4-L	S_Sup_Frontal-4-L	13	896	7168	57	78	60	-23.03125	29.0625	47.0111607142857
S_Sup_Frontal-4-R	S_Sup_Frontal-4-R	14	387	3096	36	81	60	19.9793281653747	35.5038759689922	47.6744186046512
S_Sup_Frontal-5-L	S_Sup_Frontal-5-L	15	552	4416	59	69	64	-27.1485507246377	10.7608695652174	55.536231884058
S_Sup_Frontal-5-R	S_Sup_Frontal-5-R	16	1024	8192	32	72	63	27.2265625	16.767578125	52.072265625
S_Sup_Frontal-6-L	S_Sup_Frontal-6-L	17	558	4464	57	64	65	-23.7168458781362	0.272401433691755	57.9641577060932
S_Sup_Frontal-6-R	S_Sup_Frontal-6-R	18	509	4072	34	64	66	23.4145383104126	1.90962671905697	59.0923379174853
G_Frontal_Mid-1-L	G_Frontal_Mid-1-L	19	272	2176	65	84	46	-39.9779411764706	41.1102941176471	19.5294117647059
G_Frontal_Mid-1-R	G_Frontal_Mid-1-R	20	516	4128	25	86	43	41.3062015503876	44.3410852713178	13.437984496124
G_Frontal_Mid-2-L	G_Frontal_Mid-2-L	21	759	6072	62	86	49	-32.8036890645586	44.4084321475626	25.4176548089592
G_Frontal_Mid-2-R	G_Frontal_Mid-2-R	22	697	5576	30	86	50	31.7044476327116	45.2309899569584	27.2482065997131
G_Frontal_Mid-3-L	G_Frontal_Mid-3-L	23	140	1120	65	79	54	-39.0857142857143	30.9142857142857	35.4428571428571
G_Frontal_Mid-3-R	G_Frontal_Mid-3-R	24	295	2360	27	80	54	37.3084745762712	33.0372881355932	35.0372881355932
G_Frontal_Mid-4-L	G_Frontal_Mid-4-L	25	499	3992	64	73	60	-37.9519038076152	19.3266533066132	46.7374749498998
G_Frontal_Mid-4-R	G_Frontal_Mid-4-R	26	424	3392	26	74	60	38.8349056603774	21.5660377358491	46.438679245283
G_Frontal_Mid-5-L	G_Frontal_Mid-5-L	27	245	1960	67	73	55	-43.2408163265306	19.8367346938776	37.069387755102
G_Frontal_Mid-5-R	G_Frontal_Mid-5-R	28	527	4216	25	72	57	41.8557874762808	17.3092979127135	41.4421252371916
S_Inf_Frontal-1-L	S_Inf_Frontal-1-L	29	585	4680	68	83	42	-44.2393162393163	38.3213675213675	11.7367521367521
S_Inf_Frontal-1-R	S_Inf_Frontal-1-R	30	281	2248	22	83	41	46.3843416370107	39.5943060498221	9.87900355871886
S_Inf_Frontal-2-L	S_Inf_Frontal-2-L	31	1116	8928	67	71	51	-43.1075268817204	14.84229390681	29.4139784946236
S_Inf_Frontal-2-R	S_Inf_Frontal-2-R	32	1138	9104	24	73	51	43.9402460456942	18.5114235500879	28.377855887522
G_Frontal_Inf_Tri-1-L	G_Frontal_Inf_Tri-1-L	33	1289	10312	70	76	39	-49.44453064391	25.5577967416602	4.67804499612103
G_Frontal_Inf_Tri-1-R	G_Frontal_Inf_Tri-1-R	34	967	7736	21	78	39	49.8304033092037	28.5398138572906	5.02171664943123
G_Frontal_Sup_Orb-1-L	G_Frontal_Sup_Orb-1-L	35	421	3368	52	90	26	-12.4275534441805	52.1947743467933	-20.104513064133
G_Frontal_Sup_Orb-1-R	G_Frontal_Sup_Orb-1-R	36	389	3112	39	89	26	12.4627249357327	50.185089974293	-20.9974293059126
G_Frontal_Mid_Orb-1-L	G_Frontal_Mid_Orb-1-L	37	105	840	63	92	33	-35.0095238095238	56.8190476190476	-7.71428571428571
G_Frontal_Mid_Orb-1-R	G_Frontal_Mid_Orb-1-R	38	176	1408	27	92	33	36.4772727272727	56.75	-6.10227272727273
G_Frontal_Mid_Orb-2-L	G_Frontal_Mid_Orb-2-L	39	505	4040	66	88	34	-41.0455445544554	48.9861386138614	-5.31485148514851
G_Frontal_Mid_Orb-2-R	G_Frontal_Mid_Orb-2-R	40	359	2872	26	89	34	39.7437325905292	50.3175487465181	-4.04456824512535
G_Frontal_Inf_Orb-1-L	G_Frontal_Inf_Orb-1-L	41	180	1440	67	79	28	-42.1777777777778	30.5333333333333	-16.8666666666667
G_Frontal_Inf_Orb-1-R	G_Frontal_Inf_Orb-1-R	42	264	2112	23	80	29	44.219696969697	33.0151515151515	-14.4318181818182
G_Frontal_Inf_Orb-2-L	G_Frontal_Inf_Orb-2-L	43	557	4456	56	75	26	-21.245960502693	22.5852782764811	-20.7396768402154
G_Frontal_Inf_Orb-2-R	G_Frontal_Inf_Orb-2-R	44	509	4072	35	75	27	21.0255402750491	22.3811394891945	-19.6935166994106
S_Orbital-1-L	S_Orbital-1-L	45	278	2224	58	83	29	-24.9712230215827	38.568345323741	-14.9928057553957
S_Orbital-1-R	S_Orbital-1-R	46	345	2760	33	84	29	25.2347826086957	41.3739130434783	-14.6260869565217
S_Orbital-2-L	S_Orbital-2-L	47	225	1800	61	80	30	-31.1377777777778	33.9288888888889	-13.1733333333333
S_Orbital-2-R	S_Orbital-2-R	48	243	1944	31	81	30	29.1687242798354	34.3045267489712	-12.7325102880658
S_Olfactory-1-L	S_Olfactory-1-L	49	470	3760	48	83	25	-5.53191489361703	38.804255319149	-23.4510638297872
S_Olfactory-1-R	S_Olfactory-1-R	50	477	3816	43	82	25	5.54297693920336	37.8993710691824	-23.4716981132075
S_Precentral-1-L	S_Precentral-1-L	51	250	2000	70	67	49	-49.744	6.14400000000001	25.672
S_Precentral-1-R	S_Precentral-1-R	52	337	2696	20	68	49	50.2077151335312	9.64985163204747	24.2255192878338
S_Precentral-2-L	S_Precentral-2-L	53	307	2456	58	59	66	-25.1726384364821	-8.54071661237785	58.0260586319218
S_Precentral-2-R	S_Precentral-2-R	54	309	2472	32	60	66	26.0582524271845	-7.72168284789645	58.0453074433657
S_Precentral-3-L	S_Precentral-3-L	55	67	536	55	59	71	-18.2985074626866	-8.71641791044776	68.1492537313433
S_Precentral-3-R	S_Precentral-3-R	56	40	320	36	60	70	19.75	-6.34999999999999	67.7
S_Precentral-4-L	S_Precentral-4-L	57	706	5648	67	64	61	-42.070821529745	0.725212464589248	49.1048158640227
S_Precentral-4-R	S_Precentral-4-R	58	540	4320	24	64	61	43.6555555555556	0.996296296296293	48.3592592592593
S_Precentral-5-L	S_Precentral-5-L	59	146	1168	74	66	52	-56.1095890410959	4.79452054794521	30.5753424657534
S_Precentral-5-R	S_Precentral-5-R	60	147	1176	17	68	51	56.9523809523809	8.0408163265306	28.7755102040816
S_Precentral-6-L	S_Precentral-6-L	61	132	1056	60	58	68	-29.8181818181818	-10.9848484848485	63.5909090909091
S_Precentral-6-R	S_Precentral-6-R	62	119	952	30	59	69	30.9075630252101	-9.79831932773109	64.1680672268908
S_Rolando-1-L	S_Rolando-1-L	63	1167	9336	73	59	52	-54.2639245929734	-8.37189374464438	31.9914310197087
S_Rolando-1-R	S_Rolando-1-R	64	1101	8808	18	61	52	55.3950953678474	-5.19891008174388	31.1407811080836
S_Rolando-2-L	S_Rolando-2-L	65	383	3064	67	56	61	-43.2323759791123	-14.0365535248042	49.9268929503916
S_Rolando-2-R	S_Rolando-2-R	66	338	2704	23	58	61	44.7218934911243	-10.9230769230769	48.6153846153846
S_Rolando-3-L	S_Rolando-3-L	67	1032	8256	65	52	67	-38.4670542635659	-23.1511627906977	60.4302325581395
S_Rolando-3-R	S_Rolando-3-R	68	1146	9168	27	53	66	36.8464223385689	-20.1902268760907	59.9842931937173
S_Rolando-4-L	S_Rolando-4-L	69	1002	8016	57	49	69	-23.1157684630738	-28.8522954091816	64.3233532934132
S_Rolando-4-R	S_Rolando-4-R	70	730	5840	34	50	69	22.0876712328767	-27.2657534246575	65.358904109589
S_Postcentral-1-L	S_Postcentral-1-L	71	194	1552	74	55	52	-57.5154639175258	-17.7835051546392	31.7525773195876
S_Postcentral-1-R	S_Postcentral-1-R	72	234	1872	16	56	53	58.2735042735043	-15	32.2905982905983
S_Postcentral-2-L	S_Postcentral-2-L	73	527	4216	66	47	63	-40.6489563567362	-33.4193548387097	53.8709677419355
S_Postcentral-2-R	S_Postcentral-2-R	74	756	6048	25	49	63	40.8888888888889	-29.9126984126984	52.3121693121693
S_Postcentral-3-L	S_Postcentral-3-L	75	566	4528	67	47	58	-43.0565371024735	-32.6360424028269	43.5618374558304
S_Postcentral-3-R	S_Postcentral-3-R	76	145	1160	22	51	58	47.9724137931034	-25.9724137931034	42.5379310344828
G_Parietal_Sup-1-L	G_Parietal_Sup-1-L	77	61	488	57	40	66	-23.6065573770492	-47.344262295082	58.8196721311475
G_Parietal_Sup-1-R	G_Parietal_Sup-1-R	78	117	936	34	40	68	23.6239316239316	-46.7008547008547	62.4444444444445
G_Parietal_Sup-2-L	G_Parietal_Sup-2-L	79	189	1512	55	40	69	-18.6560846560847	-46.7830687830688	65.6507936507936
G_Parietal_Sup-2-R	G_Parietal_Sup-2-R	80	217	1736	35	41	70	20.0921658986175	-44.7465437788018	66.5161290322581
G_Parietal_Sup-3-L	G_Parietal_Sup-3-L	81	253	2024	60	38	69	-29.8656126482213	-50.9723320158103	64.3715415019763
G_Parietal_Sup-3-R	G_Parietal_Sup-3-R	82	143	1144	31	39	70	29.2167832167832	-48.7552447552448	67.2167832167832
G_Parietal_Sup-4-L	G_Parietal_Sup-4-L	83	206	1648	58	36	64	-24.8446601941748	-54.2135922330097	55.3203883495146
G_Parietal_Sup-4-R	G_Parietal_Sup-4-R	84	279	2232	33	38	65	25.5985663082437	-51.0752688172043	56.3727598566308
G_Parietal_Sup-5-L	G_Parietal_Sup-5-L	85	435	3480	54	33	66	-16.0551724137931	-61.2137931034483	59.2689655172414
G_Parietal_Sup-5-R	G_Parietal_Sup-5-R	86	260	2080	38	35	67	15.1846153846154	-57.8307692307692	61.2307692307692
G_Supramarginal-1-L	G_Supramarginal-1-L	87	279	2232	73	49	47	-54.4731182795699	-29.505376344086	21.3691756272401
G_Supramarginal-1-R	G_Supramarginal-1-R	88	367	2936	18	50	48	54.5068119891008	-26.408719346049	22.0490463215259
G_SupraMarginal-2-L	G_SupraMarginal-2-L	89	243	1944	75	49	49	-58.9547325102881	-29.1522633744856	25.8930041152263
G_SupraMarginal-2-R	G_SupraMarginal-2-R	90	348	2784	16	50	51	58.7183908045977	-26.7643678160919	29.1896551724138
G_Supramarginal-3-L	G_Supramarginal-3-L	91	300	2400	75	50	55	-58.68	-27.3333333333333	36.3266666666667
G_Supramarginal-3-R	G_Supramarginal-3-R	92	205	1640	16	52	56	59.8634146341463	-23.0926829268293	38.4975609756098
G_Supramarginal-4-L	G_Supramarginal-4-L	93	321	2568	75	45	55	-59.1277258566978	-37.9501557632399	36.6728971962617
G_Supramarginal-4-R	G_Supramarginal-4-R	94	270	2160	15	46	56	60.1555555555556	-35.4074074074074	38.0074074074074
G_SupraMarginal-5-L	G_SupraMarginal-5-L	95	107	856	74	42	51	-57.8317757009346	-42.5607476635514	29.2710280373832
G_SupraMarginal-5-R	G_SupraMarginal-5-R	96	178	1424	16	44	50	59.6966292134831	-39.8314606741573	27.5168539325843
G_SupraMarginal-6-L	G_SupraMarginal-6-L	97	107	856	72	42	59	-53.4579439252336	-42.1495327102804	45.1028037383178
G_SupraMarginal-6-R	G_SupraMarginal-6-R	98	133	1064	19	44	58	53.7744360902256	-38.1503759398496	43.9548872180451
G_SupraMarginal-7-L	G_SupraMarginal-7-L	99	303	2424	73	38	49	-55.2145214521452	-51.6699669966997	25.5115511551155
G_SupraMarginal-7-R	G_SupraMarginal-7-R	100	125	1000	18	41	53	55.36	-45.904	33.408
G_Angular-1-L	G_Angular-1-L	101	541	4328	70	35	58	-48.0369685767098	-57.09426987061	42.8022181146026
G_Angular-1-R	G_Angular-1-R	102	541	4328	20	37	58	50.5027726432532	-52.2883548983364	42.5101663585952
G_Angular-2-L	G_Angular-2-L	103	490	3920	64	28	56	-37.9183673469388	-70.1836734693878	38.7469387755102
G_Angular-2-R	G_Angular-2-R	104	555	4440	23	32	55	44.5045045045045	-62.3711711711712	36.2774774774775
G_Angular-3-L	G_Angular-3-L	105	308	2464	67	28	50	-42.6298701298701	-70.6363636363636	27.038961038961
G_Angular-3-R	G_Angular-3-R	106	277	2216	22	32	49	47.0108303249097	-62.9530685920578	24.7148014440433
G_Parietal_Inf-1-L	G_Parietal_Inf-1-L	107	192	1536	68	37	61	-44.7708333333333	-52.8125	48.6666666666667
G_Parietal_Inf-1-R	G_Parietal_Inf-1-R	108	410	3280	24	37	60	42.7268292682927	-53.1317073170732	47.5853658536585
S_Intraparietal-1-L	S_Intraparietal-1-L	109	389	3112	66	42	61	-41.2082262210797	-42.6169665809769	48.1696658097686
S_Intraparietal-1-R	S_Intraparietal-1-R	110	633	5064	25	44	62	40.1042654028436	-39.9968404423381	51.001579778831
S_Intraparietal-2-L	S_Intraparietal-2-L	111	761	6088	63	34	59	-34.042049934297	-58.2522996057819	45.2614980289093
S_Intraparietal-2-R	S_Intraparietal-2-R	112	717	5736	27	37	61	37.442119944212	-52.3486750348675	48.3319386331939
S_Intraparietal-3-L	S_Intraparietal-3-L	113	706	5648	59	34	58	-27.0396600566572	-59.7620396600567	43.4475920679887
S_Intraparietal-3-R	S_Intraparietal-3-R	114	746	5968	32	33	59	26.5603217158177	-61.3967828418231	45.798927613941
S_Intraoccipital-1-L	S_Intraoccipital-1-L	115	49	392	58	28	53	-24	-71.6734693877551	32.1224489795918
S_Intraoccipital-1-R	S_Intraoccipital-1-R	116	48	384	32	29	53	27.8333333333333	-69.375	33.2916666666667
G_Occipital_Pole-1-L	G_Occipital_Pole-1-L	117	302	2416	56	15	30	-21.3708609271523	-96.0198675496689	-13.7417218543046
G_Occipital_Pole-1-R	G_Occipital_Pole-1-R	118	383	3064	34	17	30	23.9477806788512	-93.2062663185379	-12.8355091383812
G_Occipital_Lat-1-L	G_Occipital_Lat-1-L	119	356	2848	53	15	37	-15.2359550561798	-96.8483146067416	1.34831460674157
G_Occipital_Lat-1-R	G_Occipital_Lat-1-R	120	422	3376	37	16	38	17.1090047393365	-94.2417061611374	3.52132701421802
G_Occipital_Lat-2-L	G_Occipital_Lat-2-L	121	576	4608	59	17	36	-26.3645833333333	-93.6284722222222	-0.711805555555557
G_Occipital_Lat-2-R	G_Occipital_Lat-2-R	122	699	5592	31	19	35	28.3118741058655	-89.2818311874106	-2.10300429184549
G_Occipital_Lat-3-L	G_Occipital_Lat-3-L	123	145	1160	65	21	31	-39.5724137931034	-84.4413793103448	-11.9448275862069
G_Occipital_Lat-3-R	G_Occipital_Lat-3-R	124	115	920	24	23	31	43.3739130434783	-81.1478260869565	-10.2260869565217
G_Occipital_Lat-4-L	G_Occipital_Lat-4-L	125	485	3880	61	19	41	-30.7835051546392	-88.6556701030928	8.42474226804124
G_Occipital_Lat-4-R	G_Occipital_Lat-4-R	126	472	3776	29	21	41	33.6186440677966	-85.385593220339	8.8135593220339
G_Occipital_Lat-5-L	G_Occipital_Lat-5-L	127	974	7792	63	24	36	-35.3264887063655	-78.7453798767967	-0.616016427104725
G_Occipital_Lat-5-R	G_Occipital_Lat-5-R	128	1015	8120	28	26	37	35.6059113300493	-75.5665024630542	1.64729064039409
G_Occipital_Sup-1-L	G_Occipital_Sup-1-L	129	184	1472	53	22	54	-15.4565217391304	-82.5326086956522	34.5434782608696
G_Occipital_Sup-1-R	G_Occipital_Sup-1-R	130	171	1368	36	23	55	18.046783625731	-80.7602339181286	37.2631578947368
G_Occipital_Sup-2-L	G_Occipital_Sup-2-L	131	499	3992	53	18	49	-14.0921843687375	-90.3286573146293	24.9498997995992
G_Occipital_Sup-2-R	G_Occipital_Sup-2-R	132	560	4480	37	20	50	17.0392857142857	-87.7821428571429	26.4678571428571
G_Occipital_Mid-1-L	G_Occipital_Mid-1-L	133	496	3968	62	24	49	-32.008064516129	-78.0766129032258	24.616935483871
G_Occipital_Mid-1-R	G_Occipital_Mid-1-R	134	511	4088	27	26	49	36.3052837573386	-74.4305283757339	25.0567514677104
G_Occipital_Mid-2-L	G_Occipital_Mid-2-L	135	225	1800	64	25	44	-36.9688888888889	-77.3955555555555	14.3555555555556
G_Occipital_Mid-2-R	G_Occipital_Mid-2-R	136	376	3008	25	27	43	41.1063829787234	-72.9148936170213	12.1755319148936
G_Occipital_Mid-3-L	G_Occipital_Mid-3-L	137	202	1616	66	28	45	-41.7326732673267	-71.4851485148515	17.950495049505
G_Occipital_Mid-3-R	G_Occipital_Mid-3-R	138	159	1272	23	32	44	45.0691823899371	-63.1446540880503	15.1194968553459
G_Occipital_Mid-4-L	G_Occipital_Mid-4-L	139	363	2904	64	23	52	-36.1542699724518	-80.0220385674931	30.2809917355372
G_Occipital_Mid-4-R	G_Occipital_Mid-4-R	140	498	3984	25	27	51	40.9236947791165	-73.8714859437751	29.6465863453815
G_Occipital_Inf-1-L	G_Occipital_Inf-1-L	141	139	1112	70	29	34	-48.4172661870504	-68.9928057553957	-4.30215827338129
G_Occipital_Inf-1-R	G_Occipital_Inf-1-R	142	180	1440	21	33	32	49.9	-60.2111111111111	-8.75555555555556
G_Occipital_Inf-2-L	G_Occipital_Inf-2-L	143	382	3056	68	28	33	-44.5287958115183	-70.717277486911	-6.68062827225131
G_Occipital_Inf-2-R	G_Occipital_Inf-2-R	144	450	3600	22	31	33	47.0577777777778	-64.7288888888889	-7.45333333333333
G_Insula-anterior-1-L	G_Insula-anterior-1-L	145	252	2016	56	66	27	-20.3412698412698	4.95238095238096	-19.3253968253968
G_Insula-anterior-1-R	G_Insula-anterior-1-R	146	317	2536	36	67	27	19.3501577287066	7.04731861198738	-19.0662460567823
G_Insula-anterior-2-L	G_Insula-anterior-2-L	147	399	3192	62	72	30	-33.7944862155389	16.7919799498747	-12.7418546365915
G_Insula-anterior-2-R	G_Insula-anterior-2-R	148	273	2184	28	73	30	34.7032967032967	18.4688644688645	-12.7252747252747
G_Insula-anterior-3-L	G_Insula-anterior-3-L	149	469	3752	62	75	37	-33.7398720682303	23.680170575693	0.575692963752658
G_Insula-anterior-3-R	G_Insula-anterior-3-R	150	721	5768	27	76	36	36.8016643550624	24.2108183079057	-0.33287101248267
G_Insula-anterior-4-L	G_Insula-anterior-4-L	151	734	5872	66	71	38	-40.7493188010899	15.1471389645777	2.6267029972752
G_Insula-anterior-4-R	G_Insula-anterior-4-R	152	593	4744	25	71	39	40.8060708263069	14.5092748735244	4.09106239460371
G_Insula-anterior-5-L	G_Insula-anterior-5-L	153	593	4744	66	63	33	-41.7841483979764	-0.927487352445198	-7.99662731871838
G_Insula-anterior-5-R	G_Insula-anterior-5-R	154	591	4728	25	64	32	41.8477157360406	1.86463620981388	-8.75465313028765
G_Insula-posterior-1-L	G_Insula-posterior-1-L	155	923	7384	67	54	43	-42.0780065005417	-19.0964247020585	13.7074756229686
G_Insula-posterior-1-R	G_Insula-posterior-1-R	156	858	6864	25	54	44	40.6107226107226	-19.4638694638695	14.3076923076923
G_Rolandic_Oper-1-L	G_Rolandic_Oper-1-L	157	650	5200	69	65	41	-46.2553846153846	3.59076923076924	9.3876923076923
G_Rolandic_Oper-1-R	G_Rolandic_Oper-1-R	158	558	4464	22	66	41	46.1039426523297	5.64516129032259	9.35125448028674
G_Rolandic_Oper-2-L	G_Rolandic_Oper-2-L	159	550	4400	71	59	43	-50.5927272727273	-8.95636363636363	13.9054545454545
G_Rolandic_Oper-2-R	G_Rolandic_Oper-2-R	160	616	4928	21	60	43	49.737012987013	-6.32467532467533	13.8863636363636
G_Temporal_Sup-1-L	G_Temporal_Sup-1-L	161	105	840	73	63	38	-55.4666666666667	-1.12380952380953	2.3047619047619
G_Temporal_Sup-1-R	G_Temporal_Sup-1-R	162	136	1088	18	65	38	55.7058823529412	2.10294117647058	2.52941176470588
G_Temporal_Sup-2-L	G_Temporal_Sup-2-L	163	308	2464	68	58	36	-45.2597402597403	-10.9350649350649	-1.61688311688312
G_Temporal_Sup-2-R	G_Temporal_Sup-2-R	164	307	2456	22	60	36	46.5342019543974	-7.1986970684039	-1.58957654723127
G_Temporal_Sup-3-L	G_Temporal_Sup-3-L	165	954	7632	72	50	42	-52.0041928721174	-27.1299790356394	10.916142557652
G_Temporal_Sup-3-R	G_Temporal_Sup-3-R	166	825	6600	17	54	41	57.270303030303	-19.1781818181818	8.83393939393939
G_Temporal_Sup-4-L	G_Temporal_Sup-4-L	167	832	6656	75	52	38	-58.7451923076923	-23.25	3.72596153846153
G_Temporal_Sup-4-R	G_Temporal_Sup-4-R	168	729	5832	15	54	38	60.0466392318244	-19.9753086419753	2.20301783264746
S_Sup_Temporal-1-L	S_Sup_Temporal-1-L	169	326	2608	70	71	26	-49.7055214723926	14.0245398773006	-21.5460122699387
S_Sup_Temporal-1-R	S_Sup_Temporal-1-R	170	85	680	19	70	24	52.1176470588235	13.364705882353	-25.8588235294118
S_Sup_Temporal-2-L	S_Sup_Temporal-2-L	171	403	3224	73	60	30	-54.863523573201	-7.1712158808933	-12.7543424317618
S_Sup_Temporal-2-R	S_Sup_Temporal-2-R	172	767	6136	18	62	29	54.3233376792699	-2.4954367666232	-15.4993481095176
S_Sup_Temporal-3-L	S_Sup_Temporal-3-L	173	629	5032	73	47	36	-54.6836248012719	-33.0143084260731	-1.66613672496025
S_Sup_Temporal-3-R	S_Sup_Temporal-3-R	174	641	5128	19	48	36	53.0546021840874	-31.8751950078003	-0.271450858034328
S_Sup_Temporal-4-L	S_Sup_Temporal-4-L	175	642	5136	74	39	43	-56.5482866043614	-48.3676012461059	13.3613707165109
S_Sup_Temporal-4-R	S_Sup_Temporal-4-R	176	840	6720	18	41	44	54.6142857142857	-45.5285714285714	14.6119047619048
S_Sup_Temporal-5-L	S_Sup_Temporal-5-L	177	711	5688	70	34	49	-48.1209563994374	-58.1772151898734	25.789029535865
S_Sup_Temporal-5-R	S_Sup_Temporal-5-R	178	463	3704	20	36	47	51.377969762419	-54.0647948164147	21.0323974082073
G_Temporal_Mid-1-L	G_Temporal_Mid-1-L	179	364	2912	76	58	28	-61.2087912087912	-11.5384615384615	-16.8406593406593
G_Temporal_Mid-1-R	G_Temporal_Mid-1-R	180	214	1712	15	61	26	60.9532710280374	-5.46728971962617	-21
G_Temporal_Mid-2-L	G_Temporal_Mid-2-L	181	536	4288	77	46	30	-62.9776119402985	-34.339552238806	-12.0671641791045
G_Temporal_Mid-2-R	G_Temporal_Mid-2-R	182	592	4736	14	49	30	63.6993243243243	-28.402027027027	-12.7972972972973
G_Temporal_Mid-3-L	G_Temporal_Mid-3-L	183	266	2128	76	46	34	-60.9699248120301	-35.0300751879699	-4.80451127819549
G_Temporal_Mid-3-R	G_Temporal_Mid-3-R	184	241	1928	14	48	34	62.3402489626556	-30.8796680497925	-4.70539419087137
G_Temporal_Mid-4-L	G_Temporal_Mid-4-L	185	496	3968	72	34	40	-53.0887096774194	-59.3870967741936	7.03225806451613
G_Temporal_Mid-4-R	G_Temporal_Mid-4-R	186	269	2152	17	37	38	56.7955390334572	-53.2193308550186	2.96654275092936
G_Temporal_Inf-1-L	G_Temporal_Inf-1-L	187	930	7440	69	56	20	-46.5720430107527	-15.1806451612903	-32.6903225806452
G_Temporal_Inf-1-R	G_Temporal_Inf-1-R	188	927	7416	23	60	19	45.2362459546926	-7.25566343042071	-35.6030204962244
G_Temporal_Inf-2-L	G_Temporal_Inf-2-L	189	629	5032	75	50	25	-58.550079491256	-26.066772655008	-23.8378378378378
G_Temporal_Inf-2-R	G_Temporal_Inf-2-R	190	649	5192	17	52	24	57.8181818181818	-22.2187981510015	-25.0323574730354
G_Temporal_Inf-3-L	G_Temporal_Inf-3-L	191	654	5232	74	37	30	-56.4373088685015	-52.9388379204893	-13.7064220183486
G_Temporal_Inf-3-R	G_Temporal_Inf-3-R	192	596	4768	17	40	30	57.3926174496644	-46.3322147651007	-13.8489932885906
G_Temporal_Inf-4-L	G_Temporal_Inf-4-L	193	410	3280	71	33	33	-50.019512195122	-60.6292682926829	-7.6390243902439
G_Temporal_Inf-4-R	G_Temporal_Inf-4-R	194	226	1808	18	35	31	54.0619469026549	-57.858407079646	-10.5486725663717
G_Temporal_Inf-5-L	G_Temporal_Inf-5-L	195	136	1088	68	32	39	-45.0882352941177	-63.8235294117647	5.5
G_Temporal_Inf-5-R	G_Temporal_Inf-5-R	196	138	1104	21	34	38	49.2173913043478	-58.3333333333333	3.81159420289855
G_Temporal_Pole_Sup-1-L	G_Temporal_Pole_Sup-1-L	197	363	2904	63	69	25	-35.4435261707989	10.6115702479339	-23.8787878787879
G_Temporal_Pole_Sup-1-R	G_Temporal_Pole_Sup-1-R	198	207	1656	28	71	25	35.5072463768116	15.7004830917874	-23.9420289855072
G_Temporal_Pole_Sup-2-L	G_Temporal_Pole_Sup-2-L	199	201	1608	67	67	28	-42.6766169154229	7.6318407960199	-16.2487562189055
G_Temporal_Pole_Sup-2-R	G_Temporal_Pole_Sup-2-R	200	344	2752	24	68	28	43.9825581395349	9.24418604651163	-16.4476744186046
G_Temporal_Pole_Mid-1-L	G_Temporal_Pole_Mid-1-L	201	861	6888	68	67	20	-45.1707317073171	7.20789779326364	-33.9210220673635
G_Temporal_Pole_Mid-1-R	G_Temporal_Pole_Mid-1-R	202	411	3288	21	68	20	48.1313868613139	8.42335766423358	-33.1532846715328
G_Temporal_Pole_Mid-2-L	G_Temporal_Pole_Mid-2-L	203	46	368	63	68	20	-35.2173913043478	8.78260869565219	-32.8260869565217
G_Temporal_Pole_Mid-2-R	G_Temporal_Pole_Mid-2-R	204	199	1592	28	70	20	34.7638190954774	12.4020100502512	-33.8793969849246
G_Temporal_Pole_Mid-3-L	G_Temporal_Pole_Mid-3-L	205	880	7040	58	66	18	-25.7045454545455	5.92045454545453	-37.4113636363636
G_Temporal_Pole_Mid-3-R	G_Temporal_Pole_Mid-3-R	206	991	7928	32	67	19	26.3673057517659	6.49848637739657	-35.9152371342079
G_Frontal_Sup_Medial-1-L	G_Frontal_Sup_Medial-1-L	207	381	3048	49	89	43	-7.79002624671917	51.6062992125984	12.4619422572178
G_Frontal_Sup_Medial-1-R	G_Frontal_Sup_Medial-1-R	208	364	2912	42	90	43	7.54945054945055	52.2362637362637	13.4230769230769
G_Frontal_Sup_Medial-2-L	G_Frontal_Sup_Medial-2-L	209	493	3944	49	90	49	-6.65314401622717	53.4361054766734	24.7018255578093
G_Frontal_Sup_Medial-2-R	G_Frontal_Sup_Medial-2-R	210	524	4192	42	92	49	6.69847328244275	56.5038167938931	25.469465648855
G_Frontal_Sup_Medial-3-L	G_Frontal_Sup_Medial-3-L	211	303	2424	48	81	58	-5.32013201320132	34.6600660066007	42.6270627062706
G_Frontal_Sup_Medial-3-R	G_Frontal_Sup_Medial-3-R	212	342	2736	43	80	58	5.54970760233918	33.4035087719298	43.859649122807
S_Anterior_Rostral-1-L	S_Anterior_Rostral-1-L	213	537	4296	49	87	35	-7.25884543761639	47.195530726257	-3.45996275605214
S_Anterior_Rostral-1-R	S_Anterior_Rostral-1-R	214	387	3096	42	87	35	6.42894056847545	47.3953488372093	-3.97416020671835
G_Frontal_Med_Orb-1-L	G_Frontal_Med_Orb-1-L	215	265	2120	50	96	35	-9.53207547169811	65.4716981132075	-2.33207547169812
G_Frontal_Med_Orb-1-R	G_Frontal_Med_Orb-1-R	216	253	2024	42	96	35	6.54545454545455	64.99604743083	-3.42292490118577
G_Frontal_Med_Orb-2-L	G_Frontal_Med_Orb-2-L	217	301	2408	48	88	31	-5.37541528239203	49.0299003322259	-11.8006644518272
G_Frontal_Med_Orb-2-R	G_Frontal_Med_Orb-2-R	218	275	2200	43	87	30	4.29818181818182	46.7781818181818	-12.7490909090909
G_subcallosal-1-L	G_subcallosal-1-L	219	244	1952	49	74	28	-6.3688524590164	20.8360655737705	-16.0409836065574
G_subcallosal-1-R	G_subcallosal-1-R	220	239	1912	43	74	28	5.89121338912133	20.7364016736402	-16.326359832636
G_Supp_Motor_Area-1-L	G_Supp_Motor_Area-1-L	221	130	1040	49	75	59	-6.2	22.3076923076923	45.6923076923077
G_Supp_Motor_Area-1-R	G_Supp_Motor_Area-1-R	222	153	1224	42	74	61	6.05228758169935	20.6143790849673	48.1830065359477
G_Supp_Motor_Area-2-L	G_Supp_Motor_Area-2-L	223	268	2144	51	73	67	-10.5597014925373	18.1791044776119	61.1194029850746
G_Supp_Motor_Area-2-R	G_Supp_Motor_Area-2-R	224	200	1600	40	73	67	10.31	18.67	61.46
G_Supp_Motor_Area-3-L	G_Supp_Motor_Area-3-L	225	518	4144	49	67	68	-7.16988416988417	7.62162162162161	63.7953667953668
G_Supp_Motor_Area-3-R	G_Supp_Motor_Area-3-R	226	258	2064	42	69	69	6.18604651162791	10.1162790697674	64.8217054263566
S_Cingulate-1-L	S_Cingulate-1-L	227	304	2432	49	77	51	-6.90789473684211	27.0263157894737	29.9934210526316
S_Cingulate-1-R	S_Cingulate-1-R	228	287	2296	42	77	52	6.95470383275261	26.5505226480836	30.9686411149826
S_Cingulate-2-L	S_Cingulate-2-L	229	270	2160	49	71	57	-6.96296296296296	15.7925925925926	40.7481481481481
S_Cingulate-2-R	S_Cingulate-2-R	230	342	2736	42	70	60	7.5906432748538	13.8771929824561	46.1169590643275
S_Cingulate-3-L	S_Cingulate-3-L	231	368	2944	49	66	60	-7.45652173913044	4.83152173913044	47.4565217391304
S_Cingulate-3-R	S_Cingulate-3-R	232	469	3752	42	66	62	7.75692963752665	4.92963752665244	51.3518123667377
S_Cingulate-4-L	S_Cingulate-4-L	233	546	4368	49	60	65	-7.80952380952381	-6.20879120879121	56.3882783882784
S_Cingulate-4-R	S_Cingulate-4-R	234	521	4168	41	61	65	8.25335892514396	-4.64107485604606	57.3090211132438
S_Cingulate-5-L	S_Cingulate-5-L	235	268	2144	50	55	57	-8.46268656716418	-16.4029850746269	41.6492537313433
S_Cingulate-5-R	S_Cingulate-5-R	236	268	2144	41	56	57	8.86567164179104	-15.9776119402985	41.9253731343284
S_Cingulate-6-L	S_Cingulate-6-L	237	386	3088	51	46	59	-10.8031088082902	-35.2590673575129	45.8341968911917
S_Cingulate-6-R	S_Cingulate-6-R	238	374	2992	40	46	59	11.4598930481283	-34.0374331550802	45.5882352941177
S_Cingulate-7-L	S_Cingulate-7-L	239	257	2056	50	43	66	-9.27626459143968	-41.3229571984436	59.5097276264592
S_Cingulate-7-R	S_Cingulate-7-R	240	287	2296	41	43	67	9.41463414634147	-40.5226480836237	60.5087108013937
G_Cingulum_Ant-1-L	G_Cingulum_Ant-1-L	241	431	3448	48	82	38	-5.68909512761022	37.3317865429234	3.05800464037122
G_Cingulum_Ant-1-R	G_Cingulum_Ant-1-R	242	584	4672	42	83	39	6.64726027397261	39.4349315068493	4.51712328767124
G_Cingulum_Ant-2-L	G_Cingulum_Ant-2-L	243	339	2712	49	81	48	-7.31563421828909	34.3185840707964	22.0589970501475
G_Cingulum_Ant-2-R	G_Cingulum_Ant-2-R	244	340	2720	42	80	48	7.28823529411764	33.3705882352941	22.8352941176471
G_Cingulum_Mid-1-L	G_Cingulum_Mid-1-L	245	44	352	47	71	51	-3.27272727272727	14.2727272727273	28.9545454545455
G_Cingulum_Mid-1-R	G_Cingulum_Mid-1-R	246	40	320	44	70	51	3.5	13.95	29.05
G_Cingulum_Mid-2-L	G_Cingulum_Mid-2-L	247	67	536	47	65	51	-3.70149253731343	3.49253731343285	29.5223880597015
G_Cingulum_Mid-2-R	G_Cingulum_Mid-2-R	248	78	624	43	65	51	4.12820512820512	3.74358974358975	29.8205128205128
G_Cingulum_Mid-3-L	G_Cingulum_Mid-3-L	249	213	1704	47	52	56	-3.93427230046949	-23.6525821596244	38.7417840375587
G_Cingulum_Mid-3-R	G_Cingulum_Mid-3-R	250	273	2184	43	51	56	4.54945054945055	-24.959706959707	38.8278388278388
G_Cingulum_Post-1-L	G_Cingulum_Post-1-L	251	166	1328	48	50	51	-4.20481927710843	-26.0240963855422	28.8192771084337
G_Cingulum_Post-1-R	G_Cingulum_Post-1-R	252	195	1560	43	51	51	4.72820512820513	-25.8974358974359	28.9641025641026
G_Cingulum_Post-2-L	G_Cingulum_Post-2-L	253	102	816	48	44	50	-4.29411764705883	-39.4901960784314	27.3725490196078
G_Cingulum_Post-2-R	G_Cingulum_Post-2-R	254	211	1688	42	42	52	7.52606635071091	-43.0236966824645	31.345971563981
G_Cingulum_Post-3-L	G_Cingulum_Post-3-L	255	45	360	48	42	42	-5.06666666666666	-42.8888888888889	10.0444444444445
G_Cingulum_Post-3-R	G_Cingulum_Post-3-R	256	73	584	43	42	42	5.78082191780823	-42.3835616438356	10.3013698630137
G_Paracentral_Lobule-1-L	G_Paracentral_Lobule-1-L	257	237	1896	49	55	62	-6.89451476793249	-16.7594936708861	50.9029535864979
G_Paracentral_Lobule-1-R	G_Paracentral_Lobule-1-R	258	312	2496	42	56	62	7.67948717948718	-14.7435897435897	50.0641025641026
G_Paracentral_Lobule-2-L	G_Paracentral_Lobule-2-L	259	460	3680	50	49	69	-9.93913043478261	-28.5478260869565	64.9565217391304
G_Paracentral_Lobule-2-R	G_Paracentral_Lobule-2-R	260	560	4480	40	50	70	10.825	-26.75	66.2142857142857
G_Paracentral_Lobule-3-L	G_Paracentral_Lobule-3-L	261	392	3136	49	51	71	-7.00510204081633	-25.8928571428571	68.5867346938776
G_Paracentral_Lobule-3-R	G_Paracentral_Lobule-3-R	262	407	3256	42	50	71	7.42997542997543	-26.4766584766585	69.7985257985258
G_Paracentral_Lobule-4-L	G_Paracentral_Lobule-4-L	263	227	1816	49	49	74	-6.25550660792952	-29.2599118942731	74.9779735682819
G_Paracentral_Lobule-4-R	G_Paracentral_Lobule-4-R	264	218	1744	42	49	74	6.97247706422019	-28.2660550458716	75.5412844036697
G_Precuneus-1-L	G_Precuneus-1-L	265	427	3416	51	36	43	-11.7985948477752	-55.2693208430913	13.4332552693208
G_Precuneus-1-R	G_Precuneus-1-R	266	442	3536	39	37	43	12.7782805429864	-52.7963800904977	13.8009049773756
G_Precuneus-2-L	G_Precuneus-2-L	267	232	1856	48	35	46	-4.98275862068965	-56.0344827586207	19.1120689655172
G_Precuneus-2-R	G_Precuneus-2-R	268	204	1632	43	36	46	5.00980392156863	-55.5294117647059	19.8039215686274
G_Precuneus-3-L	G_Precuneus-3-L	269	558	4464	49	38	53	-6.89964157706093	-50.8745519713262	33.741935483871
G_Precuneus-3-R	G_Precuneus-3-R	270	397	3176	43	38	53	5.74307304785894	-51.8488664987405	32.1158690176322
G_Precuneus-4-L	G_Precuneus-4-L	271	269	2152	49	39	59	-7.00371747211896	-48.7955390334572	44.817843866171
G_Precuneus-4-R	G_Precuneus-4-R	272	269	2152	42	39	58	7.88847583643123	-48.4684014869889	43.4275092936803
G_Precuneus-5-L	G_Precuneus-5-L	273	324	2592	49	36	64	-7.70987654320987	-54.8703703703704	54.641975308642
G_Precuneus-5-R	G_Precuneus-5-R	274	341	2728	42	39	63	7.25513196480938	-49.6774193548387	53.4428152492669
G_Precuneus-6-L	G_Precuneus-6-L	275	265	2120	49	33	67	-7.35094339622641	-61.177358490566	61.8264150943396
G_Precuneus-6-R	G_Precuneus-6-R	276	301	2408	42	34	67	7.92691029900332	-59.9335548172757	61.5481727574751
G_Precuneus-7-L	G_Precuneus-7-L	277	159	1272	48	31	54	-5.937106918239	-64.7044025157233	35.0062893081761
G_Precuneus-7-R	G_Precuneus-7-R	278	148	1184	42	32	54	7.27027027027027	-62.5135135135135	35.7432432432432
G_Precuneus-8-L	G_Precuneus-8-L	279	336	2688	49	28	57	-6.94642857142857	-70.7142857142857	40.3154761904762
G_Precuneus-8-R	G_Precuneus-8-R	280	363	2904	40	29	57	10.6776859504132	-68.2203856749311	40.5399449035813
G_Precuneus-9-L	G_Precuneus-9-L	281	205	1640	51	29	61	-10.2439024390244	-69.5707317073171	48.1170731707317
G_Precuneus-9-R	G_Precuneus-9-R	282	274	2192	39	29	61	12.8029197080292	-68.1824817518248	49.3357664233577
S_Parietooccipital-1-L	S_Parietooccipital-1-L	283	469	3752	52	36	40	-12.0213219616205	-55.727078891258	7.56076759061834
S_Parietooccipital-1-R	S_Parietooccipital-1-R	284	435	3480	39	36	41	13.1126436781609	-54.1011494252874	8.49655172413793
S_Parietooccipital-2-L	S_Parietooccipital-2-L	285	130	1040	52	31	49	-13.4153846153846	-65.0769230769231	25.6769230769231
S_Parietooccipital-2-R	S_Parietooccipital-2-R	286	158	1264	38	33	50	15.8860759493671	-61.4303797468354	26.1645569620253
S_Parietooccipital-3-L	S_Parietooccipital-3-L	287	236	1888	51	26	55	-10.4491525423729	-75.0847457627119	36.4576271186441
S_Parietooccipital-3-R	S_Parietooccipital-3-R	288	254	2032	38	27	55	14.0551181102362	-72.8818897637795	37.2834645669291
S_Parietooccipital-4-L	S_Parietooccipital-4-L	289	323	2584	54	34	39	-17.9814241486068	-59.5727554179567	4.08049535603715
S_Parietooccipital-4-R	S_Parietooccipital-4-R	290	392	3136	35	34	40	20.6071428571429	-59.2040816326531	6.36224489795919
S_Parietooccipital-5-L	S_Parietooccipital-5-L	291	34	272	54	29	46	-17.7647058823529	-70	19.5882352941177
S_Parietooccipital-5-R	S_Parietooccipital-5-R	292	52	416	35	31	47	20.8846153846154	-65.5769230769231	20.0384615384615
S_Parietooccipital-6-L	S_Parietooccipital-6-L	293	177	1416	52	26	51	-12.5310734463277	-75.3220338983051	29.3220338983051
S_Parietooccipital-6-R	S_Parietooccipital-6-R	294	178	1424	38	27	51	15.0898876404494	-72.5056179775281	29.2584269662921
G_Cuneus-1-L	G_Cuneus-1-L	295	256	2048	48	22	51	-5.21875	-82.6640625	28.3828125
G_Cuneus-1-R	G_Cuneus-1-R	296	200	1600	41	23	51	8.67	-80.07	28.73
G_Cuneus-2-L	G_Cuneus-2-L	297	146	1168	48	18	46	-4.13698630136986	-91.8493150684932	18.6986301369863
G_Cuneus-2-R	G_Cuneus-2-R	298	144	1152	42	19	46	7.56944444444444	-88.5138888888889	19.2361111111111
G_Calcarine-1-L	G_Calcarine-1-L	299	540	4320	51	28	41	-10.4666666666667	-71.6259259259259	9.02592592592593
G_Calcarine-1-R	G_Calcarine-1-R	300	517	4136	40	29	42	11.6943907156673	-69.3771760154739	10.2630560928433
G_Calcarine-2-L	G_Calcarine-2-L	301	445	3560	49	23	41	-7.30337078651685	-80.6696629213483	8.59325842696629
G_Calcarine-2-R	G_Calcarine-2-R	302	413	3304	41	25	41	9.52058111380146	-77.7820823244552	9.36561743341404
G_Calcarine-3-L	G_Calcarine-3-L	303	926	7408	49	16	36	-6.68250539956803	-95.3455723542117	-1.33261339092873
G_Calcarine-3-R	G_Calcarine-3-R	304	853	6824	40	16	37	10.8182883939039	-94.2203985932005	1.10199296600234
G_Lingual-1-L	G_Lingual-1-L	305	162	1296	56	41	34	-20.2098765432099	-45.320987654321	-4.61728395061728
G_Lingual-1-R	G_Lingual-1-R	306	173	1384	36	42	35	19.6416184971098	-43.9421965317919	-3.89595375722543
G_Lingual-2-L	G_Lingual-2-L	307	283	2264	56	32	33	-21.1024734982332	-62.4593639575972	-6.81272084805654
G_Lingual-2-R	G_Lingual-2-R	308	330	2640	35	33	33	20.9878787878788	-60.230303030303	-6.0060606060606
G_Lingual-3-L	G_Lingual-3-L	309	239	1912	52	32	35	-13.6485355648536	-63.5564853556485	-3.60669456066945
G_Lingual-3-R	G_Lingual-3-R	310	262	2096	39	32	35	12.9465648854962	-63.8396946564885	-2.16030534351145
G_Lingual-4-L	G_Lingual-4-L	311	38	304	53	26	31	-14.1052631578947	-75.6842105263158	-10.1052631578947
G_Lingual-4-R	G_Lingual-4-R	312	39	312	39	27	32	13.025641025641	-72.4102564102564	-9.33333333333333
G_Lingual-5-L	G_Lingual-5-L	313	140	1120	51	23	32	-10.9857142857143	-81.2571428571429	-9.01428571428572
G_Lingual-5-R	G_Lingual-5-R	314	83	664	40	24	33	10.9397590361446	-79.3975903614458	-7.08433734939759
G_Lingual-6-L	G_Lingual-6-L	315	161	1288	49	23	34	-6.26086956521739	-80.4099378881988	-4.64596273291926
G_Lingual-6-R	G_Lingual-6-R	316	146	1168	42	24	35	6.65753424657534	-78.8630136986301	-3.35616438356165
G_Hippocampus-1-L	G_Hippocampus-1-L	317	463	3704	61	60	27	-30.2850971922246	-7.0280777537797	-19.3995680345572
G_Hippocampus-1-R	G_Hippocampus-1-R	318	424	3392	30	61	27	30.0330188679245	-4.96698113207547	-18.4528301886792
G_Hippocampus-2-L	G_Hippocampus-2-L	319	437	3496	58	47	35	-24.9427917620137	-32.4622425629291	-2.69107551487414
G_Hippocampus-2-R	G_Hippocampus-2-R	320	485	3880	33	48	36	25.0061855670103	-31.3690721649484	-1.98762886597937
G_ParaHippocampal-1-L	G_ParaHippocampal-1-L	321	231	1848	53	61	27	-15.7229437229437	-4.03463203463204	-18.3636363636364
G_ParaHippocampal-1-R	G_ParaHippocampal-1-R	322	211	1688	38	62	28	14.1327014218009	-3.67772511848341	-17.8388625592417
G_ParaHippocampal-2-L	G_ParaHippocampal-2-L	323	329	2632	59	50	27	-27.6413373860182	-26.6382978723404	-18.7477203647416
G_ParaHippocampal-2-R	G_ParaHippocampal-2-R	324	301	2408	31	51	27	28.6112956810631	-24.7441860465116	-18.6312292358804
G_ParaHippocampal-3-L	G_ParaHippocampal-3-L	325	94	752	54	57	21	-17.5531914893617	-12.6170212765958	-30.2340425531915
G_ParaHippocampal-3-R	G_ParaHippocampal-3-R	326	128	1024	36	56	22	18.09375	-14.34375	-28.515625
G_ParaHippocampal-4-L	G_ParaHippocampal-4-L	327	259	2072	54	50	30	-17.1583011583012	-27.3667953667954	-12.8108108108108
G_ParaHippocampal-4-R	G_ParaHippocampal-4-R	328	321	2568	37	50	31	16.6915887850467	-27.3894080996885	-10.0498442367601
G_ParaHippocampal-5-L	G_ParaHippocampal-5-L	329	387	3096	59	44	31	-27.0749354005168	-39.5917312661499	-10.8630490956072
G_ParaHippocampal-5-R	G_ParaHippocampal-5-R	330	341	2728	32	46	31	27.1671554252199	-35.9882697947214	-11.9296187683284
G_Fusiform-1-L	G_Fusiform-1-L	331	1013	8104	61	59	19	-31.5478775913129	-8.7680157946693	-34.0868706811451
G_Fusiform-1-R	G_Fusiform-1-R	332	1071	8568	30	60	19	31.3949579831933	-7.6937441643324	-34.3025210084034
G_Fusiform-2-L	G_Fusiform-2-L	333	149	1192	63	51	25	-35.4093959731544	-25.6241610738255	-23.1140939597315
G_Fusiform-2-R	G_Fusiform-2-R	334	172	1376	27	51	25	37.9186046511628	-24.5	-23.8255813953488
G_Fusiform-3-L	G_Fusiform-3-L	335	347	2776	64	47	25	-36.5763688760807	-32.2305475504323	-23.7521613832853
G_Fusiform-3-R	G_Fusiform-3-R	336	390	3120	27	48	25	37.374358974359	-31.2923076923077	-23.625641025641
G_Fusiform-4-L	G_Fusiform-4-L	337	458	3664	67	39	28	-43.1266375545852	-49.7860262008734	-17.4061135371179
G_Fusiform-4-R	G_Fusiform-4-R	338	373	2984	23	40	28	44.0911528150134	-46.058981233244	-17.6943699731903
G_Fusiform-5-L	G_Fusiform-5-L	339	96	768	61	38	30	-31.4791666666667	-50.3958333333333	-12.4375
G_Fusiform-5-R	G_Fusiform-5-R	340	150	1200	29	40	31	32.3866666666667	-46.7333333333333	-11.32
G_Fusiform-6-L	G_Fusiform-6-L	341	443	3544	60	31	32	-28.1489841986456	-65.9864559819413	-9.52144469525959
G_Fusiform-6-R	G_Fusiform-6-R	342	486	3888	31	33	32	29.0123456790123	-61.6748971193416	-9.47736625514403
G_Fusiform-7-L	G_Fusiform-7-L	343	266	2128	57	21	31	-23.0902255639098	-84.015037593985	-10.3308270676692
G_Fusiform-7-R	G_Fusiform-7-R	344	243	1944	34	23	32	22.8888888888889	-80.4526748971194	-8.34567901234568
N_Amygdala-1-L	N_Amygdala-1-L	345	212	1696	56	63	31	-21.9339622641509	-0.405660377358487	-11.5
N_Amygdala-1-R	N_Amygdala-1-R	346	197	1576	35	64	30	21.1269035532995	1.65482233502539	-12.2842639593909
N_Caudate-1-L	N_Caudate-1-L	347	40	320	51	74	37	-11.5	21.85	1.05
N_Caudate-1-R	N_Caudate-1-R	348	33	264	40	75	36	11.2121212121212	22.8484848484848	-1.21212121212122
N_Caudate-2-L	N_Caudate-2-L	349	30	240	53	77	37	-14.4	26.1333333333333	0.200000000000003
N_Caudate-2-R	N_Caudate-2-R	350	43	344	38	77	37	15.6744186046512	27.7674418604651	1.81395348837209
N_Caudate-3-L	N_Caudate-3-L	351	337	2696	52	70	32	-12.3026706231454	13.6913946587537	-8.20771513353115
N_Caudate-3-R	N_Caudate-3-R	352	318	2544	40	71	33	11.7106918238994	14.5408805031446	-7.61635220125787
N_Caudate-4-L	N_Caudate-4-L	353	132	1056	53	69	43	-15.3636363636364	11.2424242424242	12.1969696969697
N_Caudate-4-R	N_Caudate-4-R	354	143	1144	38	73	41	14.2097902097902	19.9160839160839	8.1958041958042
N_Caudate-5-L	N_Caudate-5-L	355	354	2832	52	68	41	-12.9209039548023	9.77966101694915	8.27118644067797
N_Caudate-5-R	N_Caudate-5-R	356	302	2416	39	69	41	12.4304635761589	10.0066225165563	8.78807947019868
N_Caudate-6-L	N_Caudate-6-L	357	122	976	54	65	46	-16	3.50819672131146	18.655737704918
N_Caudate-6-R	N_Caudate-6-R	358	157	1256	38	67	45	15.1210191082803	6.52229299363057	17.5414012738854
N_Caudate-7-L	N_Caudate-7-L	359	58	464	55	57	49	-18.4137931034483	-12.3103448275862	25.2758620689655
N_Caudate-7-R	N_Caudate-7-R	360	155	1240	37	60	48	16.9806451612903	-7.58709677419355	23.858064516129
N_Pallidum-1-L	N_Pallidum-1-L	361	132	1056	55	59	36	-18.6363636363636	-8.15151515151516	-0.515151515151516
N_Pallidum-1-R	N_Pallidum-1-R	362	85	680	36	60	36	18.9647058823529	-6.91764705882353	-0.588235294117652
N_Putamen-2-L	N_Putamen-2-L	363	640	5120	57	67	37	-23.303125	6.26249999999999	0.784374999999997
N_Putamen-2-R	N_Putamen-2-R	364	626	5008	34	67	37	23.2268370607029	7.35463258785941	0.773162939297123
N_Putamen-3-L	N_Putamen-3-L	365	704	5632	60	60	37	-28.0056818181818	-6.26420454545455	1.77272727272727
N_Putamen-3-R	N_Putamen-3-R	366	745	5960	31	61	37	28.5342281879195	-4.09664429530201	0.861744966442956
N_Thalamus-1-L	N_Thalamus-1-L	367	81	648	48	64	37	-4.27160493827161	0.271604938271594	1.4320987654321
N_Thalamus-1-R	N_Thalamus-1-R	368	67	536	44	64	37	3.61194029850746	0.388059701492551	1.40298507462687
N_Thalamus-2-L	N_Thalamus-2-L	369	218	1744	50	59	43	-9.09174311926606	-8.55045871559633	12.954128440367
N_Thalamus-2-R	N_Thalamus-2-R	370	222	1776	41	60	43	8.54054054054055	-7.45045045045045	12.5135135135135
N_Thalamus-3-L	N_Thalamus-3-L	371	29	232	47	60	36	-3.31034482758621	-7.44827586206897	-1.10344827586206
N_Thalamus-3-R	N_Thalamus-3-R	372	23	184	44	60	36	2.78260869565217	-7.04347826086956	-1.1304347826087
N_Thalamus-4-L	N_Thalamus-4-L	373	87	696	47	56	41	-3.2183908045977	-14.3908045977011	8.41379310344827
N_Thalamus-4-R	N_Thalamus-4-R	374	96	768	44	56	41	3.29166666666667	-14.4583333333333	8.9375
N_Thalamus-5-L	N_Thalamus-5-L	375	630	5040	52	54	40	-12.4095238095238	-18.9650793650794	7.00952380952381
N_Thalamus-5-R	N_Thalamus-5-R	376	577	4616	39	55	40	12.6620450606586	-17.4696707105719	6.39861351819758
N_Thalamus-6-L	N_Thalamus-6-L	377	120	960	53	49	43	-15.05	-28.2833333333333	13.55
N_Thalamus-6-R	N_Thalamus-6-R	378	160	1280	38	50	43	14.55	-26.5125	12.725
N_Thalamus-7-L	N_Thalamus-7-L	379	30	240	50	49	42	-8.86666666666666	-28.0666666666667	10.6666666666667
N_Thalamus-7-R	N_Thalamus-7-R	380	37	296	41	50	41	8.75675675675676	-26.4864864864865	9.78378378378379
N_Thalamus-8-L	N_Thalamus-8-L	381	44	352	48	50	44	-4.90909090909091	-26.2727272727273	14.0454545454545
N_Thalamus-8-R	N_Thalamus-8-R	382	30	240	44	51	43	3.53333333333333	-25.3333333333333	13.1333333333333
N_Thalamus-9-L	N_Thalamus-9-L	383	276	2208	48	58	33	-5.39130434782609	-10.7101449275362	-7.31159420289855
N_Thalamus-9-R	N_Thalamus-9-R	384	219	1752	43	58	33	4.78538812785388	-10.2739726027397	-6.43835616438356
