#!ascii label  , from subject freesurfer vox2ras=TkReg
1565
94244  -42.388  23.397  -0.202 0.0000000000
91516  -53.694  20.355  -14.631 0.0000000000
100305  -48.374  31.016  2.947 0.0000000000
92410  -51.392  21.332  -5.769 0.0000000000
91340  -51.465  20.368  4.438 0.0000000000
97865  -46.988  27.261  -10.906 0.0000000000
102120  -52.804  32.485  -10.372 0.0000000000
103672  -44.731  34.864  -5.677 0.0000000000
154139  -41.961  21.345  11.018 0.0000000000
92377  -46.085  20.788  -3.116 0.0000000000
93361  -47.429  22.444  -8.650 0.0000000000
96126  -44.730  25.788  -4.722 0.0000000000
101992  -53.632  32.856  4.360 0.0000000000
100346  -53.410  30.506  -3.272 0.0000000000
102865  -53.313  33.169  -2.075 0.0000000000
143339  -48.124  32.664  -6.925 0.0000000000
105104  -48.589  36.436  -1.482 0.0000000000
92514  -49.428  22.163  -16.820 0.0000000000
96953  -39.759  26.359  4.465 0.0000000000
139651  -43.270  29.095  0.293 0.0000000000
93304  -56.369  23.184  -3.434 0.0000000000
140932  -51.943  20.099  -0.253 0.0000000000
89130  -45.730  18.678  0.934 0.0000000000
89069  -44.027  18.381  6.400 0.0000000000
94387  -50.162  23.704  -15.210 0.0000000000
97060  -48.974  26.776  -17.518 0.0000000000
98630  -48.983  29.156  -3.860 0.0000000000
145896  -50.776  29.599  -10.780 0.0000000000
101301  -48.764  30.751  -17.768 0.0000000000
132644  -45.854  31.558  -14.619 0.0000000000
101215  -42.681  31.799  -11.086 0.0000000000
93286  -44.209  22.672  -1.725 0.0000000000
93315  -44.944  22.874  -4.127 0.0000000000
147199  -44.206  25.026  -2.028 0.0000000000
104329  -53.591  35.405  2.833 0.0000000000
102844  -54.367  33.246  0.374 0.0000000000
103638  -52.311  34.586  0.570 0.0000000000
103650  -49.781  34.377  -1.335 0.0000000000
92507  -51.744  21.388  -15.962 0.0000000000
97758  -38.888  27.033  6.619 0.0000000000
96944  -41.311  27.167  6.103 0.0000000000
90261  -51.453  20.000  1.726 0.0000000000
90269  -48.839  18.951  0.377 0.0000000000
89107  -49.008  18.813  2.914 0.0000000000
91309  -43.665  20.388  8.237 0.0000000000
90228  -37.923  19.727  4.740 0.0000000000
93243  -36.911  22.591  3.850 0.0000000000
92320  -34.627  21.734  5.633 0.0000000000
92449  -51.743  21.872  -8.420 0.0000000000
94340  -46.544  24.091  -10.144 0.0000000000
93413  -48.900  22.743  -12.264 0.0000000000
95293  -47.635  24.562  -13.591 0.0000000000
95308  -49.105  25.093  -16.352 0.0000000000
97878  -47.708  27.232  -13.861 0.0000000000
100307  -45.864  30.345  1.628 0.0000000000
98620  -46.527  29.262  -2.096 0.0000000000
100321  -49.078  30.756  -0.440 0.0000000000
101185  -54.683  31.663  -6.432 0.0000000000
99527  -52.729  30.294  -7.269 0.0000000000
100418  -53.700  31.035  -11.205 0.0000000000
99595  -51.338  30.446  -14.896 0.0000000000
102154  -51.076  32.197  -14.101 0.0000000000
101283  -47.304  31.467  -16.328 0.0000000000
101245  -49.187  31.948  -12.625 0.0000000000
102911  -46.280  33.028  -6.126 0.0000000000
101199  -45.616  31.808  -8.781 0.0000000000
102064  -43.420  32.489  -7.930 0.0000000000
102098  -41.468  32.449  -9.771 0.0000000000
103692  -42.551  34.628  -7.444 0.0000000000
91425  -48.090  20.721  -4.581 0.0000000000
92434  -48.905  21.552  -7.545 0.0000000000
93326  -46.424  22.217  -5.848 0.0000000000
94311  -45.506  23.871  -7.566 0.0000000000
97007  -45.564  26.344  -7.877 0.0000000000
101136  -51.572  31.779  3.813 0.0000000000
100317  -51.406  31.206  0.112 0.0000000000
101156  -53.926  31.680  0.872 0.0000000000
102017  -55.166  32.049  -2.896 0.0000000000
102056  -53.393  32.524  -6.103 0.0000000000
133536  -50.687  32.534  -9.049 0.0000000000
102028  -50.658  32.747  -4.600 0.0000000000
102870  -47.927  33.737  -3.684 0.0000000000
105109  -46.445  36.309  -3.359 0.0000000000
93453  -47.564  22.648  -17.231 0.0000000000
96095  -39.953  25.354  1.715 0.0000000000
96968  -42.401  26.963  -0.825 0.0000000000
97777  -41.342  27.643  2.909 0.0000000000
98602  -43.432  28.641  4.008 0.0000000000
132156  -46.108  29.570  5.323 0.0000000000
100254  -45.324  31.217  7.646 0.0000000000
100277  -48.912  30.862  6.683 0.0000000000
148836  -53.666  21.765  -4.551 0.0000000000
91402  -53.942  21.221  -1.849 0.0000000000
91414  -51.609  20.522  -3.384 0.0000000000
133750  -48.888  19.566  -2.270 0.0000000000
90286  -45.877  19.578  -1.116 0.0000000000
91316  -50.649  20.722  7.571 0.0000000000
92277  -45.761  22.200  9.833 0.0000000000
90194  -46.952  19.704  7.769 0.0000000000
89073  -48.116  18.793  6.027 0.0000000000
132057  -44.741  17.763  3.613 0.0000000000
93263  -40.937  22.329  1.132 0.0000000000
94378  -55.071  23.009  -14.278 0.0000000000
92467  -50.298  21.794  -10.220 0.0000000000
93428  -52.272  22.922  -14.023 0.0000000000
151090  -53.087  23.454  -15.930 0.0000000000
94416  -51.751  23.840  -17.104 0.0000000000
94420  -49.729  24.447  -18.296 0.0000000000
96222  -47.894  25.808  -18.989 0.0000000000
97790  -44.273  27.267  -2.354 0.0000000000
97810  -46.439  27.625  -4.329 0.0000000000
98663  -47.770  28.495  -7.133 0.0000000000
99495  -51.062  29.928  -3.603 0.0000000000
99533  -49.807  29.378  -7.586 0.0000000000
97867  -48.512  28.605  -10.822 0.0000000000
98717  -49.452  29.097  -14.381 0.0000000000
98746  -49.176  28.854  -18.210 0.0000000000
97900  -46.851  27.765  -18.901 0.0000000000
101219  -47.755  31.702  -10.674 0.0000000000
132283  -44.619  31.507  -12.377 0.0000000000
102151  -40.837  31.992  -14.074 0.0000000000
102126  -39.406  32.546  -12.478 0.0000000000
102950  -38.362  32.893  -11.385 0.0000000000
93285  -43.632  22.947  -0.976 0.0000000000
94252  -44.070  23.631  -1.548 0.0000000000
95209  -43.242  24.308  -0.918 0.0000000000
104347  -52.942  35.450  1.716 0.0000000000
104357  -51.195  35.810  0.503 0.0000000000
91524  -52.340  20.834  -15.421 0.0000000000
90243  -51.632  20.288  2.799 0.0000000000
90259  -50.223  19.418  2.006 0.0000000000
90241  -50.335  19.580  3.426 0.0000000000
90220  -37.718  19.345  5.506 0.0000000000
91329  -36.434  20.297  5.262 0.0000000000
92425  -52.186  21.822  -6.681 0.0000000000
92437  -51.650  21.729  -7.090 0.0000000000
96167  -46.330  25.661  -10.417 0.0000000000
95284  -46.770  24.584  -11.523 0.0000000000
97038  -46.707  26.016  -11.896 0.0000000000
96185  -47.468  25.379  -13.880 0.0000000000
97039  -47.042  26.513  -12.481 0.0000000000
100304  -47.485  30.657  3.053 0.0000000000
100314  -47.561  30.861  0.793 0.0000000000
131654  -48.574  31.183  1.057 0.0000000000
102093  -54.019  32.283  -8.431 0.0000000000
100402  -54.304  31.151  -8.632 0.0000000000
102134  -53.611  32.056  -11.008 0.0000000000
101246  -53.134  31.878  -12.713 0.0000000000
102132  -52.112  32.450  -11.879 0.0000000000
102143  -50.444  32.234  -13.512 0.0000000000
132827  -51.394  32.451  -11.121 0.0000000000
102896  -44.913  33.967  -5.836 0.0000000000
102066  -45.336  32.601  -7.269 0.0000000000
102910  -44.559  33.687  -6.352 0.0000000000
156804  -42.822  32.923  -7.731 0.0000000000
103679  -43.719  34.713  -6.717 0.0000000000
92383  -47.182  20.869  -4.216 0.0000000000
92407  -47.659  21.428  -5.654 0.0000000000
92396  -46.652  21.429  -4.621 0.0000000000
95231  -44.530  24.327  -4.773 0.0000000000
139729  -45.243  23.248  -5.823 0.0000000000
96137  -44.680  24.878  -6.176 0.0000000000
95256  -45.255  24.764  -7.632 0.0000000000
96138  -44.929  25.731  -6.579 0.0000000000
101138  -52.755  32.293  4.279 0.0000000000
101142  -52.548  31.676  2.161 0.0000000000
155414  -53.625  32.142  2.555 0.0000000000
102857  -54.147  33.115  -1.320 0.0000000000
102858  -54.661  32.611  -0.928 0.0000000000
102866  -54.250  32.833  -2.235 0.0000000000
102030  -54.131  32.526  -4.581 0.0000000000
102029  -53.240  32.620  -4.388 0.0000000000
102041  -51.937  32.579  -5.576 0.0000000000
102874  -52.119  32.851  -3.339 0.0000000000
104367  -49.410  35.130  -1.035 0.0000000000
102861  -48.982  33.718  -2.819 0.0000000000
103648  -48.235  35.076  -2.023 0.0000000000
103658  -46.746  34.664  -3.562 0.0000000000
105107  -47.477  36.257  -2.404 0.0000000000
92513  -48.364  22.262  -16.920 0.0000000000
139995  -39.635  25.942  2.731 0.0000000000
96958  -40.611  26.990  2.470 0.0000000000
96954  -40.358  26.795  4.204 0.0000000000
97768  -42.433  27.694  5.884 0.0000000000
134918  -42.429  27.677  5.411 0.0000000000
146352  -43.751  28.341  5.358 0.0000000000
99455  -44.870  29.190  4.604 0.0000000000
98595  -45.268  29.059  6.488 0.0000000000
101958  -44.654  32.513  7.046 0.0000000000
100268  -47.071  30.472  7.500 0.0000000000
145523  -47.942  31.884  7.652 0.0000000000
156807  -49.869  31.622  7.123 0.0000000000
102774  -48.649  32.859  7.143 0.0000000000
145492  -55.033  22.642  -4.827 0.0000000000
93319  -55.110  22.414  -3.993 0.0000000000
92371  -54.115  21.250  -0.794 0.0000000000
91392  -53.505  20.856  -1.020 0.0000000000
91415  -52.493  20.736  -3.035 0.0000000000
90299  -51.337  19.966  -1.806 0.0000000000
90311  -50.096  19.932  -3.063 0.0000000000
138579  -50.150  19.581  -1.492 0.0000000000
149174  -47.552  18.669  0.720 0.0000000000
90279  -47.359  18.995  -0.573 0.0000000000
90267  -46.108  18.878  0.250 0.0000000000
92275  -44.194  21.754  9.814 0.0000000000
155435  -44.857  20.688  8.415 0.0000000000
90209  -45.434  19.021  7.231 0.0000000000
90211  -47.522  19.080  6.962 0.0000000000
148086  -46.351  18.389  6.117 0.0000000000
89096  -46.002  17.813  4.607 0.0000000000
89083  -44.535  17.907  5.538 0.0000000000
93261  -39.641  23.025  1.803 0.0000000000
93255  -39.124  22.578  2.323 0.0000000000
153920  -55.642  22.797  -13.656 0.0000000000
93351  -48.008  21.852  -8.019 0.0000000000
92447  -50.035  21.557  -8.662 0.0000000000
93374  -48.440  22.239  -9.757 0.0000000000
94363  -49.200  22.957  -13.162 0.0000000000
93414  -49.756  22.557  -12.561 0.0000000000
93437  -51.733  23.341  -14.775 0.0000000000
93438  -52.657  23.445  -15.053 0.0000000000
94389  -52.148  23.739  -15.806 0.0000000000
93468  -52.209  23.511  -16.785 0.0000000000
94398  -51.592  24.042  -16.412 0.0000000000
96199  -48.882  25.894  -16.798 0.0000000000
96206  -49.804  25.367  -17.892 0.0000000000
96214  -49.323  25.804  -18.381 0.0000000000
142542  -48.792  24.818  -18.645 0.0000000000
97073  -48.806  26.295  -18.671 0.0000000000
97785  -42.309  27.811  -0.301 0.0000000000
96969  -43.084  26.794  -1.488 0.0000000000
98617  -43.630  28.374  -1.267 0.0000000000
98625  -47.503  28.897  -2.904 0.0000000000
98628  -46.935  28.339  -3.263 0.0000000000
98639  -47.706  28.418  -4.412 0.0000000000
97827  -47.097  28.130  -5.613 0.0000000000
98655  -47.798  28.519  -6.008 0.0000000000
100332  -52.217  30.660  -1.515 0.0000000000
100338  -51.291  30.420  -1.852 0.0000000000
100345  -52.643  30.342  -3.654 0.0000000000
99544  -51.967  30.057  -8.803 0.0000000000
99534  -50.799  29.649  -7.419 0.0000000000
99551  -50.344  29.476  -9.128 0.0000000000
98684  -49.585  29.281  -9.143 0.0000000000
98693  -49.827  29.346  -10.438 0.0000000000
98709  -48.861  28.676  -12.621 0.0000000000
99577  -50.318  29.501  -12.131 0.0000000000
100455  -50.597  30.739  -16.404 0.0000000000
99612  -50.435  30.194  -16.633 0.0000000000
99624  -49.351  29.644  -18.123 0.0000000000
98753  -48.059  28.448  -19.029 0.0000000000
99622  -47.815  29.130  -18.782 0.0000000000
145645  -46.348  28.174  -18.275 0.0000000000
144999  -46.762  30.307  -17.749 0.0000000000
132278  -46.780  31.555  -14.985 0.0000000000
100452  -45.117  30.908  -16.702 0.0000000000
140270  -49.483  32.529  -8.087 0.0000000000
102102  -49.036  32.246  -9.707 0.0000000000
102101  -48.023  32.154  -9.282 0.0000000000
101207  -44.317  31.587  -9.696 0.0000000000
101217  -44.804  31.464  -10.572 0.0000000000
101229  -43.354  31.666  -11.718 0.0000000000
101239  -42.288  32.153  -13.295 0.0000000000
102142  -41.492  32.373  -12.657 0.0000000000
102150  -40.088  31.933  -13.650 0.0000000000
102128  -40.936  32.500  -11.831 0.0000000000
102938  -40.112  33.163  -9.524 0.0000000000
102945  -39.670  33.006  -10.634 0.0000000000
102937  -39.281  33.327  -9.745 0.0000000000
102943  -37.948  33.102  -10.684 0.0000000000
156765  -44.876  21.444  -2.377 0.0000000000
93302  -45.299  22.201  -3.785 0.0000000000
93292  -44.574  22.686  -2.538 0.0000000000
95216  -44.472  24.112  -2.864 0.0000000000
96117  -44.486  25.098  -3.318 0.0000000000
102839  -54.372  33.187  2.457 0.0000000000
103634  -53.858  34.064  1.694 0.0000000000
103639  -53.120  34.222  0.764 0.0000000000
102848  -52.671  33.725  -0.649 0.0000000000
102854  -51.324  33.594  -1.630 0.0000000000
103644  -51.051  34.451  -0.274 0.0000000000
105101  -50.472  36.193  0.017 0.0000000000
92506  -50.701  21.454  -16.096 0.0000000000
96080  -39.272  26.417  6.088 0.0000000000
96950  -40.548  26.768  5.070 0.0000000000
96943  -40.653  26.964  6.345 0.0000000000
152084  -51.643  19.975  0.575 0.0000000000
90281  -50.344  19.469  0.131 0.0000000000
131943  -49.995  19.317  1.415 0.0000000000
89124  -48.626  18.736  1.568 0.0000000000
89122  -47.005  18.464  1.821 0.0000000000
92289  -42.810  21.321  9.513 0.0000000000
90189  -42.280  19.555  7.697 0.0000000000
91339  -38.938  19.818  3.882 0.0000000000
92334  -38.193  21.427  3.313 0.0000000000
91346  -37.970  20.797  3.768 0.0000000000
92328  -35.874  21.984  4.618 0.0000000000
94331  -47.103  23.301  -10.050 0.0000000000
93385  -47.803  22.707  -10.320 0.0000000000
94351  -47.538  23.466  -11.453 0.0000000000
94361  -47.630  23.763  -12.310 0.0000000000
95294  -48.193  24.130  -14.146 0.0000000000
95309  -49.847  24.413  -15.993 0.0000000000
95301  -48.432  24.468  -14.901 0.0000000000
96191  -47.781  25.595  -14.906 0.0000000000
97051  -48.315  27.412  -15.512 0.0000000000
99468  -45.095  30.100  1.149 0.0000000000
99474  -45.409  29.748  -0.857 0.0000000000
100319  -45.994  30.261  -0.076 0.0000000000
100328  -47.404  30.227  -1.046 0.0000000000
99488  -49.104  29.617  -2.646 0.0000000000
100368  -54.761  31.044  -4.963 0.0000000000
141815  -53.350  30.424  -4.927 0.0000000000
100385  -54.143  30.809  -7.284 0.0000000000
156954  -53.467  30.574  -9.293 0.0000000000
100407  -52.501  30.354  -11.399 0.0000000000
99579  -51.898  30.256  -12.840 0.0000000000
100424  -52.557  30.681  -13.243 0.0000000000
101274  -51.786  31.521  -14.782 0.0000000000
156302  -50.058  31.573  -16.038 0.0000000000
101293  -47.839  31.350  -16.990 0.0000000000
101271  -49.334  31.823  -14.862 0.0000000000
101257  -48.597  31.729  -14.296 0.0000000000
133442  -47.960  31.603  -13.608 0.0000000000
155815  -47.115  32.716  -6.837 0.0000000000
102087  -46.804  32.257  -8.186 0.0000000000
102067  -46.407  32.511  -7.459 0.0000000000
102086  -44.996  32.073  -8.090 0.0000000000
101206  -43.407  31.700  -9.561 0.0000000000
102116  -42.054  32.079  -10.441 0.0000000000
102083  -42.614  32.477  -8.349 0.0000000000
102930  -42.100  33.033  -7.927 0.0000000000
103701  -41.083  33.966  -7.875 0.0000000000
91437  -49.957  20.796  -5.272 0.0000000000
92422  -49.976  21.382  -6.682 0.0000000000
92408  -48.503  21.265  -5.840 0.0000000000
92433  -48.095  21.674  -7.127 0.0000000000
93349  -46.793  22.528  -7.552 0.0000000000
93325  -45.699  22.607  -5.444 0.0000000000
93338  -45.873  22.774  -6.350 0.0000000000
93360  -46.658  22.858  -8.272 0.0000000000
95265  -46.065  24.016  -8.972 0.0000000000
96159  -45.801  25.645  -9.160 0.0000000000
97014  -46.292  26.968  -9.021 0.0000000000
101134  -49.916  31.392  3.729 0.0000000000
101147  -50.301  31.501  1.933 0.0000000000
101148  -51.073  31.565  1.859 0.0000000000
101160  -52.847  31.227  -0.115 0.0000000000
100334  -54.176  31.136  -1.456 0.0000000000
102010  -54.612  32.286  0.348 0.0000000000
100327  -54.862  31.815  -1.144 0.0000000000
100348  -54.755  31.006  -3.054 0.0000000000
101180  -55.116  31.549  -4.790 0.0000000000
102057  -54.252  32.315  -6.102 0.0000000000
140269  -52.887  32.572  -8.295 0.0000000000
102105  -51.697  32.567  -9.148 0.0000000000
140272  -51.860  32.578  -6.984 0.0000000000
140273  -50.726  32.578  -6.960 0.0000000000
102039  -49.470  32.651  -5.854 0.0000000000
102862  -50.033  33.416  -2.760 0.0000000000
102887  -49.679  32.956  -4.399 0.0000000000
142651  -48.525  32.804  -5.652 0.0000000000
102884  -46.869  33.663  -4.694 0.0000000000
102883  -46.048  33.967  -4.928 0.0000000000
104388  -45.172  35.233  -5.007 0.0000000000
95201  -41.385  24.891  0.213 0.0000000000
96103  -42.444  25.410  -0.646 0.0000000000
96099  -41.126  25.671  0.443 0.0000000000
97782  -41.304  27.175  0.844 0.0000000000
98608  -42.347  28.549  1.632 0.0000000000
97774  -41.575  27.446  4.390 0.0000000000
98601  -42.634  28.205  3.984 0.0000000000
99466  -43.658  29.363  2.007 0.0000000000
99460  -45.247  29.672  3.545 0.0000000000
99461  -46.242  30.021  3.824 0.0000000000
100292  -47.337  30.263  4.721 0.0000000000
99423  -44.844  29.377  7.294 0.0000000000
99434  -45.864  29.533  6.886 0.0000000000
99436  -47.376  30.104  6.342 0.0000000000
132867  -48.680  30.806  4.712 0.0000000000
101127  -50.231  31.379  5.343 0.0000000000
101118  -51.423  31.929  5.641 0.0000000000
101981  -52.400  32.831  6.151 0.0000000000
93329  -53.775  22.394  -5.827 0.0000000000
149428  -52.618  21.620  -5.453 0.0000000000
93287  -55.264  22.094  -1.377 0.0000000000
93294  -55.490  22.358  -2.397 0.0000000000
92385  -54.175  21.560  -2.977 0.0000000000
91428  -52.188  20.923  -4.045 0.0000000000
91427  -51.303  20.712  -4.349 0.0000000000
91412  -49.984  20.277  -3.861 0.0000000000
148870  -48.630  20.348  -4.002 0.0000000000
91398  -47.454  19.968  -2.902 0.0000000000
133046  -49.092  19.300  -0.888 0.0000000000
90295  -47.086  19.639  -2.085 0.0000000000
91396  -45.784  20.479  -2.368 0.0000000000
91387  -44.741  20.662  -1.405 0.0000000000
92294  -47.640  21.857  9.404 0.0000000000
91293  -44.252  21.094  8.774 0.0000000000
91295  -45.966  21.292  8.849 0.0000000000
91297  -48.008  21.104  8.952 0.0000000000
90196  -48.825  19.819  7.474 0.0000000000
90213  -49.537  19.682  6.579 0.0000000000
90223  -49.882  19.549  5.303 0.0000000000
133410  -48.464  18.639  4.397 0.0000000000
89105  -46.553  18.042  3.122 0.0000000000
133870  -45.436  18.230  2.242 0.0000000000
94239  -41.684  23.289  0.323 0.0000000000
152731  -40.513  23.683  1.063 0.0000000000
95194  -39.664  24.586  1.785 0.0000000000
95182  -38.873  25.219  3.210 0.0000000000
96085  -38.679  25.697  4.815 0.0000000000
91505  -56.045  21.316  -13.367 0.0000000000
91517  -55.479  21.382  -14.113 0.0000000000
92511  -54.594  22.259  -15.199 0.0000000000
134591  -50.640  21.554  -7.975 0.0000000000
92461  -51.472  21.820  -9.094 0.0000000000
93387  -49.438  22.190  -10.863 0.0000000000
93401  -51.054  22.248  -11.832 0.0000000000
93403  -52.872  22.596  -12.221 0.0000000000
94377  -53.921  23.227  -14.423 0.0000000000
94391  -53.616  23.295  -15.407 0.0000000000
92509  -53.523  22.120  -15.892 0.0000000000
92518  -53.054  22.482  -16.316 0.0000000000
93458  -51.960  22.851  -16.928 0.0000000000
93466  -50.925  23.443  -17.517 0.0000000000
95319  -50.839  24.357  -17.331 0.0000000000
94415  -50.633  23.930  -17.743 0.0000000000
93465  -49.991  23.426  -17.721 0.0000000000
156027  -48.519  23.732  -18.236 0.0000000000
143754  -47.441  23.751  -18.144 0.0000000000
153460  -46.583  24.702  -18.243 0.0000000000
96106  -43.461  25.918  -1.594 0.0000000000
96972  -44.348  26.420  -2.553 0.0000000000
96975  -45.108  26.851  -3.412 0.0000000000
133427  -45.141  28.557  -2.023 0.0000000000
97793  -45.608  27.554  -3.108 0.0000000000
97809  -45.748  27.095  -4.707 0.0000000000
97825  -45.785  27.151  -6.449 0.0000000000
97835  -46.425  27.542  -7.674 0.0000000000
97850  -46.835  27.569  -9.271 0.0000000000
100322  -50.282  30.748  -0.721 0.0000000000
99483  -50.509  30.172  -2.231 0.0000000000
139300  -49.781  29.437  -4.007 0.0000000000
99504  -51.814  30.118  -4.812 0.0000000000
99516  -50.980  29.788  -5.223 0.0000000000
98649  -49.463  29.294  -5.320 0.0000000000
98664  -48.734  28.960  -7.086 0.0000000000
98682  -48.040  28.479  -8.913 0.0000000000
137475  -47.659  28.074  -10.597 0.0000000000
97873  -48.044  28.162  -12.087 0.0000000000
98730  -48.955  28.270  -16.151 0.0000000000
99594  -50.384  29.755  -14.984 0.0000000000
98731  -49.614  28.973  -16.709 0.0000000000
97894  -49.033  27.546  -17.650 0.0000000000
97907  -48.641  27.026  -18.793 0.0000000000
97066  -47.030  26.377  -19.011 0.0000000000
100458  -45.983  30.553  -17.263 0.0000000000
102117  -49.703  32.252  -10.521 0.0000000000
101232  -48.716  31.834  -11.789 0.0000000000
101242  -46.525  31.500  -12.749 0.0000000000
154596  -46.621  31.614  -10.152 0.0000000000
132282  -46.389  31.488  -11.648 0.0000000000
132281  -44.788  31.558  -13.342 0.0000000000
101253  -43.055  31.903  -13.938 0.0000000000
101264  -41.784  31.639  -14.949 0.0000000000
99582  -40.605  30.329  -13.881 0.0000000000
102114  -40.342  32.715  -11.227 0.0000000000
147343  -38.838  32.701  -11.968 0.0000000000
105123  -45.075  36.735  -5.427 0.0000000000
105131  -44.552  36.565  -6.242 0.0000000000
104395  -43.580  35.557  -6.974 0.0000000000
104407  -42.285  35.484  -7.565 0.0000000000
103690  -40.934  34.763  -7.686 0.0000000000
94245  -43.095  23.558  -0.666 0.0000000000
94251  -43.645  23.796  -1.087 0.0000000000
147706  -42.572  24.133  -0.500 0.0000000000
91525  -53.381  21.149  -15.348 0.0000000000
91341  -52.230  20.786  4.083 0.0000000000
91351  -52.495  20.839  3.140 0.0000000000
91350  -51.597  20.372  3.530 0.0000000000
90242  -51.016  19.901  3.105 0.0000000000
90234  -50.883  19.948  3.901 0.0000000000
90201  -37.651  19.045  6.578 0.0000000000
92424  -51.463  21.558  -6.428 0.0000000000
97031  -46.631  26.335  -11.108 0.0000000000
96172  -46.572  25.402  -11.306 0.0000000000
97032  -46.985  26.912  -11.719 0.0000000000
100309  -47.918  31.003  1.981 0.0000000000
100310  -48.839  31.264  1.974 0.0000000000
137749  -53.404  32.386  -9.797 0.0000000000
102121  -53.923  32.100  -10.110 0.0000000000
147541  -53.395  32.274  -10.510 0.0000000000
102133  -52.966  32.340  -11.280 0.0000000000
136748  -52.257  32.489  -10.949 0.0000000000
103680  -44.306  34.405  -6.225 0.0000000000
102909  -43.913  33.840  -6.669 0.0000000000
92382  -46.392  21.140  -3.854 0.0000000000
96125  -44.507  25.054  -4.288 0.0000000000
151838  -44.608  24.365  -5.531 0.0000000000
96132  -44.542  25.047  -5.202 0.0000000000
96133  -44.770  25.768  -5.663 0.0000000000
102000  -53.385  32.523  4.069 0.0000000000
101144  -53.353  32.284  3.312 0.0000000000
102001  -53.824  32.677  3.504 0.0000000000
102856  -53.303  33.437  -1.226 0.0000000000
102876  -53.656  32.810  -2.917 0.0000000000
132852  -53.861  32.654  -3.728 0.0000000000
102020  -53.034  32.734  -3.571 0.0000000000
144552  -52.323  32.671  -4.181 0.0000000000
104366  -48.703  35.517  -1.475 0.0000000000
104365  -48.056  35.915  -1.931 0.0000000000
104370  -47.582  35.460  -2.425 0.0000000000
105103  -47.995  36.763  -2.027 0.0000000000
92505  -49.723  21.521  -16.163 0.0000000000
91520  -49.145  21.045  -15.537 0.0000000000
134748  -48.732  21.600  -16.233 0.0000000000
96090  -39.358  25.887  3.537 0.0000000000
153601  -39.796  26.387  3.670 0.0000000000
98582  -42.682  28.168  6.641 0.0000000000
98598  -43.150  28.022  5.707 0.0000000000
98593  -43.828  28.294  6.005 0.0000000000
98594  -44.607  28.635  6.078 0.0000000000
98584  -44.483  28.675  6.591 0.0000000000
101961  -47.419  32.323  7.407 0.0000000000
101952  -48.272  32.381  7.427 0.0000000000
94269  -56.541  23.438  -4.106 0.0000000000
93320  -55.821  23.008  -4.195 0.0000000000
93303  -55.694  22.637  -3.301 0.0000000000
91390  -52.083  20.232  -1.252 0.0000000000
90292  -51.401  19.842  -0.892 0.0000000000
158040  -50.846  19.714  -1.415 0.0000000000
90291  -50.652  19.606  -0.736 0.0000000000
89131  -46.748  18.617  0.980 0.0000000000
90266  -45.219  19.114  0.357 0.0000000000
89129  -44.878  18.784  1.007 0.0000000000
92274  -43.280  21.599  10.102 0.0000000000
90208  -44.501  19.034  7.197 0.0000000000
89071  -45.768  18.510  6.532 0.0000000000
89070  -44.980  18.418  6.460 0.0000000000
89084  -45.644  18.045  5.598 0.0000000000
91356  -39.680  20.877  2.578 0.0000000000
92342  -39.348  21.736  2.421 0.0000000000
93404  -53.804  22.872  -11.786 0.0000000000
93362  -48.258  22.061  -8.927 0.0000000000
94374  -49.617  23.296  -14.148 0.0000000000
93426  -50.172  22.752  -13.496 0.0000000000
94375  -50.683  23.223  -14.475 0.0000000000
94388  -51.224  23.736  -15.486 0.0000000000
94397  -50.795  24.129  -16.035 0.0000000000
96205  -49.331  26.021  -17.816 0.0000000000
97067  -49.093  26.558  -18.367 0.0000000000
98614  -42.987  28.493  -0.467 0.0000000000
98615  -43.759  29.080  -0.544 0.0000000000
98626  -48.399  29.147  -3.232 0.0000000000
98629  -47.611  28.647  -3.459 0.0000000000
141967  -48.045  28.718  -3.896 0.0000000000
98647  -47.786  28.456  -5.100 0.0000000000
98640  -48.394  28.791  -4.531 0.0000000000
155931  -53.329  30.592  -2.581 0.0000000000
131572  -52.657  30.441  -2.850 0.0000000000
99562  -51.456  29.847  -10.247 0.0000000000
99552  -51.265  29.733  -9.403 0.0000000000
99561  -50.596  29.546  -9.966 0.0000000000
99568  -50.094  29.422  -11.312 0.0000000000
99569  -50.975  29.690  -11.602 0.0000000000
100454  -50.076  30.750  -17.107 0.0000000000
146940  -49.684  30.210  -17.671 0.0000000000
100461  -49.021  30.169  -18.173 0.0000000000
145533  -48.317  29.691  -18.553 0.0000000000
100460  -48.207  30.411  -18.132 0.0000000000
99615  -47.478  29.901  -18.340 0.0000000000
101268  -45.946  31.510  -15.595 0.0000000000
101267  -44.966  31.554  -15.368 0.0000000000
101255  -44.892  31.602  -14.358 0.0000000000
102069  -48.796  32.571  -7.403 0.0000000000
150855  -48.764  32.408  -8.741 0.0000000000
157993  -48.545  32.508  -8.036 0.0000000000
101216  -43.658  31.555  -10.604 0.0000000000
101228  -42.486  32.025  -12.148 0.0000000000
102129  -41.818  32.219  -11.486 0.0000000000
102928  -40.553  33.449  -8.553 0.0000000000
93293  -44.953  21.934  -2.953 0.0000000000
95214  -44.353  24.281  -2.014 0.0000000000
94258  -44.413  23.468  -2.211 0.0000000000
146875  -44.378  24.833  -2.517 0.0000000000
103622  -54.115  33.879  3.010 0.0000000000
103621  -53.821  34.391  2.477 0.0000000000
104359  -52.562  34.961  1.222 0.0000000000
103633  -53.248  34.519  1.441 0.0000000000
103646  -52.922  33.928  0.081 0.0000000000
103645  -52.001  34.231  -0.084 0.0000000000
103637  -51.450  34.886  0.384 0.0000000000
105092  -51.188  36.770  0.279 0.0000000000
105100  -49.816  36.535  -0.546 0.0000000000
91523  -51.520  20.587  -15.333 0.0000000000
91522  -50.833  20.742  -15.460 0.0000000000
96941  -39.165  26.673  6.422 0.0000000000
96946  -39.994  26.631  5.970 0.0000000000
97759  -39.783  27.144  6.626 0.0000000000
138999  -52.229  20.456  1.849 0.0000000000
91374  -51.949  20.239  1.193 0.0000000000
90272  -51.252  19.811  1.192 0.0000000000
90260  -50.750  19.626  1.617 0.0000000000
89116  -49.644  19.159  2.415 0.0000000000
89125  -49.464  19.056  1.797 0.0000000000
89115  -48.853  18.757  2.225 0.0000000000
89114  -47.935  18.569  2.041 0.0000000000
89078  -39.760  18.636  5.294 0.0000000000
90230  -39.414  19.091  4.454 0.0000000000
91338  -38.269  20.139  4.129 0.0000000000
91337  -37.570  20.466  4.286 0.0000000000
92322  -36.060  21.172  4.833 0.0000000000
92321  -35.312  21.647  5.171 0.0000000000
136842  -47.463  23.236  -10.775 0.0000000000
94350  -46.945  23.878  -10.935 0.0000000000
95288  -47.109  24.473  -12.240 0.0000000000
137983  -47.466  24.335  -12.850 0.0000000000
94372  -47.935  23.887  -13.232 0.0000000000
97044  -47.525  26.374  -14.136 0.0000000000
97050  -47.896  26.424  -15.279 0.0000000000
97885  -47.831  27.047  -14.626 0.0000000000
100312  -45.698  30.292  0.717 0.0000000000
100313  -46.469  30.525  0.811 0.0000000000
100320  -47.966  30.637  -0.325 0.0000000000
100329  -48.434  30.314  -1.187 0.0000000000
99480  -47.830  29.826  -1.797 0.0000000000
99481  -48.810  29.921  -1.955 0.0000000000
100378  -54.669  31.147  -5.984 0.0000000000
100377  -54.257  30.799  -6.386 0.0000000000
100386  -54.539  31.200  -6.872 0.0000000000
100409  -53.978  31.033  -10.327 0.0000000000
100401  -53.954  30.802  -9.015 0.0000000000
145221  -53.753  30.733  -9.808 0.0000000000
100400  -53.024  30.429  -9.870 0.0000000000
100408  -53.311  30.628  -10.724 0.0000000000
100416  -52.568  30.487  -12.330 0.0000000000
100417  -53.184  30.744  -11.754 0.0000000000
102156  -52.621  32.134  -13.285 0.0000000000
101258  -52.783  31.608  -13.470 0.0000000000
102162  -51.592  31.947  -14.583 0.0000000000
101273  -51.265  31.581  -15.261 0.0000000000
102161  -50.848  31.860  -14.954 0.0000000000
152851  -50.098  31.766  -15.337 0.0000000000
102130  -50.185  32.249  -12.560 0.0000000000
156737  -49.291  31.885  -14.072 0.0000000000
149313  -48.826  31.790  -13.443 0.0000000000
101244  -48.327  31.684  -12.709 0.0000000000
102051  -46.075  32.761  -6.778 0.0000000000
102065  -44.284  32.550  -7.565 0.0000000000
102085  -44.114  32.057  -8.325 0.0000000000
101197  -43.973  31.755  -9.005 0.0000000000
102084  -43.305  31.998  -8.699 0.0000000000
102099  -42.448  32.058  -9.353 0.0000000000
102917  -42.648  33.608  -7.481 0.0000000000
102929  -41.327  33.257  -8.271 0.0000000000
103702  -41.860  33.835  -7.705 0.0000000000
91436  -48.897  20.818  -5.171 0.0000000000
92409  -49.478  21.162  -5.960 0.0000000000
92398  -48.101  21.079  -5.257 0.0000000000
93327  -47.155  21.798  -6.148 0.0000000000
92420  -47.952  21.552  -6.365 0.0000000000
93340  -47.456  21.875  -6.759 0.0000000000
93350  -47.395  22.110  -7.362 0.0000000000
93339  -46.723  22.333  -6.770 0.0000000000
93316  -45.524  22.418  -4.599 0.0000000000
94290  -45.068  23.030  -4.976 0.0000000000
94301  -45.405  23.507  -6.695 0.0000000000
94312  -46.083  23.012  -7.369 0.0000000000
94322  -46.020  23.551  -8.250 0.0000000000
94321  -45.627  24.377  -8.372 0.0000000000
96144  -45.217  25.634  -7.426 0.0000000000
96151  -45.529  25.414  -8.373 0.0000000000
153221  -45.821  26.294  -8.743 0.0000000000
97021  -46.141  26.248  -9.605 0.0000000000
101135  -50.749  31.565  3.810 0.0000000000
101141  -50.686  31.599  2.807 0.0000000000
149613  -51.370  31.718  3.141 0.0000000000
101150  -53.230  31.656  1.593 0.0000000000
101149  -52.406  31.507  1.433 0.0000000000
101155  -53.102  31.447  0.699 0.0000000000
148233  -53.341  31.140  -0.612 0.0000000000
151605  -53.849  31.413  -0.035 0.0000000000
102841  -54.547  33.010  1.573 0.0000000000
102009  -54.498  32.497  1.166 0.0000000000
102845  -54.582  32.818  0.706 0.0000000000
139601  -54.962  32.171  -1.495 0.0000000000
101163  -55.042  31.792  -1.842 0.0000000000
100342  -54.916  31.420  -2.336 0.0000000000
101166  -55.154  31.729  -2.549 0.0000000000
100356  -55.114  31.257  -3.607 0.0000000000
102022  -55.208  32.037  -3.734 0.0000000000
102043  -54.036  32.474  -5.455 0.0000000000
144314  -53.773  32.446  -6.925 0.0000000000
140271  -52.877  32.567  -6.956 0.0000000000
102072  -52.400  32.587  -7.676 0.0000000000
102040  -50.997  32.621  -5.429 0.0000000000
102054  -51.377  32.579  -6.228 0.0000000000
102053  -50.407  32.592  -6.054 0.0000000000
157624  -49.847  32.579  -6.548 0.0000000000
144551  -50.043  32.696  -5.234 0.0000000000
103651  -50.668  34.063  -1.019 0.0000000000
102863  -50.955  33.404  -2.356 0.0000000000
102853  -50.320  33.760  -1.838 0.0000000000
102871  -48.602  33.603  -3.442 0.0000000000
102872  -49.361  33.320  -3.558 0.0000000000
102886  -48.652  33.269  -4.210 0.0000000000
102901  -49.100  32.860  -5.040 0.0000000000
102900  -48.294  33.078  -4.928 0.0000000000
102899  -47.542  33.122  -5.323 0.0000000000
102885  -47.715  33.444  -4.448 0.0000000000
104373  -46.527  35.431  -3.351 0.0000000000
103666  -46.399  34.317  -4.242 0.0000000000
104380  -46.116  35.050  -3.926 0.0000000000
103665  -45.719  34.724  -4.572 0.0000000000
104379  -45.626  35.534  -4.338 0.0000000000
145315  -47.806  21.795  -16.290 0.0000000000
93452  -46.660  22.781  -17.044 0.0000000000
96098  -40.594  25.233  0.883 0.0000000000
97779  -41.027  27.277  1.787 0.0000000000
97780  -41.640  27.928  1.654 0.0000000000
154749  -42.022  28.253  1.077 0.0000000000
96948  -41.270  27.066  5.499 0.0000000000
96951  -41.109  27.093  4.746 0.0000000000
97771  -41.792  27.348  5.151 0.0000000000
98597  -43.100  28.132  4.903 0.0000000000
98606  -42.948  28.647  3.279 0.0000000000
99463  -43.585  29.085  3.062 0.0000000000
99464  -44.385  29.526  2.733 0.0000000000
99459  -44.246  29.168  3.833 0.0000000000
99456  -45.365  29.247  5.197 0.0000000000
133139  -45.759  29.585  4.568 0.0000000000
99457  -46.606  29.951  4.698 0.0000000000
100297  -47.065  30.331  3.967 0.0000000000
101092  -45.316  32.025  7.455 0.0000000000
145108  -44.454  29.880  7.435 0.0000000000
100266  -45.365  30.267  7.549 0.0000000000
99424  -45.663  29.699  7.323 0.0000000000
100267  -46.249  30.376  7.549 0.0000000000
150771  -48.371  30.744  7.127 0.0000000000
157603  -47.531  30.328  7.038 0.0000000000
138495  -48.168  30.490  6.531 0.0000000000
100286  -47.975  30.378  5.843 0.0000000000
100287  -48.774  30.687  6.011 0.0000000000
100295  -49.306  31.018  5.278 0.0000000000
101116  -49.643  31.147  6.158 0.0000000000
101964  -50.438  32.336  7.168 0.0000000000
135368  -51.007  31.845  6.492 0.0000000000
101109  -51.131  32.320  6.841 0.0000000000
101119  -51.844  32.378  6.109 0.0000000000
101980  -51.791  32.817  6.592 0.0000000000
94291  -55.373  23.432  -6.267 0.0000000000
93318  -54.177  22.231  -4.940 0.0000000000
138569  -54.506  22.634  -5.518 0.0000000000
92411  -53.336  21.884  -5.289 0.0000000000
152856  -54.594  21.578  -1.341 0.0000000000
92372  -54.749  21.705  -0.592 0.0000000000
92378  -54.780  21.762  -2.178 0.0000000000
92386  -54.958  22.086  -3.144 0.0000000000
148800  -52.876  21.152  -3.667 0.0000000000
91426  -50.389  20.567  -4.491 0.0000000000
91413  -50.723  20.370  -3.661 0.0000000000
90310  -49.295  19.752  -2.890 0.0000000000
91411  -49.312  20.085  -3.578 0.0000000000
91399  -48.467  19.859  -3.128 0.0000000000
91410  -47.781  20.383  -3.716 0.0000000000
90280  -49.369  19.212  -0.143 0.0000000000
89137  -48.402  19.086  -0.559 0.0000000000
90278  -46.439  19.124  -0.481 0.0000000000
90287  -46.753  19.369  -1.272 0.0000000000
91389  -46.214  19.826  -1.896 0.0000000000
92370  -45.111  20.865  -2.074 0.0000000000
91388  -45.449  20.207  -1.635 0.0000000000
91324  -51.050  20.501  6.518 0.0000000000
93196  -45.207  22.201  10.340 0.0000000000
148030  -46.564  22.382  9.841 0.0000000000
92278  -47.344  22.419  9.809 0.0000000000
153852  -46.942  22.023  9.448 0.0000000000
91292  -43.267  20.980  8.791 0.0000000000
92290  -43.681  21.455  9.359 0.0000000000
90193  -45.956  19.773  7.826 0.0000000000
91311  -45.548  20.612  8.376 0.0000000000
91312  -46.454  20.552  8.396 0.0000000000
91296  -46.943  21.347  8.974 0.0000000000
91313  -47.448  20.461  8.385 0.0000000000
91314  -48.477  20.379  8.250 0.0000000000
90195  -47.946  19.741  7.661 0.0000000000
90212  -48.489  19.341  6.757 0.0000000000
90222  -49.008  19.158  5.742 0.0000000000
89087  -48.572  18.775  5.205 0.0000000000
90232  -49.312  19.085  4.600 0.0000000000
89097  -46.682  17.966  4.021 0.0000000000
88018  -45.754  17.752  3.665 0.0000000000
89112  -45.875  17.921  2.837 0.0000000000
149769  -45.249  17.848  2.969 0.0000000000
92351  -41.566  21.049  1.274 0.0000000000
92352  -42.040  21.131  0.821 0.0000000000
143613  -41.519  21.711  0.975 0.0000000000
92357  -42.140  21.869  0.509 0.0000000000
93269  -41.583  22.483  0.637 0.0000000000
143271  -40.995  23.128  0.800 0.0000000000
94233  -40.396  23.029  1.318 0.0000000000
94227  -38.964  23.435  2.312 0.0000000000
94231  -39.335  23.980  1.999 0.0000000000
93248  -37.762  22.512  3.213 0.0000000000
95174  -38.054  25.032  4.174 0.0000000000
95166  -37.892  25.373  5.022 0.0000000000
96083  -38.500  25.913  5.703 0.0000000000
91506  -56.433  21.536  -12.797 0.0000000000
92494  -56.339  21.959  -13.159 0.0000000000
93430  -55.494  22.507  -14.112 0.0000000000
92501  -55.295  22.095  -14.551 0.0000000000
92500  -54.815  21.534  -14.785 0.0000000000
93440  -54.832  22.653  -14.825 0.0000000000
135328  -49.602  21.470  -7.210 0.0000000000
92435  -50.363  21.503  -7.356 0.0000000000
146683  -49.786  21.510  -7.858 0.0000000000
154154  -49.898  21.659  -9.460 0.0000000000
92460  -50.671  21.641  -9.283 0.0000000000
93398  -47.983  22.841  -11.096 0.0000000000
93386  -48.590  22.403  -10.578 0.0000000000
93399  -48.719  22.582  -11.412 0.0000000000
93415  -50.705  22.461  -12.732 0.0000000000
153486  -50.248  22.333  -12.003 0.0000000000
93416  -51.865  22.485  -12.782 0.0000000000
93402  -51.999  22.305  -11.539 0.0000000000
93417  -52.917  22.809  -13.311 0.0000000000
94390  -52.821  23.601  -15.874 0.0000000000
94401  -53.491  23.149  -15.854 0.0000000000
138229  -53.963  22.417  -15.665 0.0000000000
93447  -53.423  22.834  -16.148 0.0000000000
94409  -52.795  23.295  -16.397 0.0000000000
93467  -51.686  23.500  -17.228 0.0000000000
93457  -51.227  22.837  -17.235 0.0000000000
136338  -51.303  23.840  -17.414 0.0000000000
95310  -50.826  24.453  -16.820 0.0000000000
139757  -50.007  24.916  -16.854 0.0000000000
95330  -49.864  24.854  -18.232 0.0000000000
95324  -50.253  24.721  -17.772 0.0000000000
94421  -50.287  24.395  -17.974 0.0000000000
94414  -49.838  23.977  -18.144 0.0000000000
93464  -48.983  23.444  -17.968 0.0000000000
94419  -49.067  24.167  -18.395 0.0000000000
95328  -48.022  25.012  -18.749 0.0000000000
94413  -48.146  24.137  -18.438 0.0000000000
95323  -47.349  24.420  -18.442 0.0000000000
95327  -47.320  25.261  -18.716 0.0000000000
96967  -42.044  26.235  -0.449 0.0000000000
96104  -42.741  26.060  -1.080 0.0000000000
97789  -43.613  27.496  -1.775 0.0000000000
96971  -43.767  26.600  -2.046 0.0000000000
96974  -44.690  26.396  -2.990 0.0000000000
97792  -44.835  27.055  -2.852 0.0000000000
155868  -45.389  29.191  -1.613 0.0000000000
98619  -45.886  28.951  -2.142 0.0000000000
97799  -46.368  27.809  -3.592 0.0000000000
97794  -46.253  28.109  -3.048 0.0000000000
97798  -45.732  27.247  -3.876 0.0000000000
97817  -45.715  27.046  -5.579 0.0000000000
97818  -46.393  27.562  -5.276 0.0000000000
153841  -47.176  28.213  -6.407 0.0000000000
97836  -46.850  27.957  -7.054 0.0000000000
97844  -47.094  28.039  -7.878 0.0000000000
97843  -46.638  27.558  -8.477 0.0000000000
97851  -47.289  28.049  -8.721 0.0000000000
135012  -50.990  31.411  0.971 0.0000000000
100316  -50.598  31.164  0.116 0.0000000000
99490  -50.980  30.110  -2.781 0.0000000000
99489  -50.003  29.821  -2.745 0.0000000000
143696  -50.468  29.656  -3.984 0.0000000000
99517  -52.729  30.283  -6.252 0.0000000000
100365  -52.674  30.288  -5.299 0.0000000000
99525  -50.925  29.713  -6.236 0.0000000000
99524  -50.040  29.435  -6.697 0.0000000000
99515  -50.131  29.505  -5.711 0.0000000000
98665  -49.379  29.245  -7.050 0.0000000000
137594  -49.237  29.204  -6.232 0.0000000000
156497  -49.145  29.165  -7.638 0.0000000000
157765  -49.035  28.965  -10.404 0.0000000000
98683  -48.862  28.915  -9.035 0.0000000000
98691  -48.400  28.602  -9.882 0.0000000000
157878  -48.065  28.272  -11.325 0.0000000000
98701  -48.703  28.646  -11.628 0.0000000000
98710  -49.442  29.099  -13.363 0.0000000000
98716  -48.736  28.509  -13.762 0.0000000000
98723  -48.774  28.400  -14.937 0.0000000000
99586  -51.853  30.459  -13.872 0.0000000000
99585  -50.971  29.925  -13.983 0.0000000000
99611  -50.014  29.645  -17.076 0.0000000000
99603  -50.220  29.701  -16.224 0.0000000000
98737  -49.476  28.928  -17.555 0.0000000000
98736  -49.172  28.210  -17.214 0.0000000000
97895  -49.096  28.105  -17.977 0.0000000000
98745  -48.780  27.904  -18.513 0.0000000000
97905  -47.667  27.750  -19.184 0.0000000000
146139  -47.304  27.038  -19.219 0.0000000000
146240  -46.731  26.929  -18.902 0.0000000000
96213  -46.800  25.661  -18.652 0.0000000000
97899  -46.189  27.249  -18.239 0.0000000000
101284  -48.447  31.582  -16.261 0.0000000000
101299  -47.387  31.062  -17.345 0.0000000000
101292  -46.899  31.246  -16.913 0.0000000000
100446  -44.355  30.753  -16.459 0.0000000000
102090  -51.104  32.568  -8.433 0.0000000000
102104  -51.029  32.528  -9.670 0.0000000000
102103  -50.160  32.423  -9.700 0.0000000000
101210  -48.173  31.902  -10.039 0.0000000000
101220  -48.689  31.960  -10.751 0.0000000000
150372  -48.078  31.694  -11.323 0.0000000000
101231  -47.840  31.607  -12.025 0.0000000000
136745  -47.348  31.586  -11.416 0.0000000000
153150  -46.371  31.935  -8.670 0.0000000000
102100  -47.111  32.007  -8.968 0.0000000000
101209  -46.334  31.698  -9.505 0.0000000000
101230  -44.268  31.487  -11.500 0.0000000000
132621  -45.277  31.434  -11.517 0.0000000000
101241  -45.565  31.475  -12.526 0.0000000000
101254  -44.000  31.701  -14.127 0.0000000000
132903  -43.922  31.663  -13.130 0.0000000000
102160  -41.419  31.952  -14.414 0.0000000000
101263  -41.075  31.581  -14.555 0.0000000000
100432  -40.897  30.727  -14.547 0.0000000000
100438  -40.675  31.180  -14.421 0.0000000000
100430  -39.996  31.232  -13.878 0.0000000000
102140  -40.003  32.451  -13.007 0.0000000000
101250  -39.446  31.558  -13.459 0.0000000000
101238  -38.843  31.567  -13.050 0.0000000000
102138  -38.740  32.169  -12.591 0.0000000000
102115  -41.188  32.435  -10.822 0.0000000000
102097  -40.587  32.755  -10.192 0.0000000000
158470  -39.044  33.006  -11.296 0.0000000000
155558  -44.297  36.831  -6.731 0.0000000000
105141  -43.360  36.384  -7.286 0.0000000000
139247  -42.709  36.100  -7.496 0.0000000000
103691  -41.716  34.719  -7.644 0.0000000000
95213  -43.872  24.490  -1.454 0.0000000000
104348  -53.367  34.910  2.108 0.0000000000
104358  -51.907  35.412  0.884 0.0000000000
105093  -51.887  36.390  0.787 0.0000000000
105844  -51.951  37.819  -0.154 0.0000000000
98579  -38.458  27.696  6.470 0.0000000000
91359  -52.130  20.509  2.450 0.0000000000
90253  -51.570  20.155  2.231 0.0000000000
90252  -50.938  19.756  2.124 0.0000000000
156643  -51.125  19.901  2.545 0.0000000000
90251  -50.439  19.556  2.645 0.0000000000
89108  -49.714  19.234  3.097 0.0000000000
91330  -37.184  19.967  4.949 0.0000000000
93341  -52.760  22.230  -6.979 0.0000000000
92438  -52.227  21.991  -7.236 0.0000000000
93352  -51.917  21.892  -7.744 0.0000000000
146308  -46.509  24.718  -10.735 0.0000000000
96179  -46.774  25.200  -12.088 0.0000000000
96180  -47.138  25.084  -12.920 0.0000000000
157999  -46.870  25.753  -12.535 0.0000000000
146730  -47.122  26.004  -13.211 0.0000000000
141471  -47.424  26.921  -13.180 0.0000000000
100308  -46.843  30.625  2.038 0.0000000000
135207  -48.445  30.954  0.268 0.0000000000
102075  -54.327  32.110  -7.821 0.0000000000
100394  -54.418  31.207  -7.759 0.0000000000
101211  -54.343  31.607  -9.085 0.0000000000
101223  -54.178  31.559  -9.870 0.0000000000
101222  -53.868  31.541  -10.666 0.0000000000
100426  -53.443  31.132  -12.042 0.0000000000
102147  -53.336  32.018  -11.861 0.0000000000
102146  -52.780  32.220  -12.343 0.0000000000
102145  -52.138  32.381  -12.847 0.0000000000
102144  -51.247  32.389  -13.070 0.0000000000
102131  -51.149  32.406  -12.069 0.0000000000
102118  -50.281  32.300  -11.388 0.0000000000
102897  -45.706  33.614  -5.621 0.0000000000
102050  -45.303  33.215  -6.359 0.0000000000
102919  -44.454  33.140  -6.853 0.0000000000
102918  -43.507  33.208  -7.275 0.0000000000
103693  -43.220  34.141  -7.079 0.0000000000
92397  -47.418  21.205  -4.954 0.0000000000
92406  -46.884  21.646  -5.392 0.0000000000
94278  -44.669  23.583  -4.443 0.0000000000
94289  -44.741  23.709  -5.303 0.0000000000
95238  -44.823  23.950  -6.116 0.0000000000
95248  -45.049  24.315  -6.884 0.0000000000
135316  -44.911  25.057  -6.986 0.0000000000
97003  -45.354  26.449  -6.980 0.0000000000
101129  -51.748  31.996  4.634 0.0000000000
132862  -52.139  31.822  2.934 0.0000000000
101137  -52.468  32.032  3.604 0.0000000000
101143  -53.096  31.893  2.582 0.0000000000
101151  -53.887  31.949  1.831 0.0000000000
102850  -54.330  33.147  -0.422 0.0000000000
102851  -54.627  32.662  -0.117 0.0000000000
102867  -54.628  32.610  -1.660 0.0000000000
102016  -54.865  32.370  -2.384 0.0000000000
102021  -54.907  32.296  -3.341 0.0000000000
135745  -54.462  32.472  -3.789 0.0000000000
102042  -53.383  32.558  -5.210 0.0000000000
156623  -52.741  32.565  -5.648 0.0000000000
148946  -52.546  32.587  -4.980 0.0000000000
133723  -51.624  32.639  -4.799 0.0000000000
102889  -51.351  32.781  -3.958 0.0000000000
103656  -49.389  33.995  -2.073 0.0000000000
103649  -48.954  34.692  -1.644 0.0000000000
103655  -48.558  34.341  -2.324 0.0000000000
102860  -48.188  34.037  -2.987 0.0000000000
103659  -47.454  34.331  -3.249 0.0000000000
103654  -47.817  34.690  -2.614 0.0000000000
104369  -46.957  35.831  -2.810 0.0000000000
150019  -46.996  36.531  -2.822 0.0000000000
154664  -47.662  22.210  -16.739 0.0000000000
155722  -40.335  25.785  1.445 0.0000000000
96960  -40.130  26.235  2.080 0.0000000000
96957  -40.160  26.674  3.177 0.0000000000
96955  -40.907  27.226  3.731 0.0000000000
97762  -41.983  27.644  6.272 0.0000000000
97767  -41.884  27.394  5.764 0.0000000000
98603  -44.022  28.650  4.734 0.0000000000
98599  -44.587  28.753  5.418 0.0000000000
98600  -45.486  29.153  5.853 0.0000000000
101079  -45.883  31.585  7.668 0.0000000000
100256  -46.774  30.942  7.774 0.0000000000
101081  -47.140  31.452  7.767 0.0000000000
100258  -48.042  31.387  7.589 0.0000000000
101093  -48.549  31.235  7.418 0.0000000000
101107  -49.490  31.252  6.909 0.0000000000
101094  -49.265  31.566  7.364 0.0000000000
101963  -49.747  32.392  7.377 0.0000000000
94292  -55.873  23.470  -5.511 0.0000000000
93331  -55.636  23.134  -4.976 0.0000000000
153552  -54.656  22.312  -4.445 0.0000000000
135125  -52.906  20.669  -1.835 0.0000000000
91401  -51.924  20.363  -2.345 0.0000000000
91400  -51.042  20.120  -2.760 0.0000000000
90298  -50.541  19.753  -2.162 0.0000000000
90297  -49.720  19.628  -2.258 0.0000000000
90290  -49.356  19.469  -1.531 0.0000000000
152964  -48.335  18.742  0.900 0.0000000000
89132  -47.921  18.802  0.174 0.0000000000
90268  -47.018  18.741  0.162 0.0000000000
90277  -45.556  19.381  -0.343 0.0000000000
91381  -45.052  19.946  -0.916 0.0000000000
90276  -44.699  19.700  -0.174 0.0000000000
90190  -43.180  19.656  7.687 0.0000000000
91310  -44.364  20.404  8.201 0.0000000000
90191  -44.047  19.755  7.714 0.0000000000
90192  -44.954  19.930  7.857 0.0000000000
90210  -46.454  18.884  7.045 0.0000000000
89072  -47.162  18.557  6.124 0.0000000000
89086  -47.768  18.518  5.191 0.0000000000
89085  -46.742  18.174  5.140 0.0000000000
89095  -45.108  17.734  4.584 0.0000000000
91364  -41.326  20.550  1.735 0.0000000000
92350  -40.891  21.428  1.556 0.0000000000
93262  -40.264  22.250  1.611 0.0000000000
94379  -56.026  22.885  -13.042 0.0000000000
132739  -55.453  23.055  -13.330 0.0000000000
131583  -54.719  23.146  -13.707 0.0000000000
92446  -49.005  21.626  -8.382 0.0000000000
92458  -49.136  21.746  -9.210 0.0000000000
92459  -49.295  21.939  -10.017 0.0000000000
93427  -51.226  22.735  -13.744 0.0000000000
94400  -52.398  23.551  -16.484 0.0000000000
94399  -52.095  23.872  -16.458 0.0000000000
94408  -52.040  23.726  -16.802 0.0000000000
95311  -51.625  24.080  -17.018 0.0000000000
157860  -48.614  25.461  -16.104 0.0000000000
95317  -49.632  25.430  -17.292 0.0000000000
96215  -49.784  25.255  -18.188 0.0000000000
95329  -49.392  24.719  -18.472 0.0000000000
96224  -49.346  25.219  -18.488 0.0000000000
96223  -48.668  25.649  -18.766 0.0000000000
97072  -48.309  26.399  -19.028 0.0000000000
97786  -42.916  27.693  -1.116 0.0000000000
98618  -44.319  28.130  -1.945 0.0000000000
99486  -47.250  29.318  -2.299 0.0000000000
98624  -46.599  28.694  -2.621 0.0000000000
97811  -47.204  28.156  -3.928 0.0000000000
97819  -47.117  28.029  -4.741 0.0000000000
133388  -51.827  30.798  -0.954 0.0000000000
155544  -51.637  30.617  -1.360 0.0000000000
100339  -51.967  30.417  -2.372 0.0000000000
99491  -51.843  30.224  -3.200 0.0000000000
99536  -52.752  30.317  -8.235 0.0000000000
99526  -51.801  29.997  -6.781 0.0000000000
99535  -51.843  30.000  -7.837 0.0000000000
99543  -51.067  29.677  -8.495 0.0000000000
99542  -50.191  29.471  -8.308 0.0000000000
149099  -49.396  29.245  -8.375 0.0000000000
134268  -49.906  29.379  -9.703 0.0000000000
139344  -49.244  29.074  -11.081 0.0000000000
98702  -49.468  29.148  -11.886 0.0000000000
150423  -49.721  29.298  -12.664 0.0000000000
158624  -49.919  29.406  -13.174 0.0000000000
100447  -51.350  30.938  -15.486 0.0000000000
99604  -50.779  30.390  -15.857 0.0000000000
99617  -50.184  30.223  -17.173 0.0000000000
99616  -49.695  29.600  -17.682 0.0000000000
98754  -48.630  28.534  -18.733 0.0000000000
99623  -48.867  29.324  -18.518 0.0000000000
98752  -47.394  28.492  -18.915 0.0000000000
98744  -46.768  28.708  -18.514 0.0000000000
99614  -46.666  29.607  -18.081 0.0000000000
133102  -46.773  31.498  -15.769 0.0000000000
101282  -46.310  31.374  -16.342 0.0000000000
101281  -45.187  31.297  -16.248 0.0000000000
102089  -50.305  32.532  -8.461 0.0000000000
133212  -49.746  32.465  -8.951 0.0000000000
101208  -45.302  31.601  -9.651 0.0000000000
157305  -43.870  31.593  -12.285 0.0000000000
101240  -43.177  31.837  -12.744 0.0000000000
102141  -40.711  32.363  -13.390 0.0000000000
141691  -40.644  32.526  -12.642 0.0000000000
102939  -40.914  32.886  -9.147 0.0000000000
102944  -38.782  33.185  -10.637 0.0000000000
102936  -38.381  33.398  -9.833 0.0000000000
92376  -45.389  21.151  -2.743 0.0000000000
92381  -45.647  21.472  -3.473 0.0000000000
93301  -44.798  22.736  -3.312 0.0000000000
158372  -44.585  23.303  -2.871 0.0000000000
94268  -44.627  23.474  -3.569 0.0000000000
95223  -44.498  24.272  -3.861 0.0000000000
96118  -44.658  25.726  -3.932 0.0000000000
102002  -54.223  32.871  2.922 0.0000000000
102833  -54.215  33.308  3.218 0.0000000000
103635  -54.248  33.610  2.049 0.0000000000
103641  -54.347  33.399  1.191 0.0000000000
103640  -53.873  33.833  0.932 0.0000000000
102843  -53.794  33.658  0.185 0.0000000000
102849  -53.616  33.521  -0.562 0.0000000000
102855  -52.408  33.499  -1.462 0.0000000000
102864  -52.025  33.212  -2.407 0.0000000000
102847  -51.659  33.858  -0.794 0.0000000000
104363  -50.633  35.233  0.036 0.0000000000
103643  -50.192  34.772  -0.625 0.0000000000
104362  -49.916  35.623  -0.478 0.0000000000
104361  -49.248  36.021  -0.999 0.0000000000
105099  -49.221  36.927  -1.071 0.0000000000
92515  -50.463  22.155  -16.737 0.0000000000
96086  -39.297  26.234  5.517 0.0000000000
96949  -39.947  26.512  5.340 0.0000000000
96947  -40.675  26.815  5.787 0.0000000000
97760  -40.533  27.244  6.633 0.0000000000
97761  -41.224  27.365  6.561 0.0000000000
91382  -52.361  20.376  0.447 0.0000000000
90282  -51.214  19.716  -0.056 0.0000000000
157442  -51.026  19.664  0.634 0.0000000000
90271  -50.531  19.512  1.007 0.0000000000
90270  -49.717  19.247  0.696 0.0000000000
89133  -49.190  18.981  1.142 0.0000000000
89123  -47.711  18.598  1.342 0.0000000000
89121  -46.105  18.448  1.633 0.0000000000
92273  -42.351  21.422  10.326 0.0000000000
91276  -41.903  21.142  9.669 0.0000000000
91291  -42.366  20.828  8.889 0.0000000000
91308  -42.791  20.288  8.259 0.0000000000
91307  -41.907  20.170  8.300 0.0000000000
91348  -39.294  20.340  3.227 0.0000000000
92335  -38.925  21.160  2.921 0.0000000000
91347  -38.591  20.604  3.523 0.0000000000
92330  -37.350  21.454  3.818 0.0000000000
91336  -36.811  20.820  4.503 0.0000000000
92329  -36.514  21.768  4.286 0.0000000000
93372  -46.901  22.981  -9.155 0.0000000000
93373  -47.605  22.592  -9.504 0.0000000000
94352  -48.161  23.099  -11.884 0.0000000000
95285  -47.168  24.015  -11.699 0.0000000000
94362  -48.399  23.336  -12.741 0.0000000000
94373  -48.678  23.542  -13.710 0.0000000000
94386  -49.045  23.908  -14.852 0.0000000000
95302  -48.902  24.558  -15.530 0.0000000000
139965  -48.346  25.079  -15.475 0.0000000000
95300  -47.891  24.823  -14.508 0.0000000000
96198  -48.275  25.805  -15.821 0.0000000000
97056  -48.450  26.586  -16.330 0.0000000000
99470  -44.461  29.765  0.604 0.0000000000
99473  -44.517  29.568  -0.332 0.0000000000
99471  -45.156  30.051  0.166 0.0000000000
99475  -46.424  30.093  -0.945 0.0000000000
148004  -46.952  30.479  -0.157 0.0000000000
99479  -46.906  29.738  -1.658 0.0000000000
99487  -48.159  29.444  -2.494 0.0000000000
150037  -54.382  30.705  -4.367 0.0000000000
100353  -53.564  30.470  -4.187 0.0000000000
100354  -54.096  30.620  -4.983 0.0000000000
100366  -53.639  30.521  -5.744 0.0000000000
100376  -53.589  30.514  -6.780 0.0000000000
100393  -54.046  30.818  -8.177 0.0000000000
100384  -53.537  30.534  -7.733 0.0000000000
99545  -52.821  30.373  -9.094 0.0000000000
99554  -52.347  30.240  -10.508 0.0000000000
146046  -51.636  29.962  -11.079 0.0000000000
99570  -51.789  30.095  -11.938 0.0000000000
100433  -52.423  30.895  -13.974 0.0000000000
100435  -53.173  31.336  -12.784 0.0000000000
100441  -52.298  31.283  -14.242 0.0000000000
99596  -51.970  30.906  -14.668 0.0000000000
141778  -50.984  31.218  -15.819 0.0000000000
101286  -50.324  31.236  -16.467 0.0000000000
101295  -49.753  31.154  -17.051 0.0000000000
101294  -48.892  31.255  -17.187 0.0000000000
101285  -49.536  31.469  -16.529 0.0000000000
101270  -48.505  31.712  -15.227 0.0000000000
102153  -50.113  32.014  -14.351 0.0000000000
101269  -47.586  31.599  -15.532 0.0000000000
101256  -47.713  31.614  -14.576 0.0000000000
132279  -46.859  31.534  -13.838 0.0000000000
102068  -47.926  32.561  -7.547 0.0000000000
139612  -47.202  32.489  -7.677 0.0000000000
131639  -45.927  32.146  -8.036 0.0000000000
101198  -44.726  31.768  -8.898 0.0000000000
101205  -42.823  31.741  -10.190 0.0000000000
102082  -41.767  32.640  -8.753 0.0000000000
131695  -50.582  21.264  -6.043 0.0000000000
92421  -48.930  21.431  -6.663 0.0000000000
134656  -47.258  22.368  -7.971 0.0000000000
92395  -45.923  21.752  -4.245 0.0000000000
93317  -46.182  22.015  -5.027 0.0000000000
134959  -46.441  23.407  -8.821 0.0000000000
94330  -46.533  23.666  -9.464 0.0000000000
150072  -46.237  24.289  -9.563 0.0000000000
95273  -45.841  24.843  -9.196 0.0000000000
95280  -46.222  24.830  -9.979 0.0000000000
96160  -46.019  25.438  -9.704 0.0000000000
97026  -46.539  26.691  -10.323 0.0000000000
100299  -48.999  31.127  3.688 0.0000000000
101146  -49.531  31.403  2.110 0.0000000000
101140  -49.735  31.429  2.849 0.0000000000
132184  -51.702  31.640  2.247 0.0000000000
101154  -52.074  31.328  0.561 0.0000000000
101159  -52.012  31.098  -0.333 0.0000000000
100324  -52.599  30.950  -0.807 0.0000000000
100333  -53.295  30.900  -1.300 0.0000000000
135744  -53.719  30.789  -2.024 0.0000000000
102005  -54.011  32.399  2.538 0.0000000000
102008  -54.279  32.288  1.675 0.0000000000
149678  -54.481  31.826  0.181 0.0000000000
102012  -54.802  32.123  -0.529 0.0000000000
101161  -54.539  31.658  -0.545 0.0000000000
100326  -54.535  31.483  -1.074 0.0000000000
100341  -54.445  31.064  -2.176 0.0000000000
151023  -54.032  30.710  -2.766 0.0000000000
100355  -54.829  30.927  -3.997 0.0000000000
101179  -54.894  31.564  -5.560 0.0000000000
135227  -54.667  32.219  -5.167 0.0000000000
102044  -54.774  32.059  -5.925 0.0000000000
102058  -54.396  32.149  -6.901 0.0000000000
102074  -53.972  32.355  -7.673 0.0000000000
146351  -53.564  32.454  -8.209 0.0000000000
102092  -53.344  32.481  -8.926 0.0000000000
102106  -52.632  32.541  -9.543 0.0000000000
133960  -52.532  32.572  -8.862 0.0000000000
102091  -52.012  32.593  -8.367 0.0000000000
102071  -51.425  32.585  -7.720 0.0000000000
151627  -50.464  32.559  -7.820 0.0000000000
102070  -49.716  32.563  -7.237 0.0000000000
102052  -48.911  32.626  -6.558 0.0000000000
102873  -51.123  33.070  -3.088 0.0000000000
102888  -50.349  33.017  -3.729 0.0000000000
102038  -47.877  32.790  -6.216 0.0000000000
102912  -47.063  32.952  -5.970 0.0000000000
102898  -46.565  33.369  -5.429 0.0000000000
102869  -47.141  33.973  -3.939 0.0000000000
103673  -45.330  34.371  -5.241 0.0000000000
95202  -41.840  24.079  -0.026 0.0000000000
95207  -42.118  24.789  -0.318 0.0000000000
96102  -41.718  25.546  -0.130 0.0000000000
96963  -41.406  26.344  0.267 0.0000000000
96961  -40.719  26.365  1.204 0.0000000000
96964  -41.780  27.091  -0.057 0.0000000000
150701  -41.829  27.847  0.572 0.0000000000
98611  -42.475  28.515  0.544 0.0000000000
98612  -43.023  29.075  1.294 0.0000000000
156435  -41.430  27.540  3.763 0.0000000000
97772  -42.255  27.721  4.683 0.0000000000
97775  -41.888  27.834  3.823 0.0000000000
98605  -42.197  28.316  2.844 0.0000000000
98609  -42.933  28.894  2.368 0.0000000000
99469  -43.765  29.474  0.981 0.0000000000
99467  -44.409  29.737  1.615 0.0000000000
135135  -45.146  30.006  2.257 0.0000000000
100302  -46.001  30.228  2.774 0.0000000000
100303  -46.726  30.392  3.164 0.0000000000
100298  -47.981  30.648  4.070 0.0000000000
98567  -45.089  29.098  6.998 0.0000000000
157503  -46.302  29.568  5.874 0.0000000000
157407  -47.057  30.046  7.093 0.0000000000
99450  -46.725  29.755  6.198 0.0000000000
99451  -47.057  29.985  5.539 0.0000000000
100293  -47.934  30.427  5.088 0.0000000000
100300  -49.369  31.148  4.446 0.0000000000
142025  -50.056  31.360  4.575 0.0000000000
101128  -50.884  31.608  4.602 0.0000000000
138730  -50.187  31.528  6.668 0.0000000000
101117  -50.610  31.510  5.980 0.0000000000
135404  -50.981  31.665  5.267 0.0000000000
101130  -52.263  32.338  5.174 0.0000000000
101987  -53.320  32.971  5.165 0.0000000000
102800  -52.421  33.251  6.304 0.0000000000
93330  -55.129  23.055  -5.572 0.0000000000
93343  -54.452  22.891  -6.333 0.0000000000
93342  -53.519  22.493  -6.680 0.0000000000
93328  -52.896  21.983  -6.163 0.0000000000
131577  -52.074  21.603  -5.962 0.0000000000
143717  -54.355  21.923  -4.003 0.0000000000
92384  -53.337  21.119  -2.856 0.0000000000
133302  -53.546  21.484  -3.789 0.0000000000
139429  -52.865  21.449  -4.573 0.0000000000
92400  -51.915  21.213  -5.085 0.0000000000
92399  -50.939  20.905  -5.225 0.0000000000
147326  -49.414  20.487  -4.434 0.0000000000
91409  -46.896  20.534  -3.427 0.0000000000
133950  -49.819  19.445  -0.764 0.0000000000
90289  -48.559  19.371  -1.473 0.0000000000
90288  -47.679  19.301  -1.376 0.0000000000
90296  -48.006  19.562  -2.230 0.0000000000
91397  -46.576  20.192  -2.641 0.0000000000
92369  -44.581  21.340  -1.830 0.0000000000
93279  -43.859  22.037  -1.127 0.0000000000
93198  -47.807  22.809  10.276 0.0000000000
92279  -48.149  22.383  9.783 0.0000000000
92295  -48.556  21.747  9.380 0.0000000000
155791  -44.230  21.514  9.307 0.0000000000
92292  -45.479  21.730  9.322 0.0000000000
91294  -45.141  21.224  8.824 0.0000000000
92293  -46.268  21.878  9.357 0.0000000000
91298  -49.044  21.038  8.786 0.0000000000
91315  -49.576  20.372  7.785 0.0000000000
91323  -50.276  20.208  6.890 0.0000000000
90214  -50.494  19.969  5.926 0.0000000000
90224  -50.731  19.912  4.856 0.0000000000
90233  -50.157  19.581  4.274 0.0000000000
89099  -49.134  18.871  3.676 0.0000000000
89098  -48.295  18.563  3.540 0.0000000000
134829  -47.549  18.344  4.262 0.0000000000
131969  -47.393  18.309  3.368 0.0000000000
89106  -48.132  18.546  2.759 0.0000000000
89113  -47.220  18.369  2.571 0.0000000000
132844  -46.362  18.229  2.357 0.0000000000
144949  -45.358  18.516  1.506 0.0000000000
89082  -43.505  17.934  5.507 0.0000000000
89094  -43.981  17.731  4.439 0.0000000000
149449  -43.944  17.866  3.421 0.0000000000
132284  -44.455  18.121  2.663 0.0000000000
89120  -44.658  18.527  1.762 0.0000000000
93270  -42.260  22.632  0.170 0.0000000000
94238  -41.009  24.092  0.594 0.0000000000
95195  -40.249  24.446  1.209 0.0000000000
94232  -39.944  23.782  1.486 0.0000000000
96092  -39.272  25.427  2.814 0.0000000000
96089  -39.085  25.794  4.171 0.0000000000
92341  -38.592  22.053  2.737 0.0000000000
93254  -38.438  22.987  2.662 0.0000000000
95181  -38.319  24.560  3.306 0.0000000000
96088  -38.570  25.309  3.919 0.0000000000
153134  -39.355  26.128  4.911 0.0000000000
96079  -38.645  26.242  6.197 0.0000000000
96940  -38.330  26.495  6.380 0.0000000000
96078  -37.862  25.903  6.171 0.0000000000
96939  -37.355  26.367  6.404 0.0000000000
144421  -37.940  26.987  6.549 0.0000000000
90405  -55.718  20.570  -13.096 0.0000000000
93431  -56.021  22.433  -13.451 0.0000000000
92493  -55.908  21.975  -13.854 0.0000000000
91504  -55.488  20.761  -13.658 0.0000000000
90415  -54.708  20.531  -14.199 0.0000000000
91526  -54.197  21.058  -14.918 0.0000000000
92423  -50.874  21.537  -6.858 0.0000000000
92436  -51.161  21.624  -7.503 0.0000000000
148187  -51.327  21.677  -8.010 0.0000000000
92448  -51.016  21.626  -8.541 0.0000000000
93400  -49.528  22.404  -11.718 0.0000000000
93418  -53.639  22.907  -12.866 0.0000000000
153874  -54.107  23.153  -13.500 0.0000000000
132056  -54.367  23.129  -14.668 0.0000000000
93429  -53.170  23.190  -14.303 0.0000000000
93439  -54.268  23.038  -15.140 0.0000000000
93448  -54.067  22.761  -15.493 0.0000000000
92510  -54.145  21.777  -15.385 0.0000000000
92508  -52.809  21.723  -15.998 0.0000000000
92517  -52.393  22.334  -16.509 0.0000000000
93459  -52.728  22.786  -16.578 0.0000000000
92516  -51.480  22.197  -16.651 0.0000000000
93456  -50.228  22.782  -17.335 0.0000000000
95318  -50.248  24.833  -17.420 0.0000000000
93455  -49.207  22.783  -17.446 0.0000000000
93454  -48.383  22.842  -17.554 0.0000000000
93463  -47.982  23.321  -17.973 0.0000000000
93462  -47.102  23.247  -17.664 0.0000000000
95208  -42.742  24.746  -0.715 0.0000000000
147488  -43.226  25.149  -1.153 0.0000000000
147642  -43.808  25.245  -1.659 0.0000000000
96107  -44.015  25.769  -2.115 0.0000000000
96109  -44.425  25.630  -2.666 0.0000000000
96982  -44.713  26.059  -3.375 0.0000000000
99477  -44.539  29.033  -1.304 0.0000000000
98622  -44.988  27.797  -2.489 0.0000000000
98623  -45.749  28.262  -2.582 0.0000000000
96983  -45.111  26.505  -4.144 0.0000000000
96992  -45.197  26.463  -5.139 0.0000000000
96998  -45.238  26.475  -6.067 0.0000000000
97834  -45.808  27.075  -7.382 0.0000000000
97826  -46.503  27.718  -6.232 0.0000000000
147036  -46.242  27.517  -6.966 0.0000000000
97008  -46.014  27.021  -8.226 0.0000000000
153456  -46.514  27.015  -9.679 0.0000000000
97857  -46.962  27.501  -10.077 0.0000000000
101153  -49.720  31.341  1.045 0.0000000000
132767  -49.776  31.076  0.039 0.0000000000
144392  -51.150  30.622  -1.163 0.0000000000
100331  -50.442  30.383  -1.584 0.0000000000
100330  -49.488  30.370  -1.360 0.0000000000
99482  -49.746  30.046  -2.110 0.0000000000
99493  -49.391  29.465  -3.250 0.0000000000
100352  -52.642  30.307  -4.462 0.0000000000
99496  -51.826  30.150  -3.993 0.0000000000
150680  -51.812  30.043  -5.739 0.0000000000
99503  -51.053  29.848  -4.351 0.0000000000
99502  -50.157  29.549  -4.712 0.0000000000
98641  -49.228  29.196  -4.619 0.0000000000
98648  -48.615  28.892  -5.440 0.0000000000
98656  -48.426  28.815  -6.379 0.0000000000
98673  -47.732  28.388  -8.147 0.0000000000
98674  -48.522  28.795  -8.055 0.0000000000
97858  -47.494  28.100  -9.589 0.0000000000
97866  -47.530  27.703  -11.492 0.0000000000
97872  -47.471  27.382  -12.340 0.0000000000
97879  -47.953  27.892  -13.153 0.0000000000
146247  -48.768  27.449  -16.790 0.0000000000
99578  -51.140  29.830  -12.442 0.0000000000
144641  -50.500  29.625  -13.034 0.0000000000
99584  -50.101  29.499  -13.793 0.0000000000
98724  -49.531  29.070  -15.581 0.0000000000
97901  -49.030  27.295  -18.260 0.0000000000
97906  -48.345  27.769  -19.013 0.0000000000
146017  -48.035  27.062  -19.234 0.0000000000
96221  -47.342  25.933  -18.961 0.0000000000
100459  -47.438  30.615  -17.769 0.0000000000
101291  -45.980  31.082  -16.859 0.0000000000
99609  -45.182  30.229  -16.889 0.0000000000
132277  -51.810  32.537  -10.155 0.0000000000
102119  -50.730  32.435  -10.404 0.0000000000
101233  -49.527  32.100  -11.911 0.0000000000
101221  -49.366  32.114  -11.261 0.0000000000
101243  -47.438  31.549  -12.834 0.0000000000
102088  -47.764  32.381  -8.363 0.0000000000
148005  -47.290  31.748  -9.885 0.0000000000
101218  -46.894  31.592  -10.714 0.0000000000
136461  -45.954  31.515  -10.530 0.0000000000
132280  -45.748  31.520  -13.565 0.0000000000
151867  -43.346  31.719  -14.772 0.0000000000
101278  -42.413  31.395  -15.301 0.0000000000
101265  -42.602  31.774  -14.898 0.0000000000
100440  -41.969  31.150  -15.347 0.0000000000
100439  -41.278  31.169  -14.932 0.0000000000
100422  -39.152  30.923  -13.366 0.0000000000
102127  -40.141  32.690  -12.179 0.0000000000
102113  -39.572  32.841  -11.659 0.0000000000
102942  -37.321  32.752  -10.620 0.0000000000
106602  -49.213  38.106  -1.842 0.0000000000
105106  -46.897  37.198  -3.220 0.0000000000
138872  -46.294  36.972  -3.776 0.0000000000
105115  -45.827  36.388  -4.147 0.0000000000
143702  -45.258  36.090  -4.843 0.0000000000
104387  -44.779  35.817  -5.580 0.0000000000
105872  -45.066  37.441  -5.980 0.0000000000
104396  -44.231  35.456  -6.334 0.0000000000
152456  -43.205  34.922  -7.150 0.0000000000
104408  -42.962  35.529  -7.379 0.0000000000
89100  -49.736  19.294  3.778 0.0000000000
90229  -38.617  19.454  4.594 0.0000000000
92291  -44.728  21.588  9.302 0.0000000000
93256  -39.682  22.217  2.009 0.0000000000
94376  -53.321  23.388  -15.133 0.0000000000
95325  -51.016  24.143  -17.442 0.0000000000
96942  -39.934  26.809  6.439 0.0000000000
97071  -47.655  26.439  -19.179 0.0000000000
97769  -42.851  27.965  6.188 0.0000000000
98692  -49.253  29.108  -9.777 0.0000000000
99425  -46.454  29.941  7.264 0.0000000000
99435  -46.730  29.853  6.780 0.0000000000
99449  -46.061  29.487  6.359 0.0000000000
99478  -46.070  29.531  -1.586 0.0000000000
99494  -50.195  29.681  -3.415 0.0000000000
99553  -52.138  30.138  -9.669 0.0000000000
100255  -45.945  31.063  7.784 0.0000000000
100257  -47.441  31.072  7.692 0.0000000000
100265  -43.995  30.725  7.363 0.0000000000
100269  -47.869  30.828  7.480 0.0000000000
100270  -48.948  31.083  7.165 0.0000000000
100294  -48.532  30.635  5.420 0.0000000000
100315  -49.112  31.107  0.371 0.0000000000
100323  -51.240  30.924  -0.518 0.0000000000
100325  -54.018  31.247  -0.802 0.0000000000
100335  -54.734  31.472  -1.623 0.0000000000
100340  -52.857  30.621  -2.084 0.0000000000
100347  -54.232  30.658  -3.612 0.0000000000
100349  -55.079  31.396  -2.953 0.0000000000
100367  -54.381  30.801  -5.626 0.0000000000
100369  -55.074  31.237  -4.287 0.0000000000
100392  -53.497  30.559  -8.604 0.0000000000
100410  -54.184  31.088  -9.477 0.0000000000
100425  -53.073  30.891  -12.652 0.0000000000
100431  -40.363  30.826  -14.158 0.0000000000
100434  -52.838  31.087  -13.462 0.0000000000
100448  -51.790  31.181  -14.936 0.0000000000
100453  -46.721  30.852  -17.327 0.0000000000
101080  -46.505  31.505  7.745 0.0000000000
101082  -48.680  31.828  7.600 0.0000000000
101083  -49.348  32.014  7.524 0.0000000000
101095  -49.870  31.958  7.331 0.0000000000
101108  -50.469  31.889  7.057 0.0000000000
101157  -54.355  32.043  0.982 0.0000000000
101164  -55.145  32.029  -2.190 0.0000000000
101169  -55.234  31.679  -3.289 0.0000000000
101172  -55.280  31.608  -4.053 0.0000000000
101191  -54.554  31.727  -7.345 0.0000000000
101200  -54.444  31.739  -8.250 0.0000000000
101234  -53.582  31.541  -11.489 0.0000000000
101247  -53.366  31.573  -12.184 0.0000000000
101251  -40.534  31.578  -14.146 0.0000000000
101272  -50.650  31.530  -15.712 0.0000000000
101300  -48.097  30.974  -17.580 0.0000000000
101302  -49.438  30.752  -17.546 0.0000000000
101962  -49.047  32.411  7.500 0.0000000000
101986  -52.701  32.685  5.580 0.0000000000
101991  -53.065  32.596  4.790 0.0000000000
102006  -54.403  32.688  2.028 0.0000000000
102015  -54.381  32.588  -3.060 0.0000000000
102031  -54.840  32.260  -4.208 0.0000000000
102032  -55.175  32.025  -4.555 0.0000000000
102055  -52.370  32.567  -6.270 0.0000000000
102073  -53.293  32.524  -7.642 0.0000000000
102107  -53.924  32.239  -9.260 0.0000000000
102108  -54.280  32.073  -8.802 0.0000000000
102122  -54.234  31.997  -9.448 0.0000000000
102139  -39.380  32.085  -13.104 0.0000000000
102155  -51.911  32.241  -13.743 0.0000000000
102163  -52.257  31.853  -14.103 0.0000000000
102875  -52.857  32.931  -2.857 0.0000000000
103554  -52.355  33.871  6.319 0.0000000000
103653  -47.128  35.047  -2.944 0.0000000000
104372  -46.050  35.743  -3.781 0.0000000000
105142  -44.014  36.321  -6.813 0.0000000000
105847  -48.655  37.416  -1.724 0.0000000000
132620  -47.113  31.528  -12.128 0.0000000000
135205  -51.657  31.467  1.399 0.0000000000
139751  -47.228  29.177  -18.587 0.0000000000
142908  -51.292  30.001  -13.223 0.0000000000
144548  -43.947  28.368  5.774 0.0000000000
144639  -44.231  21.868  -1.634 0.0000000000
145277  -43.865  28.479  6.637 0.0000000000
147055  -49.355  31.675  -15.746 0.0000000000
148420  -49.647  32.056  -13.420 0.0000000000
149425  -49.860  29.379  -8.756 0.0000000000
150495  -43.939  29.426  0.177 0.0000000000
150823  -51.436  31.284  -15.280 0.0000000000
151396  -53.584  23.076  -13.687 0.0000000000
153018  -47.618  31.515  7.683 0.0000000000
153331  -48.360  29.023  -18.795 0.0000000000
153498  -55.012  31.930  -5.217 0.0000000000
154141  -54.312  32.102  -8.322 0.0000000000
154482  -51.695  32.445  -12.477 0.0000000000
155070  -49.591  29.444  -3.622 0.0000000000
156208  -46.081  27.381  -5.879 0.0000000000
156262  -49.081  31.283  2.736 0.0000000000
157578  -48.750  20.584  -4.561 0.0000000000
