#!ascii label  , from subject freesurfer vox2ras=TkReg
1046
49830  -19.179  -16.982  54.968 0.0000000000
154437  -44.640  -2.742  42.177 0.0000000000
71698  -48.874  2.062  33.821 0.0000000000
69391  -55.558  -0.233  26.472 0.0000000000
62066  -42.542  -6.568  44.238 0.0000000000
70536  -53.369  1.822  30.215 0.0000000000
75120  -55.156  6.001  19.340 0.0000000000
79546  -59.153  8.918  16.996 0.0000000000
63156  -49.487  -5.755  40.346 0.0000000000
66117  -49.733  -1.758  37.197 0.0000000000
70426  -45.805  1.248  38.508 0.0000000000
55076  -20.986  -13.087  56.040 0.0000000000
54048  -25.846  -14.104  54.626 0.0000000000
52968  -30.096  -14.486  53.248 0.0000000000
136767  -34.497  -14.646  51.033 0.0000000000
53010  -39.564  -14.871  48.483 0.0000000000
54152  -43.870  -12.583  45.694 0.0000000000
134071  -47.077  -9.722  43.014 0.0000000000
65140  -54.151  -3.659  33.833 0.0000000000
80698  -60.245  9.734  14.723 0.0000000000
65098  -47.796  -3.714  41.825 0.0000000000
67186  -48.264  -1.561  40.308 0.0000000000
134826  -44.789  -0.550  40.069 0.0000000000
143243  -20.863  -12.533  53.625 0.0000000000
54045  -23.359  -13.549  55.317 0.0000000000
57376  -39.210  -10.995  47.781 0.0000000000
54136  -41.916  -13.799  47.185 0.0000000000
58557  -41.479  -9.776  47.012 0.0000000000
64124  -43.881  -4.697  43.415 0.0000000000
62055  -45.057  -7.142  44.974 0.0000000000
63137  -46.722  -5.938  43.380 0.0000000000
61006  -48.447  -7.459  41.592 0.0000000000
70446  -50.555  1.102  36.988 0.0000000000
66131  -52.644  -2.887  35.549 0.0000000000
157998  -52.885  1.002  34.777 0.0000000000
69371  -54.889  0.116  28.328 0.0000000000
67268  -56.196  -1.312  30.402 0.0000000000
67307  -56.940  -1.907  27.658 0.0000000000
68349  -57.533  -1.184  25.265 0.0000000000
77256  -58.067  6.446  20.445 0.0000000000
76147  -56.091  6.260  22.590 0.0000000000
59797  -40.568  -8.377  44.654 0.0000000000
68338  -52.856  -0.976  26.237 0.0000000000
77292  -57.858  7.592  18.519 0.0000000000
76198  -59.887  6.644  18.301 0.0000000000
76257  -61.701  6.428  13.660 0.0000000000
62152  -50.361  -7.232  37.606 0.0000000000
65113  -49.433  -3.302  39.020 0.0000000000
70413  -48.701  0.853  38.553 0.0000000000
50832  -20.686  -15.610  55.991 0.0000000000
49849  -26.767  -17.262  54.155 0.0000000000
52957  -28.134  -14.741  54.164 0.0000000000
48792  -28.947  -17.647  53.323 0.0000000000
48806  -31.471  -17.782  52.007 0.0000000000
49889  -33.228  -17.536  50.847 0.0000000000
48835  -36.488  -17.986  50.018 0.0000000000
51964  -37.042  -15.201  50.028 0.0000000000
50929  -41.260  -16.649  47.085 0.0000000000
158218  -43.273  -9.164  46.166 0.0000000000
56354  -45.526  -11.505  44.313 0.0000000000
54194  -46.861  -13.227  42.145 0.0000000000
55273  -49.046  -11.968  40.695 0.0000000000
58663  -50.462  -9.862  39.381 0.0000000000
69303  -54.620  -0.103  32.934 0.0000000000
74011  -54.073  4.542  24.713 0.0000000000
71815  -56.039  2.415  25.425 0.0000000000
49819  -18.998  -16.923  55.888 0.0000000000
65096  -46.445  -3.076  42.540 0.0000000000
67171  -46.740  -1.908  42.011 0.0000000000
67176  -45.010  -1.432  41.466 0.0000000000
57425  -38.970  -10.401  46.751 0.0000000000
57402  -40.021  -10.615  47.532 0.0000000000
58566  -40.275  -9.438  46.589 0.0000000000
65088  -44.178  -3.847  42.864 0.0000000000
64118  -44.872  -4.733  43.945 0.0000000000
65090  -45.581  -3.644  43.162 0.0000000000
64128  -46.847  -4.369  42.947 0.0000000000
70461  -51.882  0.983  36.003 0.0000000000
71684  -50.731  2.362  34.704 0.0000000000
69381  -55.396  -0.456  27.536 0.0000000000
69373  -55.914  -0.552  28.749 0.0000000000
69382  -56.116  -0.968  27.072 0.0000000000
139302  -56.824  -1.388  26.476 0.0000000000
69392  -56.043  -0.295  26.183 0.0000000000
138755  -59.204  4.713  20.105 0.0000000000
75084  -58.390  4.947  21.340 0.0000000000
72971  -58.916  3.590  20.378 0.0000000000
154016  -56.890  7.173  16.338 0.0000000000
78434  -58.096  8.370  17.356 0.0000000000
78420  -58.817  7.524  18.554 0.0000000000
78429  -59.435  7.867  17.707 0.0000000000
76208  -60.576  6.752  17.247 0.0000000000
79549  -60.013  8.593  16.332 0.0000000000
78456  -61.186  8.507  14.550 0.0000000000
62127  -50.059  -6.543  39.425 0.0000000000
63168  -50.002  -5.137  38.323 0.0000000000
64153  -49.545  -4.143  39.397 0.0000000000
70400  -46.745  0.850  39.856 0.0000000000
68197  -48.425  -0.381  39.449 0.0000000000
70428  -47.419  1.451  38.783 0.0000000000
71624  -48.343  1.971  37.842 0.0000000000
71634  -46.090  1.696  37.147 0.0000000000
51901  -21.465  -15.238  55.941 0.0000000000
52934  -21.558  -14.472  56.145 0.0000000000
54046  -24.193  -13.683  55.170 0.0000000000
54070  -29.182  -13.624  53.366 0.0000000000
149948  -28.888  -14.844  53.992 0.0000000000
50868  -28.346  -16.263  54.092 0.0000000000
141908  -29.645  -15.825  53.478 0.0000000000
48794  -30.242  -17.771  52.791 0.0000000000
50878  -31.095  -16.309  52.673 0.0000000000
153253  -33.847  -16.376  50.971 0.0000000000
49891  -34.948  -17.651  50.527 0.0000000000
149398  -35.371  -16.921  50.518 0.0000000000
131981  -38.478  -13.419  49.096 0.0000000000
55168  -37.067  -13.261  49.665 0.0000000000
53001  -38.332  -15.020  49.342 0.0000000000
50906  -37.737  -16.175  49.484 0.0000000000
50914  -38.918  -16.233  48.786 0.0000000000
49916  -40.035  -17.256  47.860 0.0000000000
150377  -40.282  -15.738  47.832 0.0000000000
54137  -42.491  -13.070  46.906 0.0000000000
53019  -42.243  -14.600  46.706 0.0000000000
54163  -43.227  -14.002  45.853 0.0000000000
54175  -44.028  -13.592  44.282 0.0000000000
60951  -42.067  -7.789  45.961 0.0000000000
60967  -42.638  -7.346  45.425 0.0000000000
59782  -45.959  -8.418  44.359 0.0000000000
58580  -45.683  -9.280  44.590 0.0000000000
57473  -46.280  -10.614  43.818 0.0000000000
55240  -46.185  -12.156  42.999 0.0000000000
56374  -47.056  -11.201  42.819 0.0000000000
57485  -47.971  -10.464  41.963 0.0000000000
142718  -49.101  -6.984  41.048 0.0000000000
58650  -49.598  -9.043  40.389 0.0000000000
143234  -49.873  -7.344  40.000 0.0000000000
158435  -50.748  -8.471  38.228 0.0000000000
55085  -19.543  -12.729  55.167 0.0000000000
152633  -19.540  -12.991  56.215 0.0000000000
52923  -19.867  -13.926  56.834 0.0000000000
65123  -49.478  -3.213  36.598 0.0000000000
65131  -50.494  -3.168  36.049 0.0000000000
66125  -53.408  -2.592  34.912 0.0000000000
71748  -52.220  2.012  31.097 0.0000000000
70508  -53.586  1.649  32.722 0.0000000000
152905  -54.351  1.358  31.825 0.0000000000
66183  -56.562  -2.959  29.538 0.0000000000
66175  -55.861  -2.754  30.795 0.0000000000
141896  -56.473  4.816  23.609 0.0000000000
75072  -54.886  5.649  23.437 0.0000000000
75061  -55.841  4.440  24.656 0.0000000000
72935  -55.044  3.647  25.895 0.0000000000
72938  -56.156  2.997  24.747 0.0000000000
70623  -56.591  0.986  24.472 0.0000000000
79569  -58.192  9.696  15.147 0.0000000000
80692  -59.705  9.617  15.603 0.0000000000
144524  -58.853  10.758  14.470 0.0000000000
81808  -59.434  11.386  13.256 0.0000000000
64141  -48.878  -4.447  40.998 0.0000000000
65103  -48.944  -3.695  40.531 0.0000000000
66095  -47.470  -2.283  41.549 0.0000000000
68180  -46.883  -0.648  41.056 0.0000000000
155535  -45.030  0.470  39.256 0.0000000000
56226  -21.033  -12.680  55.025 0.0000000000
55077  -21.744  -13.277  55.801 0.0000000000
55102  -24.258  -12.859  54.360 0.0000000000
55193  -39.808  -13.048  48.391 0.0000000000
54124  -40.648  -13.850  47.956 0.0000000000
55194  -40.824  -12.625  47.925 0.0000000000
55200  -42.168  -12.324  47.145 0.0000000000
142938  -42.950  -11.599  46.565 0.0000000000
63134  -42.888  -5.741  43.184 0.0000000000
62053  -43.815  -6.752  45.104 0.0000000000
63119  -44.605  -6.056  44.547 0.0000000000
63129  -46.086  -6.336  44.089 0.0000000000
154277  -46.810  -7.744  43.533 0.0000000000
58603  -47.697  -8.778  42.320 0.0000000000
62086  -47.569  -6.697  42.620 0.0000000000
146468  -48.223  -5.334  41.859 0.0000000000
55111  -19.308  -12.725  53.642 0.0000000000
68214  -50.645  -0.256  37.091 0.0000000000
66123  -51.136  -2.130  36.429 0.0000000000
68223  -51.767  -0.414  36.307 0.0000000000
68225  -52.761  -1.043  35.405 0.0000000000
68232  -53.543  -1.021  34.545 0.0000000000
70550  -53.822  1.467  29.550 0.0000000000
70538  -55.169  1.056  30.428 0.0000000000
69361  -55.999  -0.346  29.564 0.0000000000
68301  -56.447  -1.544  28.955 0.0000000000
76168  -56.706  6.815  20.390 0.0000000000
76166  -55.125  6.267  21.223 0.0000000000
76158  -57.379  6.459  21.528 0.0000000000
76142  -57.342  5.472  22.437 0.0000000000
65105  -43.665  -3.540  40.597 0.0000000000
64139  -43.215  -4.873  40.995 0.0000000000
71717  -49.924  2.017  32.791 0.0000000000
69358  -51.582  1.064  28.953 0.0000000000
69369  -53.161  0.538  28.081 0.0000000000
69379  -53.788  -0.242  27.451 0.0000000000
68340  -54.448  -0.344  26.350 0.0000000000
76185  -56.612  6.738  19.361 0.0000000000
77281  -58.036  7.121  19.614 0.0000000000
77272  -59.112  6.341  19.316 0.0000000000
74057  -59.960  4.241  18.950 0.0000000000
79559  -60.396  8.874  15.572 0.0000000000
136612  -61.281  6.948  15.228 0.0000000000
62161  -49.866  -6.374  36.834 0.0000000000
153705  -49.494  -3.587  37.834 0.0000000000
66116  -49.359  -2.414  37.660 0.0000000000
66106  -49.158  -2.648  39.460 0.0000000000
67189  -48.952  -1.309  39.056 0.0000000000
68206  -49.293  -0.452  38.039 0.0000000000
70431  -49.690  1.045  37.586 0.0000000000
154419  -48.837  2.272  36.591 0.0000000000
67188  -44.085  -1.591  39.656 0.0000000000
68204  -43.863  -0.728  38.080 0.0000000000
142694  -44.862  1.133  36.184 0.0000000000
50844  -19.702  -16.471  55.538 0.0000000000
50860  -20.741  -16.449  54.543 0.0000000000
47738  -26.689  -18.971  52.860 0.0000000000
135886  -24.523  -12.694  52.672 0.0000000000
55104  -25.965  -13.135  53.871 0.0000000000
52955  -26.577  -14.253  54.386 0.0000000000
48791  -27.713  -18.166  53.335 0.0000000000
47765  -31.511  -18.970  51.211 0.0000000000
47767  -32.972  -18.480  50.379 0.0000000000
54091  -34.967  -13.613  50.711 0.0000000000
55167  -36.265  -13.127  50.039 0.0000000000
51962  -35.672  -15.273  50.556 0.0000000000
50905  -37.082  -16.138  49.922 0.0000000000
48836  -37.119  -17.834  49.619 0.0000000000
51985  -41.356  -15.716  47.095 0.0000000000
132922  -40.872  -8.667  46.142 0.0000000000
58558  -42.271  -9.765  46.658 0.0000000000
57426  -43.441  -10.472  46.182 0.0000000000
146251  -44.186  -8.218  45.414 0.0000000000
57442  -44.708  -10.383  45.361 0.0000000000
55214  -44.429  -12.197  45.245 0.0000000000
54176  -44.739  -12.994  43.681 0.0000000000
53058  -45.542  -14.270  42.296 0.0000000000
55290  -49.979  -12.388  39.523 0.0000000000
58634  -48.560  -9.396  41.251 0.0000000000
56427  -50.026  -11.262  39.958 0.0000000000
56460  -50.712  -11.803  38.337 0.0000000000
57566  -51.083  -10.534  37.431 0.0000000000
51889  -19.321  -15.143  57.169 0.0000000000
71686  -52.067  2.141  34.145 0.0000000000
69301  -53.652  0.705  33.815 0.0000000000
67248  -54.532  -1.428  33.203 0.0000000000
68266  -55.508  -0.181  31.465 0.0000000000
66163  -55.026  -2.401  32.219 0.0000000000
64189  -54.695  -4.383  32.673 0.0000000000
156808  -53.373  -0.146  25.526 0.0000000000
70608  -54.371  0.580  26.065 0.0000000000
75080  -53.865  5.559  22.164 0.0000000000
74026  -52.672  4.708  22.303 0.0000000000
72945  -53.222  3.239  25.179 0.0000000000
71804  -54.860  2.691  26.260 0.0000000000
70589  -55.673  0.904  26.205 0.0000000000
69393  -56.344  0.003  25.394 0.0000000000
49842  -18.446  -17.311  54.374 0.0000000000
66086  -45.598  -2.481  42.411 0.0000000000
67169  -45.282  -1.881  42.075 0.0000000000
66094  -44.758  -2.112  41.964 0.0000000000
58564  -38.645  -10.389  46.000 0.0000000000
58565  -39.544  -9.749  46.196 0.0000000000
58577  -39.188  -9.842  45.524 0.0000000000
65095  -44.713  -3.132  42.663 0.0000000000
65089  -44.882  -3.656  43.120 0.0000000000
66080  -45.277  -2.960  42.945 0.0000000000
66081  -45.889  -2.950  42.906 0.0000000000
71682  -48.677  2.219  34.690 0.0000000000
71665  -50.431  2.289  35.386 0.0000000000
151647  -49.504  2.280  34.406 0.0000000000
133700  -55.804  -0.784  27.850 0.0000000000
134223  -55.776  -0.606  26.789 0.0000000000
74044  -59.345  4.083  19.973 0.0000000000
74037  -58.906  4.267  20.525 0.0000000000
79555  -58.596  9.209  16.312 0.0000000000
78442  -58.684  8.956  16.937 0.0000000000
79541  -59.136  8.434  17.517 0.0000000000
79547  -59.382  8.663  16.963 0.0000000000
79548  -59.634  8.293  17.012 0.0000000000
146886  -59.648  8.812  16.513 0.0000000000
63157  -49.776  -5.914  39.829 0.0000000000
63163  -50.003  -5.571  39.163 0.0000000000
63162  -49.662  -5.083  39.810 0.0000000000
69249  -46.052  1.056  39.407 0.0000000000
70411  -47.327  1.045  39.444 0.0000000000
70427  -46.589  1.445  38.674 0.0000000000
71622  -47.064  1.979  38.136 0.0000000000
70443  -46.345  1.688  37.942 0.0000000000
54033  -20.411  -13.541  56.295 0.0000000000
54034  -21.252  -13.694  56.155 0.0000000000
54047  -25.081  -13.882  55.006 0.0000000000
52946  -24.460  -14.490  55.234 0.0000000000
152488  -29.835  -13.867  53.249 0.0000000000
52967  -29.348  -14.350  53.514 0.0000000000
51937  -29.524  -15.062  53.560 0.0000000000
138952  -30.412  -16.071  53.118 0.0000000000
51938  -30.277  -15.245  53.201 0.0000000000
52984  -33.768  -14.858  51.185 0.0000000000
51953  -33.430  -15.591  51.193 0.0000000000
51954  -34.371  -15.478  50.990 0.0000000000
50895  -34.795  -16.242  50.748 0.0000000000
140933  -35.108  -15.608  50.742 0.0000000000
54110  -38.988  -13.780  48.959 0.0000000000
140344  -38.247  -14.114  49.332 0.0000000000
53002  -38.990  -14.541  49.019 0.0000000000
51972  -38.996  -15.376  48.931 0.0000000000
51978  -39.628  -15.762  48.281 0.0000000000
54151  -43.218  -13.063  46.228 0.0000000000
54164  -43.731  -13.416  45.397 0.0000000000
53034  -43.525  -14.259  44.999 0.0000000000
157382  -44.209  -12.915  45.089 0.0000000000
60966  -41.904  -7.426  45.205 0.0000000000
62051  -42.537  -6.870  44.862 0.0000000000
58590  -46.740  -9.030  43.368 0.0000000000
58589  -46.281  -9.138  44.027 0.0000000000
58601  -46.511  -9.828  43.601 0.0000000000
57474  -46.802  -10.531  43.225 0.0000000000
57484  -47.354  -10.453  42.602 0.0000000000
56389  -47.581  -11.183  42.242 0.0000000000
62126  -49.581  -6.571  40.341 0.0000000000
61034  -49.446  -7.382  40.546 0.0000000000
151478  -50.244  -7.483  39.289 0.0000000000
139747  -19.908  -12.843  55.757 0.0000000000
55075  -20.206  -13.056  56.129 0.0000000000
66121  -49.602  -2.528  36.923 0.0000000000
65124  -49.944  -2.828  36.422 0.0000000000
66122  -50.240  -2.204  36.672 0.0000000000
144957  -53.739  -3.301  34.457 0.0000000000
64176  -53.481  -4.522  34.280 0.0000000000
64182  -53.941  -4.422  33.851 0.0000000000
62187  -54.121  -5.555  32.883 0.0000000000
71749  -53.024  2.056  30.932 0.0000000000
71736  -53.454  2.033  31.497 0.0000000000
71737  -54.150  1.709  31.347 0.0000000000
75119  -54.360  5.678  19.758 0.0000000000
74013  -56.377  4.259  23.923 0.0000000000
75067  -56.158  4.664  24.067 0.0000000000
74006  -55.910  3.890  25.044 0.0000000000
65102  -48.401  -3.744  41.195 0.0000000000
66089  -47.457  -3.041  41.873 0.0000000000
68178  -45.445  -0.888  41.201 0.0000000000
67178  -46.421  -1.313  41.562 0.0000000000
68186  -45.669  -0.333  40.792 0.0000000000
69242  -46.038  0.348  40.235 0.0000000000
69241  -45.223  -0.083  40.228 0.0000000000
56232  -20.585  -12.550  54.473 0.0000000000
56236  -23.760  -12.713  53.944 0.0000000000
57400  -38.511  -10.995  47.383 0.0000000000
56298  -39.159  -11.684  48.166 0.0000000000
56290  -38.707  -12.325  48.570 0.0000000000
55192  -39.498  -12.408  48.347 0.0000000000
150891  -40.231  -12.511  48.151 0.0000000000
137651  -39.995  -11.828  48.118 0.0000000000
57403  -41.091  -10.686  47.422 0.0000000000
56305  -41.107  -11.515  47.661 0.0000000000
56306  -41.827  -11.445  47.265 0.0000000000
139206  -42.482  -11.762  46.937 0.0000000000
138396  -42.005  -10.496  47.066 0.0000000000
63135  -43.413  -5.409  43.646 0.0000000000
63125  -43.575  -5.829  44.350 0.0000000000
64116  -43.908  -5.179  44.081 0.0000000000
63136  -46.080  -5.408  43.734 0.0000000000
63128  -45.562  -5.684  44.129 0.0000000000
60983  -46.293  -7.444  44.060 0.0000000000
62070  -46.587  -6.730  43.634 0.0000000000
60994  -47.292  -7.462  43.059 0.0000000000
64134  -47.476  -4.432  42.275 0.0000000000
146898  -47.833  -5.081  42.206 0.0000000000
64135  -48.199  -4.568  41.674 0.0000000000
55112  -20.012  -12.689  53.118 0.0000000000
150606  -20.003  -12.555  53.997 0.0000000000
69266  -50.200  0.453  37.298 0.0000000000
68215  -51.229  -0.147  36.687 0.0000000000
69267  -50.951  0.475  36.876 0.0000000000
70473  -52.270  1.108  35.263 0.0000000000
69274  -52.221  0.181  35.764 0.0000000000
68231  -52.712  -0.423  35.296 0.0000000000
145116  -53.085  -0.880  35.029 0.0000000000
68240  -53.200  -0.296  34.753 0.0000000000
70562  -54.382  0.945  28.897 0.0000000000
70552  -55.305  0.758  29.759 0.0000000000
69359  -55.108  0.569  29.109 0.0000000000
68318  -56.496  -1.518  28.183 0.0000000000
68300  -56.222  -0.971  28.872 0.0000000000
67288  -56.853  -1.997  28.375 0.0000000000
67276  -57.068  -2.499  28.479 0.0000000000
67308  -57.299  -2.293  27.233 0.0000000000
77255  -57.653  6.623  20.837 0.0000000000
77254  -57.167  6.827  21.157 0.0000000000
76159  -57.708  6.339  21.113 0.0000000000
74022  -57.310  4.467  22.724 0.0000000000
64140  -43.586  -4.135  41.236 0.0000000000
70560  -52.537  1.164  28.799 0.0000000000
68328  -53.397  -0.759  26.866 0.0000000000
68329  -54.194  -0.552  26.871 0.0000000000
68339  -53.721  -0.662  26.301 0.0000000000
77310  -57.032  7.159  17.058 0.0000000000
76207  -56.594  6.537  17.496 0.0000000000
76206  -55.977  6.071  17.961 0.0000000000
77291  -57.263  7.116  18.870 0.0000000000
77280  -57.354  7.034  19.668 0.0000000000
136328  -57.864  7.273  19.125 0.0000000000
78421  -59.221  7.442  18.343 0.0000000000
77283  -58.810  6.857  19.045 0.0000000000
77284  -59.373  6.823  18.666 0.0000000000
75121  -59.702  5.437  19.174 0.0000000000
76186  -59.616  6.187  18.942 0.0000000000
74070  -60.459  4.243  18.456 0.0000000000
76187  -60.146  5.830  18.419 0.0000000000
156986  -60.851  6.770  16.756 0.0000000000
80697  -59.880  9.923  14.946 0.0000000000
79565  -60.555  9.315  14.848 0.0000000000
77326  -61.510  7.961  14.059 0.0000000000
77325  -61.205  7.788  14.880 0.0000000000
59891  -50.479  -8.223  36.615 0.0000000000
61095  -50.142  -7.277  36.669 0.0000000000
63174  -50.136  -6.253  37.742 0.0000000000
135372  -49.606  -3.850  38.588 0.0000000000
64158  -49.689  -4.294  38.035 0.0000000000
66111  -49.271  -2.515  38.551 0.0000000000
66101  -48.234  -2.283  40.961 0.0000000000
146900  -49.007  -3.058  40.178 0.0000000000
69252  -48.582  0.219  39.062 0.0000000000
68198  -48.910  -0.560  38.866 0.0000000000
67195  -49.112  -1.170  38.397 0.0000000000
69259  -49.063  0.188  38.398 0.0000000000
69260  -49.551  0.262  37.778 0.0000000000
142934  -49.228  0.771  38.072 0.0000000000
136122  -47.900  2.182  36.900 0.0000000000
71636  -48.439  2.171  37.125 0.0000000000
158099  -20.092  -16.043  56.015 0.0000000000
50845  -20.553  -16.180  55.316 0.0000000000
51914  -22.061  -15.555  55.453 0.0000000000
54044  -22.537  -13.424  55.529 0.0000000000
52936  -22.828  -14.004  55.722 0.0000000000
48789  -25.515  -18.304  53.393 0.0000000000
141574  -26.261  -18.388  53.315 0.0000000000
149658  -26.193  -19.452  52.124 0.0000000000
48790  -27.034  -18.314  53.305 0.0000000000
151775  -25.256  -12.738  52.900 0.0000000000
55113  -25.612  -12.870  53.450 0.0000000000
52956  -27.324  -14.461  54.269 0.0000000000
52948  -26.743  -14.940  54.483 0.0000000000
51926  -27.453  -15.219  54.327 0.0000000000
49851  -28.571  -17.001  53.784 0.0000000000
48777  -28.112  -17.635  53.585 0.0000000000
47740  -28.448  -18.341  53.132 0.0000000000
47739  -27.678  -18.887  52.931 0.0000000000
151665  -28.467  -18.979  52.727 0.0000000000
148876  -28.579  -19.788  51.662 0.0000000000
49878  -30.852  -17.545  52.512 0.0000000000
47752  -30.512  -18.866  52.085 0.0000000000
47753  -31.181  -18.558  51.789 0.0000000000
46672  -30.977  -19.521  51.090 0.0000000000
48818  -31.828  -18.286  51.352 0.0000000000
50894  -33.142  -16.886  51.043 0.0000000000
50893  -32.569  -16.725  51.366 0.0000000000
48819  -32.612  -18.029  50.966 0.0000000000
48820  -33.326  -18.056  50.606 0.0000000000
48832  -33.783  -18.509  50.362 0.0000000000
48834  -35.586  -18.121  50.259 0.0000000000
47781  -35.239  -19.019  50.059 0.0000000000
47782  -36.112  -18.751  49.807 0.0000000000
47793  -35.738  -19.479  49.449 0.0000000000
54101  -37.446  -13.962  49.730 0.0000000000
54100  -36.674  -13.877  50.090 0.0000000000
54099  -35.764  -13.857  50.431 0.0000000000
52993  -36.313  -14.708  50.308 0.0000000000
51963  -36.324  -15.658  50.291 0.0000000000
50913  -38.173  -16.695  49.186 0.0000000000
49908  -37.589  -17.338  49.392 0.0000000000
49909  -38.274  -17.541  49.024 0.0000000000
48847  -37.689  -18.186  49.209 0.0000000000
49922  -40.748  -17.377  47.281 0.0000000000
48868  -40.291  -18.022  47.480 0.0000000000
48869  -40.998  -18.110  47.074 0.0000000000
144952  -41.199  -14.045  47.567 0.0000000000
53012  -40.738  -14.570  47.757 0.0000000000
146120  -41.457  -14.763  47.232 0.0000000000
59759  -40.150  -8.979  46.089 0.0000000000
59778  -40.560  -8.581  45.444 0.0000000000
59761  -42.347  -8.446  46.231 0.0000000000
58568  -42.634  -9.122  46.346 0.0000000000
58569  -43.004  -9.767  46.324 0.0000000000
58570  -43.700  -9.651  46.067 0.0000000000
62054  -44.541  -6.634  44.942 0.0000000000
142417  -44.195  -7.467  45.225 0.0000000000
60969  -44.864  -7.975  45.161 0.0000000000
57443  -45.461  -10.149  44.812 0.0000000000
58579  -45.067  -9.450  45.172 0.0000000000
56339  -45.265  -11.029  44.912 0.0000000000
56338  -44.616  -11.366  45.343 0.0000000000
55215  -45.010  -11.860  44.795 0.0000000000
55224  -44.622  -12.627  44.555 0.0000000000
55225  -45.227  -12.248  44.082 0.0000000000
55241  -46.745  -12.416  42.477 0.0000000000
54186  -45.961  -13.060  42.466 0.0000000000
155047  -46.357  -13.852  42.154 0.0000000000
55272  -48.435  -11.795  41.328 0.0000000000
55289  -49.590  -12.048  40.079 0.0000000000
59814  -48.061  -8.215  42.068 0.0000000000
58619  -48.085  -9.021  41.855 0.0000000000
141879  -48.503  -8.438  41.407 0.0000000000
58651  -50.134  -9.456  39.965 0.0000000000
57517  -49.569  -9.880  40.408 0.0000000000
57518  -50.110  -10.326  39.986 0.0000000000
56443  -50.342  -11.651  39.192 0.0000000000
56444  -50.795  -10.999  38.633 0.0000000000
56461  -51.036  -11.147  37.869 0.0000000000
57551  -51.005  -10.412  38.136 0.0000000000
141641  -50.689  -8.254  37.614 0.0000000000
59892  -50.986  -9.148  37.090 0.0000000000
51890  -19.952  -14.690  56.798 0.0000000000
52922  -19.287  -14.366  57.216 0.0000000000
51899  -19.899  -15.504  56.559 0.0000000000
66124  -52.093  -2.057  36.109 0.0000000000
65125  -51.558  -2.866  36.098 0.0000000000
65132  -52.116  -3.424  35.602 0.0000000000
71718  -50.640  2.079  32.625 0.0000000000
71701  -51.453  2.281  33.710 0.0000000000
70497  -54.026  1.053  33.167 0.0000000000
70496  -53.343  1.448  33.443 0.0000000000
69302  -54.178  0.231  33.371 0.0000000000
68249  -54.356  -0.596  33.392 0.0000000000
69348  -55.985  -0.353  30.525 0.0000000000
68267  -55.904  -0.994  31.285 0.0000000000
66164  -55.492  -2.538  31.519 0.0000000000
65152  -55.191  -3.955  31.727 0.0000000000
65147  -54.872  -3.862  32.384 0.0000000000
64190  -54.985  -4.421  32.027 0.0000000000
70607  -53.573  0.509  25.633 0.0000000000
141964  -53.687  1.570  25.815 0.0000000000
76146  -55.242  6.242  22.156 0.0000000000
75095  -54.430  6.010  21.694 0.0000000000
74021  -54.256  5.123  23.953 0.0000000000
75071  -54.062  5.427  23.032 0.0000000000
156715  -53.580  5.008  23.357 0.0000000000
72959  -52.257  4.173  22.859 0.0000000000
74019  -52.635  3.984  23.824 0.0000000000
72944  -52.770  3.457  24.517 0.0000000000
74010  -53.311  3.992  24.644 0.0000000000
72929  -55.866  2.862  25.826 0.0000000000
154674  -54.449  3.287  26.007 0.0000000000
72928  -55.505  3.071  26.094 0.0000000000
71805  -55.671  2.188  26.157 0.0000000000
135161  -55.971  1.538  25.866 0.0000000000
157375  -56.032  0.649  25.773 0.0000000000
70590  -56.147  1.407  25.349 0.0000000000
65097  -47.021  -3.570  42.360 0.0000000000
66088  -46.904  -2.693  42.155 0.0000000000
66087  -46.230  -2.510  42.324 0.0000000000
67177  -45.701  -1.313  41.643 0.0000000000
68185  -44.980  -0.760  40.768 0.0000000000
57401  -39.308  -10.616  47.254 0.0000000000
57377  -39.778  -11.229  47.961 0.0000000000
58556  -40.609  -9.887  47.107 0.0000000000
135407  -43.708  -4.468  42.651 0.0000000000
64117  -44.334  -4.902  44.048 0.0000000000
64125  -44.547  -4.356  43.441 0.0000000000
64126  -45.222  -4.309  43.468 0.0000000000
64127  -46.001  -4.500  43.340 0.0000000000
135029  -46.606  -5.091  43.267 0.0000000000
65091  -46.303  -3.631  42.977 0.0000000000
70459  -50.448  1.734  36.572 0.0000000000
70460  -51.135  1.223  36.346 0.0000000000
71651  -50.900  2.033  35.951 0.0000000000
70472  -51.548  1.606  35.616 0.0000000000
71667  -51.896  1.935  34.924 0.0000000000
69372  -55.488  -0.202  28.541 0.0000000000
68317  -56.173  -1.095  28.040 0.0000000000
68331  -56.549  -1.435  27.253 0.0000000000
68332  -57.024  -1.828  26.870 0.0000000000
69383  -56.439  -0.901  26.343 0.0000000000
68341  -56.918  -0.962  25.784 0.0000000000
150393  -58.595  5.601  20.500 0.0000000000
76151  -58.225  5.604  21.122 0.0000000000
75096  -58.582  5.245  20.773 0.0000000000
74029  -58.593  4.460  21.053 0.0000000000
153905  -57.531  7.714  17.382 0.0000000000
77302  -57.813  7.877  17.912 0.0000000000
78419  -58.456  7.545  18.794 0.0000000000
78427  -58.874  8.079  18.112 0.0000000000
78428  -59.142  7.995  17.948 0.0000000000
77293  -59.641  7.290  18.059 0.0000000000
76199  -60.289  6.455  17.863 0.0000000000
77303  -59.857  7.639  17.402 0.0000000000
77304  -60.265  7.347  17.134 0.0000000000
77312  -60.633  7.367  16.601 0.0000000000
80705  -60.623  9.814  14.175 0.0000000000
79570  -61.098  9.194  14.220 0.0000000000
78457  -61.540  8.655  13.799 0.0000000000
62144  -50.300  -6.911  38.540 0.0000000000
134588  -50.142  -6.022  38.513 0.0000000000
64154  -49.844  -4.684  38.904 0.0000000000
68188  -47.434  -0.426  40.532 0.0000000000
68189  -48.071  -0.583  40.143 0.0000000000
69244  -47.654  -0.005  40.183 0.0000000000
70412  -48.065  0.903  39.222 0.0000000000
70429  -48.221  1.419  38.433 0.0000000000
71623  -47.726  1.885  38.164 0.0000000000
71635  -46.811  2.037  37.329 0.0000000000
71646  -46.475  1.967  36.564 0.0000000000
51900  -20.701  -14.976  56.327 0.0000000000
51902  -22.221  -14.966  55.814 0.0000000000
50866  -26.840  -16.470  54.363 0.0000000000
51927  -28.156  -15.493  54.197 0.0000000000
51928  -28.910  -15.590  54.013 0.0000000000
50869  -29.081  -16.387  53.727 0.0000000000
49852  -29.205  -16.998  53.461 0.0000000000
48793  -29.542  -18.055  53.031 0.0000000000
49866  -29.724  -17.351  53.186 0.0000000000
49867  -30.551  -16.976  52.997 0.0000000000
49868  -31.269  -17.024  52.388 0.0000000000
135306  -33.749  -17.137  50.861 0.0000000000
48821  -34.032  -17.786  50.649 0.0000000000
49890  -34.465  -17.031  50.736 0.0000000000
49899  -36.015  -17.379  50.283 0.0000000000
56289  -37.897  -12.252  48.749 0.0000000000
55180  -37.465  -12.726  49.199 0.0000000000
54109  -37.823  -13.376  49.345 0.0000000000
52995  -37.640  -14.717  49.679 0.0000000000
51965  -37.684  -15.513  49.602 0.0000000000
49910  -38.836  -17.048  48.677 0.0000000000
50921  -40.120  -16.384  47.877 0.0000000000
50922  -40.694  -16.088  47.437 0.0000000000
54150  -42.661  -13.844  46.529 0.0000000000
53026  -42.785  -14.524  46.187 0.0000000000
152276  -43.669  -14.562  44.196 0.0000000000
53049  -43.938  -14.462  43.418 0.0000000000
60981  -40.931  -7.884  44.145 0.0000000000
59779  -41.289  -7.996  45.763 0.0000000000
60952  -42.869  -7.818  46.009 0.0000000000
60970  -45.502  -7.766  44.611 0.0000000000
59781  -45.324  -8.595  44.936 0.0000000000
57459  -46.062  -9.966  44.266 0.0000000000
57458  -45.781  -10.753  44.365 0.0000000000
55226  -45.817  -11.851  43.682 0.0000000000
56373  -46.433  -11.345  43.357 0.0000000000
142878  -46.748  -11.781  42.829 0.0000000000
140139  -47.228  -11.834  42.396 0.0000000000
55259  -47.865  -11.894  41.978 0.0000000000
56390  -48.056  -11.248  41.781 0.0000000000
56408  -48.426  -10.852  41.349 0.0000000000
62117  -48.637  -6.625  41.461 0.0000000000
61020  -49.064  -7.850  41.012 0.0000000000
59849  -49.595  -8.122  40.369 0.0000000000
59860  -50.448  -9.049  39.363 0.0000000000
58673  -50.765  -9.433  38.784 0.0000000000
61049  -50.371  -8.281  39.281 0.0000000000
61064  -50.530  -7.898  38.492 0.0000000000
55084  -18.646  -12.830  55.041 0.0000000000
55074  -19.119  -12.846  55.856 0.0000000000
54031  -18.797  -13.072  56.573 0.0000000000
154184  -52.807  -2.138  35.516 0.0000000000
143587  -52.709  -3.632  35.238 0.0000000000
64175  -53.111  -4.271  34.901 0.0000000000
71734  -51.872  2.116  31.905 0.0000000000
71720  -52.413  2.164  32.510 0.0000000000
71721  -53.174  2.090  32.240 0.0000000000
71722  -53.855  1.809  32.018 0.0000000000
70509  -54.188  1.228  32.439 0.0000000000
67261  -56.210  -2.258  30.085 0.0000000000
67260  -55.955  -1.898  31.032 0.0000000000
76140  -56.373  5.937  23.190 0.0000000000
75082  -55.424  6.066  22.980 0.0000000000
148484  -55.796  5.684  23.624 0.0000000000
75065  -55.206  5.242  24.187 0.0000000000
153135  -54.765  4.908  24.680 0.0000000000
143621  -54.842  4.369  25.224 0.0000000000
74005  -55.530  4.115  25.266 0.0000000000
72936  -55.691  3.517  25.669 0.0000000000
72937  -55.950  3.253  25.255 0.0000000000
71816  -56.246  2.165  24.849 0.0000000000
79564  -58.714  9.667  15.800 0.0000000000
79557  -59.443  9.198  16.315 0.0000000000
80691  -59.300  9.849  15.668 0.0000000000
80696  -59.581  10.057  15.136 0.0000000000
81794  -59.695  10.462  14.527 0.0000000000
81799  -59.058  11.179  13.903 0.0000000000
81801  -60.077  10.606  13.871 0.0000000000
81810  -60.544  10.601  13.260 0.0000000000
144872  -49.227  -5.158  40.657 0.0000000000
64147  -49.275  -4.360  40.212 0.0000000000
66097  -48.538  -3.044  40.728 0.0000000000
67180  -47.846  -1.674  41.080 0.0000000000
67179  -47.146  -1.467  41.342 0.0000000000
68181  -47.667  -1.020  40.817 0.0000000000
69243  -46.939  0.114  40.407 0.0000000000
69258  -45.290  0.873  39.017 0.0000000000
55086  -20.649  -12.871  55.657 0.0000000000
55087  -21.415  -12.924  55.496 0.0000000000
55088  -22.217  -12.976  55.312 0.0000000000
55089  -23.063  -12.985  55.162 0.0000000000
55090  -23.894  -12.994  55.062 0.0000000000
54057  -24.646  -13.261  54.701 0.0000000000
54058  -25.468  -13.477  54.381 0.0000000000
140345  -33.991  -14.185  51.147 0.0000000000
55182  -39.059  -13.038  48.770 0.0000000000
149623  -39.460  -13.528  48.560 0.0000000000
53011  -40.108  -14.359  48.161 0.0000000000
54123  -39.998  -13.672  48.267 0.0000000000
153699  -40.469  -13.162  48.088 0.0000000000
54135  -41.196  -13.249  47.667 0.0000000000
56299  -40.462  -11.279  47.838 0.0000000000
55199  -41.382  -12.299  47.555 0.0000000000
137709  -41.856  -12.959  47.313 0.0000000000
55201  -42.798  -12.336  46.672 0.0000000000
55207  -43.408  -12.113  46.200 0.0000000000
63124  -42.911  -5.938  43.992 0.0000000000
62067  -43.013  -6.348  44.575 0.0000000000
63117  -43.514  -6.335  44.819 0.0000000000
63118  -44.075  -6.167  44.776 0.0000000000
63127  -44.899  -5.454  44.241 0.0000000000
62068  -45.185  -6.346  44.448 0.0000000000
62069  -45.601  -7.019  44.398 0.0000000000
59798  -46.522  -8.337  43.762 0.0000000000
59799  -47.070  -8.279  43.237 0.0000000000
58602  -47.266  -8.920  42.799 0.0000000000
59813  -47.529  -8.176  42.639 0.0000000000
60995  -47.833  -7.444  42.332 0.0000000000
63144  -47.289  -5.241  42.816 0.0000000000
63145  -47.840  -5.859  42.304 0.0000000000
62102  -48.174  -6.668  42.034 0.0000000000
63150  -48.450  -5.960  41.676 0.0000000000
146879  -48.681  -5.248  41.321 0.0000000000
55099  -19.341  -12.698  54.430 0.0000000000
56225  -20.284  -12.687  55.149 0.0000000000
67202  -50.278  -0.984  37.176 0.0000000000
67213  -50.668  -1.565  36.775 0.0000000000
153252  -51.427  -1.564  36.454 0.0000000000
67214  -51.936  -1.206  36.252 0.0000000000
69273  -51.532  0.381  36.328 0.0000000000
68224  -52.353  -0.749  35.852 0.0000000000
67215  -52.543  -1.490  35.748 0.0000000000
67223  -53.144  -1.596  35.082 0.0000000000
67237  -53.752  -1.894  34.368 0.0000000000
66140  -54.001  -2.779  34.146 0.0000000000
153691  -54.050  1.690  30.194 0.0000000000
70537  -54.478  1.516  30.657 0.0000000000
70551  -54.672  1.258  29.782 0.0000000000
69347  -55.643  0.344  30.096 0.0000000000
69360  -55.625  0.136  29.328 0.0000000000
68283  -56.343  -1.645  29.635 0.0000000000
67275  -56.657  -2.260  29.117 0.0000000000
76184  -55.869  6.444  19.839 0.0000000000
76183  -55.085  6.192  20.271 0.0000000000
76167  -55.861  6.520  20.786 0.0000000000
76156  -55.937  6.499  21.691 0.0000000000
76148  -56.724  6.163  22.647 0.0000000000
76150  -57.693  5.958  21.659 0.0000000000
76149  -57.170  6.115  22.240 0.0000000000
76141  -56.806  5.699  22.888 0.0000000000
75074  -56.797  5.156  23.094 0.0000000000
75068  -56.781  4.626  23.233 0.0000000000
66093  -44.320  -2.689  41.639 0.0000000000
66100  -43.921  -2.677  40.774 0.0000000000
66105  -43.684  -3.042  40.009 0.0000000000
62084  -42.505  -6.386  43.514 0.0000000000
63143  -42.905  -5.522  42.335 0.0000000000
64123  -43.297  -5.059  42.878 0.0000000000
64132  -43.338  -4.761  41.962 0.0000000000
64133  -43.803  -3.941  42.080 0.0000000000
65101  -43.873  -3.336  41.441 0.0000000000
70494  -48.331  1.569  33.315 0.0000000000
71699  -49.703  2.153  33.575 0.0000000000
70506  -49.411  1.438  32.303 0.0000000000
70507  -50.194  1.701  32.104 0.0000000000
70534  -51.735  1.584  30.490 0.0000000000
70535  -52.566  1.779  30.323 0.0000000000
70548  -52.097  1.430  29.647 0.0000000000
70549  -52.972  1.550  29.524 0.0000000000
70561  -53.497  1.122  28.780 0.0000000000
69370  -54.098  0.385  28.146 0.0000000000
69380  -54.638  -0.242  27.524 0.0000000000
68330  -54.987  -0.351  26.885 0.0000000000
75130  -55.264  5.774  18.443 0.0000000000
76196  -55.902  6.276  18.886 0.0000000000
77269  -57.545  6.900  20.371 0.0000000000
77270  -57.834  6.875  20.070 0.0000000000
77282  -58.404  7.009  19.258 0.0000000000
153844  -58.350  6.701  19.722 0.0000000000
77271  -58.587  6.378  19.805 0.0000000000
76169  -58.973  5.729  19.920 0.0000000000
74045  -59.635  4.635  19.467 0.0000000000
72980  -59.694  3.865  19.348 0.0000000000
75131  -60.668  5.931  17.658 0.0000000000
79558  -59.879  9.142  15.981 0.0000000000
78443  -60.509  8.171  16.086 0.0000000000
146100  -60.820  8.875  14.926 0.0000000000
78449  -60.839  8.353  15.315 0.0000000000
153165  -50.012  -5.523  37.809 0.0000000000
63173  -49.610  -4.783  37.429 0.0000000000
64162  -49.354  -3.832  37.034 0.0000000000
65120  -49.406  -3.058  37.345 0.0000000000
65106  -49.250  -3.539  39.803 0.0000000000
68190  -48.537  -1.064  39.531 0.0000000000
67187  -48.831  -1.835  39.558 0.0000000000
146935  -49.115  -1.874  38.860 0.0000000000
67201  -49.235  -1.782  37.994 0.0000000000
67196  -49.517  -1.072  37.650 0.0000000000
68207  -49.881  -0.351  37.471 0.0000000000
157735  -50.142  1.027  37.269 0.0000000000
70430  -48.985  1.480  37.979 0.0000000000
70444  -49.450  1.754  37.366 0.0000000000
71638  -49.831  2.075  36.844 0.0000000000
67184  -44.261  -1.899  40.407 0.0000000000
68195  -44.425  -0.828  39.529 0.0000000000
142629  -43.933  -1.176  38.923 0.0000000000
68205  -44.308  -0.383  38.851 0.0000000000
132897  -44.762  0.354  38.754 0.0000000000
156447  -44.649  0.438  38.188 0.0000000000
70425  -44.985  0.950  38.223 0.0000000000
70441  -44.907  1.047  37.456 0.0000000000
70458  -45.340  1.294  36.813 0.0000000000
71697  -48.051  1.916  34.067 0.0000000000
50859  -19.965  -16.571  54.683 0.0000000000
54035  -22.102  -13.780  56.039 0.0000000000
52935  -22.367  -14.381  55.952 0.0000000000
151304  -24.644  -12.747  53.597 0.0000000000
55103  -25.147  -12.947  54.148 0.0000000000
52947  -26.153  -14.689  54.656 0.0000000000
48776  -27.321  -17.712  53.762 0.0000000000
48804  -29.988  -18.465  52.537 0.0000000000
50885  -31.640  -16.467  52.167 0.0000000000
48807  -32.088  -17.688  51.460 0.0000000000
48833  -34.645  -18.421  50.360 0.0000000000
54090  -34.288  -13.568  51.029 0.0000000000
142906  -34.598  -14.062  50.995 0.0000000000
56279  -35.836  -12.453  49.743 0.0000000000
55153  -35.311  -12.900  50.329 0.0000000000
52992  -35.585  -14.623  50.583 0.0000000000
51955  -35.077  -14.989  50.829 0.0000000000
50903  -35.591  -16.043  50.535 0.0000000000
50904  -36.218  -16.555  50.276 0.0000000000
50912  -37.481  -16.693  49.553 0.0000000000
49900  -36.894  -17.141  49.929 0.0000000000
48846  -36.909  -18.514  49.523 0.0000000000
51979  -40.204  -15.107  48.040 0.0000000000
51980  -40.780  -15.327  47.552 0.0000000000
51986  -41.970  -15.324  46.801 0.0000000000
50930  -42.063  -16.160  46.623 0.0000000000
49924  -41.905  -16.960  46.704 0.0000000000
59777  -39.751  -9.248  45.477 0.0000000000
156669  -40.581  -9.022  46.401 0.0000000000
58567  -41.036  -9.130  46.679 0.0000000000
59760  -41.580  -8.502  46.235 0.0000000000
59749  -41.873  -9.102  46.559 0.0000000000
57404  -42.698  -10.426  46.570 0.0000000000
155837  -43.026  -10.976  46.494 0.0000000000
56319  -43.500  -11.314  46.185 0.0000000000
60968  -43.379  -7.388  45.417 0.0000000000
60953  -43.587  -8.030  45.759 0.0000000000
59763  -43.876  -8.786  45.934 0.0000000000
59780  -44.580  -8.765  45.324 0.0000000000
58578  -44.320  -9.538  45.595 0.0000000000
57427  -44.093  -10.205  45.867 0.0000000000
56320  -44.125  -10.926  45.864 0.0000000000
142667  -44.049  -11.761  45.821 0.0000000000
54184  -44.342  -13.728  43.279 0.0000000000
55239  -45.458  -12.579  43.259 0.0000000000
54185  -44.987  -13.422  42.807 0.0000000000
58618  -47.644  -9.583  42.326 0.0000000000
57499  -48.353  -10.145  41.408 0.0000000000
57500  -48.981  -10.245  40.970 0.0000000000
58635  -49.148  -9.465  40.774 0.0000000000
136016  -49.483  -10.719  40.401 0.0000000000
56426  -49.390  -11.429  40.369 0.0000000000
56489  -50.905  -11.179  36.428 0.0000000000
58685  -51.041  -9.813  37.686 0.0000000000
138021  -51.055  -9.982  37.100 0.0000000000
50823  -19.116  -15.887  57.038 0.0000000000
50831  -19.449  -16.260  56.335 0.0000000000
147321  -50.656  -2.620  36.342 0.0000000000
138338  -50.247  2.325  34.165 0.0000000000
71685  -51.406  2.241  34.479 0.0000000000
70484  -52.489  1.559  34.505 0.0000000000
71702  -52.195  2.202  33.334 0.0000000000
70485  -53.114  1.225  34.165 0.0000000000
69291  -53.239  0.448  34.441 0.0000000000
68241  -53.855  -0.222  34.117 0.0000000000
67247  -54.141  -1.204  33.953 0.0000000000
66141  -54.347  -2.985  33.374 0.0000000000
70522  -54.875  1.168  31.293 0.0000000000
140665  -55.160  0.500  31.628 0.0000000000
69316  -55.041  0.037  32.284 0.0000000000
67254  -55.507  -1.686  31.797 0.0000000000
67253  -55.024  -1.559  32.527 0.0000000000
135279  -54.631  -2.279  32.956 0.0000000000
66153  -54.721  -3.115  32.686 0.0000000000
65141  -54.557  -3.758  33.083 0.0000000000
68347  -53.305  -0.685  25.755 0.0000000000
69389  -53.889  -0.278  25.875 0.0000000000
69390  -55.139  0.207  26.374 0.0000000000
75106  -54.355  5.931  20.754 0.0000000000
75094  -53.730  5.582  21.267 0.0000000000
75079  -53.156  5.191  21.770 0.0000000000
75081  -54.606  5.904  22.592 0.0000000000
74036  -52.466  4.774  21.423 0.0000000000
71830  -52.213  3.156  24.108 0.0000000000
71813  -53.087  2.342  25.422 0.0000000000
72934  -54.078  3.762  25.453 0.0000000000
71814  -53.886  2.748  25.920 0.0000000000
70587  -54.365  1.822  26.174 0.0000000000
70588  -55.083  1.392  26.342 0.0000000000
155864  -55.849  0.325  26.103 0.0000000000
68348  -57.048  -0.546  25.141 0.0000000000
70609  -56.404  1.158  24.827 0.0000000000
69405  -56.782  0.145  24.714 0.0000000000
68358  -57.380  -0.582  24.691 0.0000000000
48775  -26.570  -17.908  53.804 0.0000000000
48805  -30.712  -18.171  52.297 0.0000000000
50877  -29.770  -16.605  53.339 0.0000000000
50928  -40.542  -16.744  47.463 0.0000000000
52985  -35.094  -14.297  50.779 0.0000000000
52994  -37.049  -14.487  50.019 0.0000000000
53003  -39.503  -14.119  48.547 0.0000000000
55181  -38.261  -12.821  49.015 0.0000000000
56224  -19.950  -12.596  54.647 0.0000000000
56288  -37.075  -12.195  48.921 0.0000000000
56300  -40.702  -11.982  47.957 0.0000000000
56307  -42.511  -11.097  46.873 0.0000000000
56355  -46.002  -11.231  43.943 0.0000000000
56409  -49.012  -11.174  40.904 0.0000000000
57375  -38.599  -11.324  47.946 0.0000000000
57534  -50.432  -10.719  39.326 0.0000000000
57535  -50.781  -10.204  38.779 0.0000000000
57581  -51.063  -10.562  36.801 0.0000000000
58555  -39.759  -10.027  46.975 0.0000000000
58674  -50.954  -9.780  38.295 0.0000000000
59762  -43.119  -8.529  46.140 0.0000000000
59840  -49.093  -8.715  40.888 0.0000000000
59850  -50.113  -8.635  39.917 0.0000000000
59872  -50.673  -8.687  38.717 0.0000000000
59873  -50.964  -9.060  38.064 0.0000000000
60965  -41.091  -7.852  45.018 0.0000000000
62052  -43.119  -6.772  45.082 0.0000000000
62085  -47.101  -6.683  43.231 0.0000000000
62151  -49.626  -5.487  37.024 0.0000000000
63126  -44.240  -5.598  44.345 0.0000000000
63138  -47.337  -6.068  42.908 0.0000000000
63151  -49.134  -6.037  41.058 0.0000000000
63199  -54.023  -4.998  33.307 0.0000000000
63208  -54.438  -4.960  32.788 0.0000000000
63214  -55.125  -4.921  31.673 0.0000000000
64119  -45.446  -4.963  43.909 0.0000000000
64183  -54.351  -4.348  33.268 0.0000000000
65094  -44.256  -3.266  42.168 0.0000000000
65116  -49.398  -3.100  38.181 0.0000000000
65133  -53.281  -3.445  34.929 0.0000000000
65134  -53.645  -3.927  34.369 0.0000000000
66085  -45.047  -2.537  42.404 0.0000000000
66096  -48.028  -2.997  41.399 0.0000000000
66102  -48.690  -2.417  40.189 0.0000000000
66154  -55.073  -3.240  31.945 0.0000000000
67170  -45.975  -1.828  42.100 0.0000000000
67175  -44.485  -2.037  41.199 0.0000000000
67185  -44.657  -1.444  40.833 0.0000000000
67203  -51.182  -0.890  36.746 0.0000000000
67238  -54.206  -2.114  33.638 0.0000000000
68179  -46.090  -0.737  41.231 0.0000000000
68187  -46.345  -0.163  40.856 0.0000000000
68196  -44.784  -0.028  39.518 0.0000000000
68250  -54.888  -0.735  32.775 0.0000000000
68282  -56.255  -0.969  29.670 0.0000000000
69248  -45.411  0.453  39.625 0.0000000000
69250  -47.483  0.528  39.820 0.0000000000
69251  -48.087  0.151  39.691 0.0000000000
69282  -52.791  0.349  35.082 0.0000000000
69315  -54.468  0.543  32.715 0.0000000000
69331  -55.445  0.473  30.922 0.0000000000
70410  -46.836  1.199  39.257 0.0000000000
70442  -45.594  1.302  37.684 0.0000000000
70445  -50.054  1.516  37.136 0.0000000000
70495  -52.765  1.925  33.805 0.0000000000
70510  -54.769  0.874  32.078 0.0000000000
71625  -48.914  2.020  37.518 0.0000000000
71637  -49.179  2.179  37.006 0.0000000000
71647  -47.318  2.135  36.600 0.0000000000
71650  -50.090  2.225  36.094 0.0000000000
71666  -51.182  2.160  35.207 0.0000000000
71683  -50.072  2.404  34.808 0.0000000000
71700  -50.608  2.224  33.401 0.0000000000
71703  -52.949  2.096  33.023 0.0000000000
71735  -52.699  2.127  31.693 0.0000000000
71750  -53.779  1.923  30.803 0.0000000000
71822  -52.593  2.783  24.806 0.0000000000
74007  -56.120  3.709  24.600 0.0000000000
74012  -55.405  4.743  24.792 0.0000000000
74020  -53.435  4.584  23.955 0.0000000000
74027  -53.357  5.104  22.631 0.0000000000
75066  -55.866  5.007  24.194 0.0000000000
75073  -56.344  5.269  23.542 0.0000000000
75075  -57.642  4.913  22.345 0.0000000000
75085  -58.765  4.812  20.670 0.0000000000
75107  -59.387  5.178  19.713 0.0000000000
75122  -60.069  4.904  18.758 0.0000000000
76157  -56.524  6.704  21.238 0.0000000000
76160  -58.377  6.008  20.475 0.0000000000
76161  -58.984  5.307  20.180 0.0000000000
76170  -59.297  5.742  19.545 0.0000000000
76197  -56.609  6.636  18.420 0.0000000000
77294  -60.100  7.036  17.682 0.0000000000
77301  -57.246  7.229  17.960 0.0000000000
77319  -60.928  7.604  15.746 0.0000000000
78426  -58.392  8.108  18.126 0.0000000000
78435  -58.823  8.581  17.597 0.0000000000
78436  -60.147  7.922  16.763 0.0000000000
79542  -59.329  8.272  17.427 0.0000000000
79556  -59.074  9.400  16.429 0.0000000000
80693  -60.105  9.450  15.321 0.0000000000
80712  -60.763  10.166  13.607 0.0000000000
81793  -59.308  10.418  14.911 0.0000000000
81795  -60.146  10.169  14.353 0.0000000000
81800  -59.607  10.955  13.902 0.0000000000
81802  -60.423  10.285  13.853 0.0000000000
131852  -52.957  4.622  23.164 0.0000000000
134105  -60.002  11.044  13.221 0.0000000000
134859  -56.786  6.544  21.943 0.0000000000
135016  -29.756  -19.151  52.201 0.0000000000
136421  -30.923  -19.100  51.591 0.0000000000
139029  -55.368  -0.841  32.061 0.0000000000
140413  -47.654  2.103  37.466 0.0000000000
140443  -50.906  2.355  34.101 0.0000000000
140820  -57.171  4.941  22.760 0.0000000000
140974  -52.877  0.499  25.300 0.0000000000
141123  -44.347  0.876  36.026 0.0000000000
142585  -48.109  -9.724  41.761 0.0000000000
145117  -46.823  -7.217  43.506 0.0000000000
145348  -28.914  -19.293  52.194 0.0000000000
147423  -25.971  -18.041  53.804 0.0000000000
148277  -59.316  10.822  14.393 0.0000000000
150421  -59.011  3.045  19.973 0.0000000000
151165  -34.618  -13.100  50.728 0.0000000000
151422  -55.934  2.320  25.847 0.0000000000
151801  -19.268  -12.795  52.988 0.0000000000
154237  -57.995  6.081  20.991 0.0000000000
156083  -28.509  -15.174  54.112 0.0000000000
156147  -29.052  -18.198  53.112 0.0000000000
156373  -55.942  6.059  23.161 0.0000000000
156523  -50.076  -7.938  39.824 0.0000000000
157164  -50.451  -7.752  37.142 0.0000000000
157719  -35.509  -17.527  50.394 0.0000000000
