#!ascii label  , from subject freesurfer vox2ras=TkReg
885
14437  -41.561  -57.842  -34.539 0.5000000000
141013  -38.991  -58.731  -35.558 0.8000000119
15111  -36.895  -57.004  -35.761 0.8000000119
14448  -37.364  -57.826  -35.768 0.8000000119
14449  -38.490  -57.798  -35.678 0.8000000119
14432  -41.884  -57.864  -33.406 0.5000000000
13691  -40.378  -58.046  -35.155 0.5000000000
149472  -39.558  -57.408  -35.568 0.6000000238
139275  -36.095  -55.585  -35.520 0.6999999881
144528  -36.658  -56.416  -35.695 0.6999999881
138378  -38.645  -56.780  -35.736 0.8000000119
15113  -39.734  -56.519  -35.573 0.6999999881
14425  -41.720  -56.991  -33.133 0.6000000238
14438  -42.156  -57.074  -33.966 0.5000000000
15099  -41.704  -56.822  -34.743 0.6000000238
146890  -34.263  -55.033  -34.991 0.6999999881
14450  -40.717  -57.174  -35.276 0.6000000238
15865  -41.728  -56.128  -34.878 0.6000000238
16640  -35.076  -54.893  -35.099 0.6999999881
139173  -34.799  -56.591  -35.540 0.6999999881
141910  -37.221  -56.316  -35.733 0.6999999881
15114  -40.924  -56.313  -35.297 0.6000000238
16650  -41.533  -54.996  -35.036 0.6000000238
15112  -37.929  -56.203  -35.714 0.8000000119
152230  -38.780  -55.969  -35.642 0.8000000119
16649  -40.613  -54.923  -35.291 0.6999999881
15852  -41.695  -55.579  -33.513 0.4000000060
15100  -42.128  -56.287  -34.324 0.6000000238
16629  -34.662  -54.513  -34.538 0.6999999881
16643  -42.235  -54.439  -34.835 0.6000000238
17405  -35.493  -54.343  -34.679 0.6999999881
16641  -35.936  -54.853  -35.185 0.6999999881
15876  -36.802  -55.753  -35.630 0.6999999881
16646  -37.284  -55.087  -35.495 0.6999999881
139528  -37.951  -55.094  -35.536 0.6000000238
134771  -40.217  -54.256  -35.363 0.6999999881
144418  -41.287  -52.231  -35.461 0.5000000000
17411  -37.164  -54.467  -35.168 0.6000000238
17412  -38.536  -53.769  -35.108 0.6000000238
134781  -39.398  -53.935  -35.276 0.6000000238
18210  -40.258  -52.334  -35.288 0.6000000238
17413  -39.328  -53.072  -35.181 0.6000000238
19070  -40.866  -51.449  -35.365 0.5000000000
17386  -41.752  -53.948  -33.259 0.4000000060
16630  -42.134  -54.805  -33.758 0.5000000000
17393  -33.242  -54.357  -33.471 0.6999999881
15854  -42.449  -54.663  -34.255 0.6000000238
17409  -43.211  -53.806  -34.441 0.6000000238
135117  -36.258  -54.137  -34.743 0.6999999881
17416  -42.880  -53.672  -35.046 0.6000000238
17406  -36.969  -53.907  -34.776 0.6999999881
140471  -43.390  -53.120  -35.206 0.5000000000
19072  -43.373  -52.120  -35.451 0.6000000238
17407  -37.775  -53.631  -34.899 0.6999999881
17408  -38.534  -53.022  -34.968 0.6000000238
19943  -42.699  -50.930  -35.621 0.5000000000
18208  -39.104  -52.150  -34.914 0.5000000000
17390  -30.200  -53.995  -33.377 0.6000000238
18181  -31.239  -52.929  -32.363 0.6000000238
153257  -41.525  -53.320  -32.758 0.5000000000
17387  -42.359  -53.307  -33.154 0.5000000000
17382  -32.733  -53.865  -32.656 0.6999999881
17392  -32.198  -54.392  -33.226 0.6999999881
18196  -43.384  -53.245  -33.537 0.5000000000
17397  -44.116  -53.169  -33.778 0.5000000000
19055  -44.294  -52.067  -33.648 0.4000000060
17394  -34.207  -54.200  -33.721 0.6999999881
18198  -44.505  -52.703  -33.886 0.5000000000
137450  -35.074  -53.957  -33.973 0.6999999881
17395  -35.867  -53.667  -34.203 0.6999999881
19068  -44.774  -51.658  -34.562 0.5000000000
17396  -36.634  -53.372  -34.354 0.6999999881
18206  -37.373  -53.016  -34.542 0.6000000238
19073  -44.468  -51.827  -35.200 0.5000000000
18207  -38.153  -52.592  -34.714 0.6000000238
19944  -43.946  -51.043  -35.547 0.5000000000
19066  -38.522  -51.672  -34.537 0.5000000000
19067  -39.195  -51.167  -34.755 0.5000000000
19069  -39.904  -51.323  -35.102 0.5000000000
144031  -42.104  -50.010  -35.698 0.5000000000
141077  -41.510  -50.729  -35.493 0.5000000000
142078  -43.300  -49.076  -36.161 0.3000000119
19925  -42.594  -50.766  -32.613 0.3000000119
18192  -29.936  -53.040  -33.392 0.6000000238
19047  -43.102  -51.654  -32.925 0.4000000060
19926  -43.432  -50.960  -33.131 0.4000000060
18183  -33.286  -53.233  -32.125 0.6000000238
19056  -44.639  -51.917  -34.037 0.5000000000
17384  -34.610  -53.612  -33.117 0.6999999881
18193  -35.446  -53.271  -33.388 0.6999999881
19074  -44.949  -51.333  -35.006 0.5000000000
18195  -37.031  -52.453  -33.945 0.5000000000
19946  -45.005  -50.233  -35.261 0.5000000000
19065  -37.777  -52.100  -34.321 0.5000000000
20871  -44.843  -49.250  -35.890 0.4000000060
143645  -43.322  -50.013  -35.792 0.3000000119
21769  -44.152  -48.751  -36.305 0.4000000060
145848  -41.161  -49.880  -35.419 0.5000000000
20869  -42.520  -49.369  -35.933 0.4000000060
147124  -29.839  -52.046  -33.604 0.6000000238
18180  -30.433  -52.538  -32.913 0.6000000238
18173  -31.721  -52.363  -31.740 0.6000000238
18174  -32.785  -52.421  -31.566 0.6000000238
145676  -44.507  -50.358  -34.066 0.3000000119
146793  -44.955  -50.213  -34.657 0.4000000060
136635  -34.129  -53.252  -32.413 0.6000000238
20855  -44.762  -49.671  -34.375 0.3000000119
18184  -34.880  -52.887  -32.523 0.6000000238
18194  -36.244  -52.922  -33.690 0.6999999881
144290  -45.128  -48.226  -34.765 0.3000000119
19941  -45.192  -49.948  -35.046 0.3000000119
18185  -35.774  -52.380  -32.836 0.6000000238
22672  -45.461  -47.742  -35.730 0.3000000119
20865  -45.274  -49.139  -35.459 0.3000000119
19923  -36.835  -50.857  -32.814 0.5000000000
18186  -37.010  -51.681  -33.339 0.5000000000
19053  -37.513  -51.697  -33.847 0.5000000000
22681  -44.803  -47.678  -36.482 0.3000000119
21770  -45.215  -48.488  -35.949 0.3000000119
150088  -38.797  -50.854  -34.429 0.5000000000
155204  -39.207  -50.616  -34.638 0.5000000000
21768  -43.387  -48.258  -36.460 0.3000000119
19932  -38.539  -50.446  -34.108 0.5000000000
21766  -41.418  -48.430  -35.770 0.4000000060
21767  -42.382  -48.543  -36.164 0.3000000119
156835  -29.809  -51.134  -33.844 0.5000000000
19921  -30.632  -51.163  -32.242 0.6000000238
19033  -31.302  -51.626  -31.683 0.5000000000
18175  -34.009  -52.435  -31.781 0.6000000238
19036  -34.429  -51.416  -31.457 0.5000000000
134956  -45.263  -46.034  -35.678 0.3000000119
19043  -35.009  -51.993  -32.065 0.6000000238
24490  -45.124  -45.330  -36.237 0.3000000119
23596  -45.315  -47.257  -36.143 0.3000000119
19922  -36.175  -51.013  -32.374 0.6000000238
19930  -37.508  -51.016  -33.469 0.5000000000
20862  -39.011  -49.088  -34.173 0.5000000000
20867  -40.908  -49.102  -35.369 0.4000000060
21765  -40.644  -48.352  -35.392 0.4000000060
19911  -30.536  -50.228  -32.218 0.5000000000
19912  -31.346  -50.772  -31.388 0.5000000000
19913  -32.415  -50.706  -30.838 0.5000000000
19034  -32.125  -51.605  -31.231 0.5000000000
19914  -33.361  -50.383  -30.726 0.5000000000
26242  -44.370  -43.938  -34.332 0.3000000119
143716  -45.091  -45.291  -35.541 0.3000000119
19037  -35.156  -51.257  -31.774 0.6000000238
19917  -36.224  -50.260  -32.227 0.6000000238
142446  -36.914  -50.075  -32.593 0.5000000000
20852  -38.520  -49.756  -33.901 0.5000000000
137977  -41.879  -47.850  -36.179 0.4000000060
23594  -41.271  -46.798  -36.167 0.4000000060
135911  -31.058  -49.913  -31.533 0.5000000000
19900  -31.783  -49.957  -30.953 0.5000000000
19902  -33.404  -49.613  -30.590 0.5000000000
25352  -44.114  -43.640  -33.595 0.4000000060
27115  -43.977  -42.539  -33.216 0.4000000060
20837  -34.242  -49.824  -30.871 0.5000000000
20838  -35.162  -49.641  -31.362 0.5000000000
150192  -44.204  -43.542  -34.676 0.4000000060
142945  -44.606  -44.042  -35.291 0.3000000119
146214  -35.529  -48.994  -31.488 0.4000000060
25378  -44.718  -44.494  -36.707 0.3000000119
20839  -35.878  -49.529  -31.839 0.5000000000
20843  -36.617  -49.471  -32.267 0.4000000060
20844  -37.313  -49.504  -32.756 0.4000000060
22673  -40.337  -47.628  -35.360 0.4000000060
21725  -31.413  -48.469  -31.046 0.5000000000
21726  -32.290  -48.349  -30.569 0.5000000000
21727  -33.217  -48.232  -30.453 0.5000000000
27100  -44.007  -42.077  -32.455 0.4000000060
21728  -34.133  -48.079  -30.629 0.4000000060
27114  -43.616  -42.547  -33.854 0.4000000060
27127  -43.823  -43.203  -34.995 0.4000000060
21737  -34.798  -48.806  -30.988 0.4000000060
21739  -36.246  -48.710  -31.869 0.4000000060
153949  -44.241  -43.467  -36.564 0.4000000060
21744  -37.066  -48.747  -32.432 0.4000000060
21745  -37.508  -47.982  -32.766 0.4000000060
146567  -38.200  -48.112  -33.408 0.4000000060
21754  -38.817  -48.280  -33.992 0.4000000060
146221  -38.657  -47.412  -33.907 0.4000000060
23592  -40.011  -46.896  -35.246 0.4000000060
146829  -40.924  -46.230  -36.146 0.4000000060
151448  -40.337  -46.350  -35.671 0.4000000060
22638  -31.610  -47.634  -30.826 0.5000000000
22639  -32.567  -47.510  -30.469 0.4000000060
28956  -43.018  -40.320  -32.295 0.4000000060
28025  -43.901  -41.674  -32.761 0.4000000060
22640  -33.519  -47.425  -30.459 0.5000000000
22641  -34.368  -47.220  -30.643 0.4000000060
21738  -35.566  -48.295  -31.402 0.4000000060
27126  -43.243  -42.831  -35.316 0.4000000060
147399  -36.785  -47.955  -32.148 0.4000000060
24491  -42.218  -44.990  -37.077 0.3000000119
22669  -39.176  -47.708  -34.364 0.4000000060
134235  -31.858  -46.655  -30.672 0.4000000060
23561  -32.959  -46.723  -30.371 0.5000000000
142597  -33.789  -46.742  -30.465 0.4000000060
28007  -42.647  -41.108  -32.817 0.4000000060
23569  -35.384  -46.104  -31.065 0.4000000060
22642  -35.165  -46.942  -30.977 0.4000000060
139792  -36.108  -45.848  -31.550 0.4000000060
22648  -35.708  -47.499  -31.373 0.4000000060
22649  -36.414  -47.268  -31.819 0.4000000060
22654  -37.173  -47.036  -32.483 0.4000000060
22663  -37.960  -47.193  -33.245 0.4000000060
24489  -41.227  -45.397  -36.526 0.4000000060
24486  -39.740  -45.996  -35.309 0.4000000060
24488  -40.420  -45.673  -35.969 0.4000000060
24451  -33.139  -45.271  -30.450 0.4000000060
24452  -34.135  -45.277  -30.583 0.4000000060
24453  -34.917  -45.549  -30.827 0.4000000060
24461  -35.536  -45.272  -31.244 0.4000000060
23573  -36.597  -46.433  -31.966 0.4000000060
23574  -37.128  -46.131  -32.505 0.4000000060
150962  -41.547  -44.550  -36.943 0.4000000060
23584  -37.696  -46.258  -33.092 0.4000000060
23585  -38.473  -46.346  -33.872 0.4000000060
24481  -37.990  -45.503  -33.640 0.4000000060
24485  -39.000  -45.789  -34.671 0.4000000060
25369  -39.308  -45.156  -35.336 0.4000000060
152477  -34.254  -44.474  -30.768 0.4000000060
25327  -34.886  -44.804  -30.935 0.4000000060
25336  -35.586  -44.291  -31.495 0.4000000060
25337  -36.296  -44.225  -32.083 0.4000000060
24462  -36.230  -44.984  -31.760 0.4000000060
25348  -36.724  -43.645  -32.786 0.4000000060
24470  -36.724  -45.577  -32.167 0.4000000060
24471  -37.382  -45.318  -32.914 0.4000000060
132787  -37.712  -44.800  -33.618 0.4000000060
25372  -40.588  -44.748  -36.439 0.3000000119
25370  -38.943  -44.336  -35.536 0.4000000060
152864  -39.926  -45.238  -35.776 0.4000000060
26205  -33.893  -43.810  -30.877 0.4000000060
26215  -34.343  -43.127  -31.306 0.4000000060
147189  -34.291  -41.860  -32.362 0.4000000060
26216  -35.224  -43.295  -31.613 0.4000000060
26217  -36.005  -43.489  -32.099 0.4000000060
25362  -37.245  -43.368  -33.771 0.4000000060
26250  -37.538  -43.253  -34.764 0.4000000060
25375  -41.383  -43.752  -37.154 0.4000000060
25367  -38.178  -44.005  -35.019 0.4000000060
25371  -39.684  -44.562  -36.004 0.5000000000
25374  -40.303  -43.852  -36.701 0.4000000060
26254  -38.519  -43.535  -35.924 0.5000000000
27109  -33.882  -41.474  -32.806 0.4000000060
27110  -34.633  -41.513  -33.305 0.4000000060
27097  -35.166  -41.952  -32.757 0.4000000060
132468  -34.901  -41.390  -34.332 0.4000000060
27098  -35.630  -42.663  -32.295 0.4000000060
26253  -37.769  -43.125  -35.682 0.4000000060
26255  -39.345  -43.799  -36.280 0.5000000000
155680  -33.688  -41.215  -33.143 0.4000000060
28979  -34.268  -40.937  -34.522 0.4000000060
28036  -34.549  -41.213  -34.571 0.4000000060
27131  -38.064  -42.955  -36.328 0.4000000060
26257  -38.923  -43.050  -36.743 0.5000000000
29892  -33.683  -39.709  -33.639 0.4000000060
28978  -33.945  -40.437  -34.205 0.4000000060
28987  -34.427  -40.561  -35.109 0.4000000060
27136  -38.048  -42.510  -36.804 0.5000000000
144771  -34.269  -37.095  -34.653 0.4000000060
30823  -33.984  -38.856  -33.890 0.4000000060
31688  -34.195  -37.982  -34.199 0.4000000060
30824  -34.327  -38.700  -34.666 0.4000000060
31689  -34.535  -37.976  -35.190 0.4000000060
158269  -34.778  -38.418  -35.825 0.5000000000
31676  -33.693  -38.102  -33.365 0.4000000060
19938  -39.145  -50.001  -34.469 0.5000000000
20863  -39.604  -49.100  -34.655 0.5000000000
22674  -41.136  -47.580  -35.853 0.4000000060
137991  -41.393  -58.661  -33.893 0.5000000000
13688  -36.901  -58.729  -35.772 0.8000000119
14446  -35.631  -57.768  -35.622 0.8000000119
145464  -35.220  -57.078  -35.586 0.6999999881
14424  -41.407  -57.648  -32.344 0.5000000000
139533  -34.050  -56.480  -35.470 0.6999999881
138750  -40.592  -55.990  -32.489 0.5000000000
15862  -33.282  -55.377  -34.785 0.6999999881
16624  -41.143  -54.675  -33.090 0.4000000060
15093  -41.335  -56.194  -33.023 0.4000000060
16628  -33.751  -54.706  -34.330 0.6999999881
17381  -31.686  -53.732  -32.663 0.6999999881
17385  -40.694  -53.751  -32.559 0.4000000060
18187  -41.010  -52.854  -32.330 0.4000000060
17389  -29.391  -53.596  -33.792 0.6000000238
19046  -42.138  -51.472  -32.458 0.4000000060
19052  -29.353  -51.533  -34.154 0.6000000238
19064  -29.434  -50.833  -34.235 0.5000000000
153656  -30.131  -50.554  -33.268 0.5000000000
151068  -30.568  -49.358  -32.141 0.5000000000
21735  -30.678  -48.564  -31.890 0.4000000060
23560  -31.725  -45.664  -30.803 0.4000000060
24450  -32.368  -45.261  -30.601 0.4000000060
24449  -31.797  -44.832  -30.931 0.4000000060
26204  -32.989  -43.833  -30.832 0.4000000060
27086  -33.867  -42.390  -31.651 0.4000000060
27096  -33.421  -41.791  -32.061 0.4000000060
28019  -33.314  -40.926  -33.003 0.4000000060
28966  -33.452  -40.399  -33.257 0.4000000060
146000  -33.832  -37.197  -33.716 0.4000000060
13689  -38.019  -58.878  -35.685 0.8000000119
134240  -37.708  -56.951  -35.804 0.8000000119
15094  -41.985  -56.356  -33.725 0.5000000000
15110  -36.090  -56.915  -35.665 0.6999999881
16645  -36.639  -55.053  -35.395 0.6999999881
15866  -41.986  -55.448  -34.614 0.6000000238
132937  -41.193  -54.346  -35.288 0.6999999881
144810  -38.752  -55.228  -35.542 0.6999999881
17410  -44.070  -53.377  -34.395 0.6000000238
18212  -42.312  -52.849  -35.418 0.6000000238
17414  -40.452  -53.484  -35.362 0.6000000238
17383  -33.730  -53.831  -32.854 0.6999999881
18213  -44.219  -52.897  -34.977 0.5000000000
18182  -32.228  -53.173  -32.065 0.6000000238
18188  -41.833  -52.815  -32.652 0.5000000000
18197  -43.786  -52.489  -33.398 0.5000000000
20847  -43.797  -50.263  -33.474 0.3000000119
19939  -39.716  -50.437  -34.883 0.5000000000
19035  -33.318  -51.421  -31.121 0.6000000238
19924  -37.438  -50.249  -33.090 0.5000000000
147259  -39.803  -49.675  -34.821 0.5000000000
21761  -39.403  -48.370  -34.493 0.4000000060
21753  -38.404  -48.956  -33.612 0.4000000060
22675  -41.932  -47.091  -36.376 0.4000000060
23589  -39.259  -46.829  -34.597 0.4000000060
25326  -33.527  -44.536  -30.627 0.4000000060
25368  -38.688  -44.922  -34.809 0.4000000060
30831  -34.585  -38.984  -35.364 0.4000000060
10102  -33.111  -63.079  -30.815 0.4000000060
155470  -33.837  -63.407  -30.177 0.4000000060
10071  -34.070  -62.934  -28.441 0.4000000060
10053  -34.393  -62.650  -27.519 0.4000000060
10758  -33.257  -62.260  -29.500 0.4000000060
10742  -33.697  -62.074  -28.842 0.4000000060
10725  -34.072  -62.139  -27.992 0.4000000060
148476  -34.263  -61.037  -27.832 0.4000000060
12847  -34.991  -60.336  -27.112 0.5000000000
11474  -33.351  -61.327  -28.977 0.4000000060
11461  -33.988  -61.389  -28.388 0.4000000060
11462  -34.190  -60.728  -28.399 0.5000000000
12167  -34.638  -60.147  -28.610 0.5000000000
12180  -35.055  -59.748  -29.450 0.6000000238
10741  -32.670  -61.341  -29.045 0.4000000060
132679  -33.539  -60.474  -28.872 0.4000000060
12884  -35.116  -60.037  -27.832 0.5000000000
15850  -40.767  -55.442  -32.805 0.3000000119
16623  -40.011  -54.660  -32.348 0.4000000060
18177  -40.461  -52.113  -31.783 0.3000000119
153857  -35.606  -59.568  -27.778 0.5000000000
14412  -40.734  -57.767  -31.496 0.5000000000
15090  -40.198  -56.171  -31.968 0.4000000060
12896  -32.495  -59.410  -29.256 0.4000000060
11475  -34.082  -60.409  -28.917 0.5000000000
12166  -32.424  -60.186  -28.930 0.4000000060
12181  -35.641  -59.530  -29.495 0.6000000238
12886  -36.152  -59.294  -28.981 0.6000000238
12899  -37.072  -59.078  -30.262 0.6999999881
141873  -41.020  -58.384  -32.041 0.5000000000
13606  -36.845  -58.886  -29.359 0.6999999881
13621  -38.942  -58.644  -30.687 0.6999999881
13646  -40.337  -58.927  -32.096 0.6999999881
13620  -37.995  -58.821  -30.456 0.6999999881
12912  -38.301  -59.217  -31.274 0.6999999881
12189  -34.662  -59.762  -30.333 0.5000000000
147759  -34.983  -59.771  -30.201 0.6000000238
152188  -35.918  -60.155  -31.467 0.6000000238
12897  -33.218  -59.558  -29.626 0.4000000060
12909  -33.755  -59.374  -30.304 0.5000000000
12191  -35.592  -59.721  -30.470 0.6000000238
12200  -36.615  -60.414  -32.037 0.6000000238
12926  -37.458  -59.836  -31.721 0.6000000238
18178  -41.534  -52.143  -32.366 0.3000000119
12925  -36.552  -59.745  -31.009 0.6000000238
12927  -38.580  -59.783  -32.297 0.6999999881
12942  -40.887  -58.923  -32.637 0.6000000238
13663  -41.407  -58.502  -32.897 0.5000000000
13618  -32.726  -58.161  -30.706 0.6000000238
13619  -33.311  -58.679  -30.698 0.6000000238
12924  -34.548  -59.231  -32.136 0.6999999881
12198  -35.112  -59.917  -31.486 0.6000000238
12199  -35.601  -60.332  -32.105 0.6000000238
12209  -36.712  -61.070  -33.019 0.6000000238
13605  -32.851  -58.812  -29.986 0.5000000000
12939  -37.555  -60.543  -32.623 0.6000000238
12940  -38.423  -60.617  -33.268 0.6999999881
137711  -39.344  -59.998  -33.164 0.6999999881
12959  -40.831  -59.154  -33.441 0.6000000238
12941  -40.253  -59.446  -32.937 0.6999999881
13631  -33.088  -57.958  -32.115 0.6000000238
13645  -34.110  -58.677  -33.128 0.6999999881
12938  -34.817  -59.444  -33.353 0.6999999881
12206  -35.285  -60.080  -32.614 0.6999999881
12208  -36.030  -61.064  -33.184 0.6000000238
13677  -40.580  -59.271  -34.375 0.5000000000
12210  -37.636  -61.065  -33.362 0.6999999881
12958  -39.923  -59.855  -33.944 0.6000000238
13676  -34.615  -58.840  -34.870 0.6999999881
12978  -36.429  -59.583  -35.528 0.6999999881
13662  -34.377  -58.834  -34.133 0.6999999881
12956  -35.510  -60.450  -34.372 0.6000000238
152606  -35.945  -60.392  -35.029 0.5000000000
12217  -35.388  -60.310  -33.593 0.6999999881
12218  -35.725  -61.015  -33.753 0.6000000238
12232  -37.666  -61.117  -34.640 0.6999999881
12980  -38.994  -59.667  -35.378 0.5000000000
12233  -38.551  -60.913  -34.556 0.6999999881
12975  -39.816  -59.730  -34.792 0.6000000238
13686  -35.281  -58.452  -35.438 0.6999999881
13687  -36.007  -58.608  -35.625 0.6999999881
14445  -34.871  -57.762  -35.492 0.6999999881
12973  -38.212  -60.442  -35.233 0.6000000238
15091  -40.962  -56.656  -32.442 0.5000000000
12972  -37.022  -60.519  -35.223 0.6000000238
142860  -33.701  -62.653  -29.381 0.4000000060
11442  -34.508  -60.912  -27.158 0.4000000060
11473  -32.927  -60.697  -29.042 0.4000000060
155734  -33.812  -60.825  -28.706 0.4000000060
12178  -33.858  -60.010  -29.487 0.4000000060
12177  -33.108  -60.070  -29.198 0.4000000060
13633  -39.435  -58.958  -31.531 0.6999999881
148928  -39.623  -59.426  -32.402 0.6999999881
12190  -35.406  -60.019  -31.232 0.6000000238
138382  -35.925  -60.639  -32.296 0.6000000238
12910  -34.420  -59.493  -31.032 0.6000000238
12207  -35.705  -60.668  -32.948 0.6000000238
12955  -35.053  -59.596  -34.280 0.6999999881
12231  -36.638  -61.164  -34.580 0.6000000238
12977  -35.613  -59.306  -35.335 0.6000000238
131951  -32.228  -58.167  -30.152 0.4000000060
14411  -32.530  -57.785  -31.524 0.5000000000
13661  -33.508  -58.438  -33.957 0.6000000238
157925  -31.373  -58.592  -29.400 0.4000000060
13603  -30.680  -58.456  -29.634 0.5000000000
14396  -31.955  -57.713  -30.787 0.5000000000
14423  -32.316  -57.857  -32.598 0.5000000000
13660  -32.592  -58.237  -33.734 0.5000000000
135146  -31.966  -58.393  -34.301 0.5000000000
13644  -33.273  -58.197  -32.950 0.5000000000
13684  -33.937  -58.213  -35.169 0.5000000000
13674  -32.741  -58.334  -34.679 0.5000000000
142715  -34.119  -57.749  -35.407 0.6999999881
13683  -32.432  -58.000  -35.191 0.6000000238
15108  -33.652  -57.196  -35.502 0.6000000238
13602  -29.875  -58.689  -29.888 0.5000000000
13616  -30.385  -58.114  -30.641 0.5000000000
14422  -31.194  -57.912  -32.662 0.5000000000
13659  -31.148  -58.401  -34.262 0.5000000000
13643  -31.676  -58.209  -33.555 0.5000000000
13673  -31.723  -58.289  -34.824 0.6000000238
15107  -32.786  -57.199  -35.497 0.5000000000
15873  -33.293  -56.704  -35.456 0.6000000238
13615  -29.422  -58.728  -30.780 0.5000000000
13630  -29.736  -58.400  -31.720 0.5000000000
13641  -29.145  -58.857  -33.440 0.5000000000
13642  -30.130  -58.394  -32.851 0.5000000000
13672  -30.702  -58.251  -34.728 0.5000000000
15109  -34.440  -57.159  -35.525 0.6000000238
14443  -31.953  -57.538  -35.384 0.5000000000
15872  -32.618  -56.568  -35.300 0.6000000238
142919  -29.210  -59.089  -30.073 0.5000000000
12922  -28.720  -59.028  -31.763 0.5000000000
12937  -28.426  -59.095  -32.847 0.5000000000
12954  -28.305  -59.130  -33.610 0.5000000000
12969  -27.811  -59.037  -33.895 0.6000000238
13657  -28.936  -58.865  -34.081 0.4000000060
13678  -27.541  -57.874  -34.473 0.4000000060
139236  -28.493  -58.676  -34.311 0.5000000000
13680  -29.538  -58.323  -34.578 0.5000000000
13658  -30.047  -58.536  -34.039 0.4000000060
14439  -27.465  -57.257  -34.593 0.4000000060
15103  -28.546  -57.007  -34.835 0.5000000000
144891  -29.335  -57.254  -34.954 0.5000000000
15867  -27.288  -56.239  -34.601 0.4000000060
15105  -30.277  -57.379  -35.145 0.6000000238
15106  -31.258  -57.115  -35.288 0.6000000238
145368  -32.449  -55.973  -34.918 0.6000000238
16639  -32.174  -55.405  -34.334 0.6000000238
13679  -28.238  -58.102  -34.596 0.5000000000
15869  -28.341  -56.297  -34.685 0.5000000000
16636  -29.243  -55.316  -34.350 0.5000000000
15104  -29.102  -56.612  -34.801 0.5000000000
148489  -27.510  -54.666  -34.523 0.4000000060
15859  -28.180  -55.297  -34.514 0.5000000000
16637  -30.378  -55.488  -34.246 0.6000000238
147385  -30.745  -56.178  -34.714 0.6000000238
16638  -31.257  -55.318  -34.064 0.6000000238
17404  -29.703  -54.614  -33.852 0.5000000000
19051  -28.644  -51.988  -34.437 0.3000000119
157369  -28.387  -52.743  -34.419 0.4000000060
17403  -28.184  -53.435  -34.386 0.4000000060
16635  -27.978  -54.282  -34.421 0.5000000000
16625  -30.682  -54.791  -33.671 0.6000000238
21736  -30.852  -47.799  -31.595 0.3000000119
21743  -30.142  -48.671  -32.920 0.3000000119
20835  -30.145  -49.614  -33.072 0.4000000060
19929  -29.697  -50.385  -34.036 0.4000000060
24460  -31.069  -45.226  -31.512 0.3000000119
25334  -32.050  -44.003  -31.042 0.3000000119
27084  -31.908  -42.652  -31.798 0.3000000119
27085  -32.890  -42.437  -31.599 0.3000000119
27095  -32.429  -41.852  -32.077 0.3000000119
28003  -32.483  -41.173  -32.404 0.3000000119
29877  -33.072  -39.700  -32.832 0.3000000119
29878  -33.425  -38.922  -33.102 0.3000000119
18205  -28.782  -53.070  -34.226 0.5000000000
23568  -30.993  -46.121  -31.411 0.3000000119
13685  -34.634  -58.329  -35.282 0.5000000000
14410  -31.626  -57.650  -31.686 0.5000000000
13681  -30.405  -57.987  -35.074 0.5000000000
15861  -31.442  -55.857  -34.544 0.6000000238
15084  -40.651  -56.959  -31.707 0.3000000119
14397  -39.428  -58.260  -30.238 0.6000000238
13622  -40.313  -58.322  -31.257 0.6000000238
16617  -38.316  -54.600  -30.284 0.3000000119
16620  -38.661  -54.836  -31.195 0.3000000119
15847  -39.102  -55.497  -31.232 0.3000000119
16621  -39.255  -55.113  -31.788 0.3000000119
15843  -39.227  -55.780  -30.639 0.3000000119
158349  -39.609  -55.686  -31.673 0.3000000119
15849  -39.989  -55.508  -32.187 0.3000000119
14398  -39.924  -58.018  -30.399 0.6000000238
154083  -37.874  -54.110  -29.454 0.3000000119
17370  -38.490  -54.035  -31.074 0.3000000119
145773  -39.073  -54.337  -31.730 0.3000000119
151462  -39.724  -53.863  -32.042 0.3000000119
15083  -39.838  -56.250  -31.237 0.3000000119
15074  -40.331  -57.139  -30.932 0.3000000119
14399  -40.235  -57.684  -30.679 0.4000000060
13604  -32.054  -58.589  -29.546 0.4000000060
16584  -37.762  -54.222  -28.665 0.3000000119
156646  -38.140  -53.714  -30.232 0.3000000119
147037  -38.668  -53.173  -30.881 0.3000000119
17377  -39.120  -53.513  -31.574 0.3000000119
10038  -35.758  -63.130  -26.780 0.5000000000
11420  -36.545  -61.836  -26.059 0.5000000000
10072  -33.999  -63.502  -29.367 0.4000000060
10054  -34.620  -63.436  -27.737 0.4000000060
10037  -34.987  -62.932  -27.059 0.4000000060
10056  -36.211  -63.742  -27.251 0.5000000000
12850  -36.933  -59.117  -26.145 0.5000000000
12113  -36.942  -60.339  -25.825 0.5000000000
11419  -35.157  -61.475  -26.213 0.5000000000
11403  -35.975  -61.223  -25.911 0.5000000000
10709  -34.605  -62.105  -26.832 0.4000000060
152821  -38.662  -58.039  -27.116 0.6000000238
157474  -37.626  -58.105  -27.300 0.6000000238
13561  -36.500  -58.854  -26.721 0.5000000000
12849  -36.189  -59.475  -26.244 0.5000000000
11418  -34.610  -61.353  -26.731 0.3000000119
12125  -34.948  -60.751  -26.506 0.4000000060
12111  -35.578  -60.633  -26.061 0.5000000000
151184  -38.703  -57.695  -28.147 0.6000000238
13577  -37.340  -58.197  -27.857 0.6000000238
13592  -36.701  -58.734  -28.440 0.6000000238
12868  -35.498  -59.742  -27.160 0.4000000060
13560  -35.920  -59.422  -26.735 0.5000000000
14379  -39.538  -57.828  -29.554 0.6000000238
15055  -39.919  -56.491  -30.372 0.3000000119
150120  -40.325  -57.174  -30.150 0.4000000060
14378  -38.136  -58.221  -29.105 0.6000000238
13591  -36.063  -59.188  -28.090 0.4000000060
15835  -39.434  -55.889  -30.056 0.3000000119
15834  -38.716  -55.347  -29.942 0.3000000119
14380  -40.039  -57.474  -29.909 0.5000000000
13607  -37.684  -58.599  -29.642 0.6000000238
14357  -38.786  -57.881  -28.892 0.6000000238
14356  -38.079  -57.994  -28.389 0.6000000238
14340  -39.057  -57.721  -27.636 0.5000000000
14341  -39.918  -57.587  -27.740 0.5000000000
14358  -39.510  -57.524  -28.480 0.5000000000
135020  -40.832  -57.575  -27.900 0.4000000060
14359  -40.434  -57.361  -28.577 0.5000000000
14325  -40.301  -57.935  -27.207 0.5000000000
14324  -39.413  -57.994  -27.138 0.5000000000
14342  -41.777  -57.521  -27.955 0.4000000060
14360  -41.403  -57.160  -28.847 0.4000000060
147505  -40.055  -57.413  -29.203 0.5000000000
132803  -37.820  -58.839  -26.280 0.5000000000
13563  -38.797  -58.506  -26.625 0.5000000000
14381  -40.604  -57.116  -29.398 0.4000000060
8042  -38.630  -65.419  -34.620 0.3000000119
8043  -39.061  -66.213  -34.538 0.3000000119
8698  -39.221  -65.755  -33.865 0.3000000119
8002  -39.183  -66.082  -31.428 0.3000000119
8656  -40.160  -65.902  -31.546 0.4000000060
8013  -38.676  -66.111  -32.030 0.3000000119
8026  -38.146  -65.634  -32.763 0.3000000119
132116  -39.602  -65.712  -30.939 0.4000000060
8012  -37.712  -66.081  -31.760 0.3000000119
9381  -41.024  -64.588  -30.301 0.4000000060
9359  -40.534  -64.255  -29.373 0.4000000060
8638  -39.293  -65.406  -30.005 0.4000000060
8655  -38.732  -65.913  -30.580 0.4000000060
8000  -37.301  -66.242  -30.845 0.4000000060
137680  -38.277  -65.647  -29.745 0.4000000060
157825  -43.135  -61.960  -28.220 0.3000000119
10089  -41.405  -63.973  -29.799 0.4000000060
10743  -41.157  -63.081  -28.416 0.4000000060
10073  -39.969  -63.890  -28.502 0.4000000060
138363  -39.177  -64.302  -28.472 0.4000000060
9357  -38.330  -64.727  -28.498 0.4000000060
8619  -37.806  -65.334  -28.978 0.4000000060
12148  -43.125  -60.874  -27.392 0.3000000119
136852  -41.468  -62.446  -27.908 0.4000000060
10728  -40.412  -62.660  -27.649 0.4000000060
10060  -40.424  -63.336  -28.217 0.4000000060
10059  -39.707  -63.270  -27.791 0.4000000060
10727  -39.400  -62.591  -27.225 0.4000000060
9334  -38.522  -63.988  -27.885 0.4000000060
10058  -38.785  -63.243  -27.429 0.4000000060
9356  -37.291  -64.866  -28.306 0.4000000060
12147  -42.157  -60.938  -27.133 0.4000000060
11424  -41.209  -61.053  -26.905 0.4000000060
10714  -39.021  -61.916  -26.710 0.4000000060
10041  -38.130  -63.000  -26.988 0.4000000060
9332  -36.725  -64.345  -27.718 0.4000000060
141019  -37.943  -63.562  -27.335 0.4000000060
8618  -36.887  -65.432  -28.852 0.4000000060
11423  -40.287  -61.130  -26.766 0.4000000060
11422  -39.419  -61.198  -26.581 0.4000000060
11421  -38.461  -61.198  -26.323 0.4000000060
148300  -37.523  -61.701  -26.192 0.4000000060
10712  -37.027  -62.490  -26.420 0.4000000060
150670  -39.789  -60.558  -26.516 0.4000000060
12851  -38.643  -59.483  -26.241 0.4000000060
12838  -37.528  -59.758  -25.976 0.4000000060
13578  -41.199  -57.974  -27.313 0.4000000060
12852  -39.628  -59.813  -26.388 0.4000000060
136129  -39.424  -59.034  -26.441 0.4000000060
14361  -42.358  -57.164  -28.778 0.3000000119
15039  -42.132  -56.792  -29.428 0.3000000119
13564  -39.808  -58.462  -26.743 0.4000000060
15056  -41.448  -56.717  -29.538 0.3000000119
8639  -40.464  -65.261  -30.863 0.4000000060
9380  -40.050  -64.814  -29.784 0.4000000060
9358  -39.793  -64.453  -29.023 0.4000000060
8620  -38.596  -65.247  -29.229 0.4000000060
11445  -42.742  -61.594  -27.723 0.4000000060
10744  -42.053  -62.866  -28.713 0.4000000060
11463  -43.655  -61.588  -28.052 0.3000000119
141509  -43.666  -60.105  -27.282 0.3000000119
11444  -41.815  -61.717  -27.488 0.4000000060
10715  -39.898  -61.899  -26.998 0.4000000060
12129  -41.568  -60.317  -26.748 0.4000000060
12127  -39.038  -60.435  -26.338 0.4000000060
10040  -37.446  -63.088  -26.858 0.4000000060
12126  -38.260  -60.321  -26.133 0.4000000060
135339  -40.258  -59.196  -26.530 0.4000000060
9383  -42.682  -64.328  -30.477 0.3000000119
7486  -41.238  -66.702  -31.460 0.3000000119
7485  -40.556  -67.191  -31.781 0.3000000119
8003  -41.219  -65.752  -31.446 0.3000000119
9382  -41.896  -64.313  -30.611 0.3000000119
8015  -40.470  -66.423  -31.712 0.3000000119
9404  -41.561  -64.922  -31.097 0.3000000119
10090  -42.235  -63.773  -30.024 0.3000000119
10075  -41.722  -63.412  -29.252 0.3000000119
12130  -42.537  -59.949  -26.881 0.3000000119
12854  -42.359  -58.824  -26.907 0.3000000119
13566  -41.543  -58.502  -26.938 0.3000000119
13579  -42.117  -58.060  -27.344 0.3000000119
145072  -42.867  -62.766  -28.958 0.3000000119
12853  -41.368  -59.350  -26.666 0.3000000119
8001  -38.237  -66.217  -31.138 0.4000000060
8027  -39.016  -65.854  -32.986 0.3000000119
8059  -38.271  -66.080  -35.120 0.3000000119
8636  -36.524  -65.841  -29.529 0.4000000060
8654  -37.826  -66.053  -30.304 0.4000000060
8697  -38.505  -65.283  -33.760 0.3000000119
9333  -37.655  -64.230  -27.788 0.4000000060
9379  -39.221  -64.881  -29.123 0.4000000060
9405  -42.186  -64.713  -30.982 0.3000000119
10039  -36.605  -63.153  -26.757 0.5000000000
10057  -37.097  -63.710  -27.249 0.4000000060
10074  -40.878  -63.676  -28.909 0.4000000060
10076  -42.582  -63.270  -29.422 0.3000000119
10088  -33.505  -62.873  -30.173 0.4000000060
10710  -35.367  -62.382  -26.455 0.5000000000
10711  -36.170  -62.525  -26.345 0.5000000000
10713  -37.849  -62.487  -26.596 0.4000000060
10726  -38.588  -62.545  -26.876 0.4000000060
10729  -42.520  -62.259  -28.234 0.4000000060
11404  -36.802  -61.052  -25.872 0.5000000000
11405  -37.593  -60.731  -25.991 0.4000000060
11417  -34.288  -61.583  -27.424 0.4000000060
11443  -40.833  -61.820  -27.279 0.4000000060
12112  -36.276  -60.486  -25.856 0.5000000000
12128  -40.592  -60.214  -26.556 0.4000000060
12146  -34.576  -60.561  -27.806 0.4000000060
12179  -34.478  -59.901  -29.420 0.6000000238
12219  -36.305  -61.343  -33.810 0.6000000238
12220  -37.201  -61.335  -33.891 0.6000000238
12221  -38.168  -61.133  -33.959 0.6999999881
12230  -35.912  -61.081  -34.386 0.6000000238
12836  -35.986  -60.038  -26.011 0.5000000000
12837  -36.600  -59.818  -25.911 0.5000000000
12848  -35.551  -60.033  -26.481 0.5000000000
12885  -35.434  -59.662  -28.597 0.6000000238
12894  -30.219  -58.912  -29.197 0.5000000000
12898  -36.234  -59.346  -29.958 0.6000000238
12908  -28.643  -59.331  -30.717 0.5000000000
12911  -37.446  -59.346  -30.950 0.6999999881
12923  -33.886  -58.876  -31.250 0.6000000238
12953  -27.797  -59.168  -33.625 0.6000000238
12957  -39.026  -60.623  -33.970 0.6999999881
12970  -28.247  -59.066  -33.949 0.5000000000
12971  -35.299  -59.624  -34.878 0.6000000238
12974  -39.188  -60.346  -34.701 0.6999999881
12979  -37.430  -59.683  -35.592 0.6000000238
13562  -37.140  -58.298  -27.061 0.5000000000
13565  -40.732  -58.508  -26.833 0.4000000060
13575  -36.003  -59.210  -27.300 0.5000000000
13576  -36.578  -58.668  -27.547 0.6000000238
13593  -37.451  -58.417  -28.801 0.6000000238
13608  -38.683  -58.336  -29.786 0.6000000238
13617  -31.411  -58.001  -30.063 0.4000000060
13632  -33.730  -58.463  -32.158 0.6999999881
13671  -27.715  -58.550  -34.229 0.4000000060
13675  -33.752  -58.449  -34.762 0.5000000000
13682  -31.377  -58.012  -35.151 0.5000000000
13690  -39.925  -58.962  -35.136 0.5000000000
14323  -37.902  -58.232  -26.841 0.5000000000
14339  -38.173  -57.906  -27.570 0.6000000238
14395  -30.674  -57.849  -31.736 0.5000000000
14436  -26.962  -57.491  -34.403 0.4000000060
14440  -28.775  -57.664  -34.833 0.5000000000
14441  -29.533  -57.872  -34.988 0.5000000000
14442  -31.054  -57.649  -35.290 0.5000000000
14444  -33.258  -57.764  -35.372 0.6000000238
14447  -36.450  -57.791  -35.746 0.8000000119
15102  -27.774  -56.724  -34.702 0.4000000060
15846  -38.678  -55.249  -30.692 0.3000000119
15853  -42.148  -55.595  -34.055 0.6000000238
15860  -28.902  -55.962  -34.616 0.5000000000
15863  -33.311  -56.105  -35.267 0.6000000238
15864  -34.069  -55.683  -35.277 0.6999999881
15868  -27.739  -56.022  -34.643 0.4000000060
15870  -30.577  -56.708  -35.008 0.6000000238
15871  -31.612  -56.497  -35.052 0.6000000238
15874  -34.761  -55.963  -35.465 0.6999999881
15875  -36.251  -56.174  -35.646 0.6999999881
15877  -37.500  -55.680  -35.643 0.6999999881
15878  -38.106  -55.627  -35.632 0.8000000119
15879  -41.216  -55.600  -35.166 0.6000000238
16626  -31.690  -54.881  -33.700 0.6000000238
16627  -32.738  -54.848  -34.018 0.6000000238
16642  -36.591  -54.514  -35.078 0.6999999881
16644  -35.363  -55.468  -35.401 0.6999999881
16647  -38.609  -54.520  -35.342 0.6000000238
16648  -39.539  -54.711  -35.409 0.6999999881
17361  -37.528  -53.609  -28.887 0.3000000119
17380  -30.733  -53.443  -32.926 0.6000000238
17391  -31.153  -54.248  -33.184 0.6999999881
17415  -41.779  -53.701  -35.313 0.6999999881
17417  -43.673  -53.476  -34.841 0.6000000238
18164  -39.008  -52.383  -30.728 0.3000000119
18189  -42.639  -52.467  -32.883 0.5000000000
18191  -29.308  -52.522  -33.966 0.5000000000
18204  -27.806  -52.633  -34.582 0.3000000119
18209  -44.546  -52.914  -34.345 0.5000000000
18211  -41.197  -52.915  -35.432 0.5000000000
18214  -44.716  -52.226  -34.717 0.5000000000
19042  -30.864  -52.070  -32.264 0.6000000238
19044  -35.713  -51.520  -32.252 0.6000000238
19045  -36.368  -51.632  -32.796 0.6000000238
19048  -43.809  -51.707  -33.343 0.4000000060
19054  -38.121  -51.179  -34.054 0.5000000000
19071  -41.980  -51.706  -35.539 0.5000000000
19901  -32.653  -49.828  -30.615 0.5000000000
19915  -34.907  -50.546  -31.410 0.5000000000
19916  -35.635  -50.788  -31.933 0.6000000238
19931  -38.021  -50.383  -33.667 0.5000000000
19933  -44.716  -51.071  -34.351 0.4000000060
19940  -44.992  -50.780  -34.866 0.5000000000
19942  -40.551  -50.575  -35.226 0.5000000000
19945  -44.717  -50.958  -35.316 0.5000000000
20827  -32.046  -49.159  -30.727 0.5000000000
20828  -32.909  -49.032  -30.497 0.5000000000
20829  -33.800  -48.939  -30.608 0.4000000060
20836  -31.244  -49.240  -31.324 0.5000000000
20846  -42.961  -50.070  -32.903 0.3000000119
20851  -37.922  -49.617  -33.337 0.5000000000
20854  -44.210  -49.527  -33.833 0.3000000119
20864  -45.162  -49.240  -34.880 0.3000000119
20866  -40.197  -49.060  -35.060 0.5000000000
20868  -41.715  -49.211  -35.726 0.4000000060
20870  -44.093  -49.469  -36.019 0.4000000060
21729  -34.967  -47.812  -30.979 0.4000000060
21756  -44.664  -48.879  -34.299 0.3000000119
21762  -39.972  -48.363  -34.988 0.5000000000
21763  -45.352  -48.382  -35.329 0.3000000119
21764  -45.405  -48.341  -35.737 0.3000000119
21771  -43.623  -47.591  -36.662 0.3000000119
21772  -44.201  -47.966  -36.559 0.3000000119
21773  -44.811  -48.366  -36.289 0.4000000060
22647  -30.972  -47.001  -31.434 0.3000000119
22670  -39.712  -47.636  -34.833 0.4000000060
22671  -45.352  -47.546  -35.219 0.3000000119
22677  -45.369  -47.915  -36.052 0.3000000119
22682  -45.159  -48.004  -36.238 0.3000000119
23562  -33.530  -46.040  -30.416 0.5000000000
23563  -34.498  -46.274  -30.641 0.4000000060
23591  -45.406  -46.924  -35.723 0.3000000119
23593  -40.641  -46.925  -35.757 0.4000000060
23595  -45.147  -46.313  -36.357 0.3000000119
23597  -41.902  -46.109  -36.660 0.3000000119
23599  -44.917  -47.029  -36.507 0.3000000119
23600  -45.161  -47.582  -36.287 0.3000000119
24482  -38.479  -45.472  -34.219 0.4000000060
25325  -32.639  -44.606  -30.659 0.4000000060
25335  -34.718  -43.960  -31.112 0.4000000060
25349  -37.308  -44.296  -33.245 0.4000000060
25363  -37.720  -44.060  -34.100 0.4000000060
25364  -38.131  -44.797  -34.231 0.4000000060
25373  -44.930  -44.612  -35.849 0.3000000119
26213  -32.440  -43.207  -31.288 0.3000000119
26214  -33.407  -43.090  -31.175 0.4000000060
26226  -36.260  -42.916  -32.719 0.4000000060
26228  -44.067  -42.962  -32.930 0.4000000060
26241  -44.113  -43.246  -33.760 0.4000000060
26252  -44.259  -43.531  -35.734 0.4000000060
26256  -44.603  -43.935  -36.231 0.3000000119
27087  -34.801  -42.450  -31.885 0.4000000060
27099  -35.946  -42.258  -33.185 0.4000000060
27111  -35.420  -41.710  -33.808 0.4000000060
27140  -38.036  -41.921  -37.213 0.5000000000
28004  -33.203  -41.337  -32.484 0.4000000060
28008  -43.575  -40.976  -32.547 0.4000000060
28009  -44.005  -41.041  -32.290 0.4000000060
28020  -34.234  -41.273  -33.699 0.4000000060
28024  -43.257  -41.721  -33.229 0.4000000060
28952  -32.606  -40.474  -32.588 0.3000000119
29905  -34.210  -39.649  -34.673 0.4000000060
31697  -34.786  -37.659  -35.996 0.5000000000
133153  -37.844  -54.446  -35.250 0.6000000238
133297  -36.804  -44.680  -32.462 0.4000000060
133344  -42.867  -53.963  -33.846 0.5000000000
134047  -43.847  -53.587  -34.003 0.5000000000
135312  -39.691  -58.440  -30.802 0.6000000238
135458  -32.576  -45.937  -30.449 0.4000000060
135607  -33.249  -58.247  -31.392 0.6000000238
135951  -30.842  -58.316  -33.520 0.5000000000
139663  -35.520  -56.244  -35.587 0.6999999881
140463  -34.064  -50.733  -31.044 0.5000000000
141420  -33.953  -41.086  -33.822 0.4000000060
143201  -43.904  -60.856  -27.678 0.3000000119
143528  -28.044  -57.436  -34.714 0.4000000060
143622  -44.686  -52.349  -34.273 0.5000000000
144258  -33.239  -58.162  -35.109 0.5000000000
144536  -37.763  -48.826  -33.020 0.4000000060
145274  -44.734  -44.782  -34.853 0.3000000119
145981  -35.918  -46.690  -31.429 0.4000000060
146142  -35.551  -50.141  -31.762 0.5000000000
146953  -40.371  -49.777  -35.108 0.5000000000
147093  -36.160  -47.951  -31.701 0.4000000060
147888  -44.457  -50.175  -35.644 0.4000000060
149213  -29.881  -49.861  -33.751 0.4000000060
149466  -44.237  -51.232  -33.704 0.3000000119
149981  -39.470  -58.199  -35.484 0.8000000119
150558  -27.217  -55.446  -34.599 0.4000000060
150968  -35.065  -58.931  -35.183 0.6999999881
151237  -38.303  -61.988  -26.493 0.4000000060
151240  -31.176  -57.659  -30.941 0.5000000000
151599  -29.210  -58.742  -32.560 0.5000000000
151708  -28.732  -54.247  -34.166 0.5000000000
151738  -40.820  -58.584  -34.633 0.5000000000
151980  -29.799  -56.179  -34.670 0.5000000000
152247  -44.332  -53.250  -34.057 0.5000000000
152398  -32.061  -56.966  -35.376 0.6000000238
152730  -39.230  -63.751  -27.986 0.4000000060
152836  -39.913  -55.590  -35.463 0.6999999881
153058  -28.916  -58.194  -34.738 0.5000000000
153412  -29.806  -56.842  -34.946 0.5000000000
156143  -34.308  -62.138  -27.395 0.4000000060
156293  -38.165  -59.713  -35.540 0.6000000238
156398  -43.978  -42.997  -34.080 0.4000000060
156678  -34.716  -55.382  -35.279 0.6999999881
157271  -37.235  -58.599  -26.558 0.5000000000
157421  -33.794  -40.821  -33.782 0.4000000060
157477  -30.261  -51.591  -33.065 0.6000000238
158251  -32.626  -57.633  -35.394 0.5000000000
158318  -35.800  -61.905  -26.094 0.5000000000
158449  -36.515  -52.235  -33.320 0.5000000000
