#!ascii label  , from subject freesurfer vox2ras=TkReg
1874
24474  -25.210  -45.808  -32.549 0.5000000000
24467  -25.011  -45.914  -32.168 0.4000000060
24459  -25.043  -45.382  -31.800 0.6000000238
25345  -24.902  -44.770  -32.220 0.6000000238
26233  -25.169  -43.432  -32.920 0.6000000238
25355  -24.985  -44.075  -32.591 0.5000000000
27105  -26.515  -42.648  -33.501 0.6000000238
25332  -24.946  -44.630  -31.744 0.6999999881
24446  -25.145  -45.069  -31.392 0.6999999881
142511  -24.733  -43.805  -32.201 0.6999999881
27104  -25.501  -42.730  -33.208 0.6999999881
28016  -26.849  -41.889  -33.620 0.5000000000
137978  -25.822  -41.975  -33.412 0.6999999881
26235  -27.257  -43.236  -33.578 0.5000000000
134547  -24.484  -47.133  -23.458 0.5000000000
25322  -25.054  -44.331  -31.427 0.6999999881
26224  -24.738  -43.765  -31.858 0.6999999881
27103  -24.821  -42.644  -32.721 0.6999999881
147702  -24.452  -42.793  -31.917 0.6999999881
136930  -24.559  -41.818  -32.712 0.6999999881
27093  -24.433  -42.481  -32.235 0.6999999881
28001  -24.181  -41.491  -32.195 0.6999999881
28973  -26.665  -40.382  -33.761 0.6000000238
146246  -28.231  -44.133  -28.412 0.6999999881
26178  -27.752  -43.940  -28.944 0.6999999881
142178  -25.242  -44.175  -31.030 0.6999999881
26202  -25.468  -43.652  -30.840 0.6999999881
23470  -23.981  -46.482  -23.772 0.6000000238
22588  -22.921  -47.763  -25.012 0.4000000060
26211  -24.711  -43.044  -31.633 0.6999999881
144929  -25.059  -42.098  -33.086 0.6999999881
28963  -25.617  -40.398  -33.578 0.6999999881
28962  -24.684  -40.325  -33.293 0.6999999881
29901  -27.115  -39.612  -33.971 0.6000000238
26167  -29.192  -43.633  -27.439 0.6999999881
26166  -28.717  -43.932  -27.923 0.6999999881
26191  -27.061  -43.638  -29.652 0.6999999881
26179  -28.395  -43.520  -28.532 0.6999999881
27048  -28.649  -42.734  -28.674 0.6999999881
24363  -24.977  -45.323  -23.086 0.6000000238
27061  -27.345  -42.725  -29.781 0.6999999881
146883  -25.146  -42.814  -31.147 0.6999999881
27060  -26.663  -43.108  -30.168 0.6999999881
27047  -27.932  -43.151  -29.186 0.6999999881
27062  -28.198  -42.273  -29.383 0.6999999881
24374  -22.752  -45.923  -24.805 0.5000000000
138765  -23.315  -46.864  -24.499 0.5000000000
27073  -24.503  -42.211  -31.614 0.6999999881
27973  -27.490  -41.771  -30.063 0.6999999881
22587  -22.406  -47.749  -25.482 0.4000000060
28014  -24.318  -40.857  -32.793 0.6999999881
27075  -26.667  -42.435  -30.322 0.6999999881
21692  -21.982  -48.182  -25.943 0.4000000060
27994  -24.154  -41.486  -31.844 0.6999999881
149280  -26.598  -41.767  -30.461 0.6999999881
27987  -26.944  -41.048  -30.444 0.6999999881
28015  -25.057  -41.266  -33.321 0.6999999881
28013  -24.035  -40.721  -32.342 0.6999999881
144082  -25.489  -40.056  -31.162 0.6999999881
28931  -24.302  -40.026  -31.607 0.6999999881
144238  -26.639  -38.797  -33.957 0.6000000238
30807  -25.569  -38.737  -33.685 0.6999999881
144986  -24.669  -38.989  -33.459 0.6999999881
33424  -27.339  -35.773  -34.405 0.5000000000
32587  -27.743  -36.509  -34.369 0.5000000000
31674  -29.604  -37.479  -33.370 0.4000000060
32588  -28.872  -36.910  -33.860 0.5000000000
27049  -29.323  -42.395  -28.105 0.6999999881
25234  -25.254  -44.336  -23.217 0.6000000238
27074  -25.973  -43.007  -30.602 0.6999999881
24375  -23.516  -45.756  -24.183 0.5000000000
27974  -28.496  -41.296  -29.496 0.6999999881
28000  -23.888  -40.846  -32.006 0.6999999881
27984  -24.566  -41.323  -31.463 0.6999999881
28961  -24.169  -40.104  -33.016 0.6999999881
29853  -24.009  -39.399  -31.825 0.6999999881
33422  -25.755  -35.876  -34.083 0.6999999881
30819  -26.228  -38.006  -33.972 0.6999999881
32585  -26.222  -36.571  -34.190 0.6999999881
31683  -25.815  -37.307  -33.952 0.6999999881
33423  -26.598  -35.817  -34.351 0.6999999881
146521  -28.456  -42.958  -23.382 0.6999999881
26992  -29.500  -42.333  -24.159 0.6999999881
152551  -29.851  -42.484  -24.785 0.8000000119
27921  -30.315  -41.370  -25.698 0.8000000119
26109  -27.635  -43.276  -23.092 0.6000000238
153263  -28.328  -42.194  -23.419 0.6000000238
26975  -28.976  -42.267  -23.641 0.6000000238
27936  -30.155  -42.014  -26.634 0.8000000119
26974  -27.842  -42.515  -23.271 0.6000000238
26973  -27.032  -42.456  -23.245 0.6000000238
27961  -29.608  -41.570  -28.121 0.6999999881
26107  -25.805  -43.458  -23.251 0.6000000238
26972  -26.242  -42.803  -23.327 0.6000000238
25233  -24.472  -44.104  -23.728 0.6000000238
26106  -24.984  -43.445  -23.595 0.6000000238
27960  -28.997  -41.867  -28.804 0.6999999881
25245  -23.113  -44.952  -24.624 0.5000000000
28908  -29.379  -40.835  -28.762 0.6999999881
28918  -27.877  -40.756  -30.122 0.6999999881
29875  -23.759  -39.439  -32.624 0.6999999881
28941  -23.917  -40.152  -31.932 0.6999999881
28934  -26.347  -40.354  -30.763 0.6999999881
32576  -24.281  -36.773  -33.603 0.8000000119
31673  -24.872  -37.446  -33.718 0.6999999881
29866  -23.711  -39.432  -32.180 0.6999999881
29855  -26.186  -39.360  -30.970 0.6999999881
33412  -24.778  -35.941  -33.782 0.8000000119
30806  -23.953  -38.706  -33.247 0.6999999881
30789  -23.716  -38.653  -32.034 0.6999999881
33425  -28.060  -35.744  -34.193 0.5000000000
33414  -29.309  -35.625  -33.495 0.5000000000
34293  -29.142  -34.893  -33.518 0.5000000000
33415  -30.066  -35.902  -33.011 0.4000000060
27893  -28.628  -41.521  -23.533 0.6000000238
27909  -29.940  -41.623  -24.703 0.6999999881
28856  -30.167  -40.727  -25.015 0.8000000119
27892  -27.739  -41.676  -23.384 0.6000000238
28884  -30.474  -40.142  -26.599 0.8000000119
27937  -30.377  -40.999  -26.599 0.8000000119
27948  -30.277  -40.539  -27.368 0.8000000119
144409  -25.460  -42.627  -23.643 0.6000000238
146919  -29.886  -40.878  -27.972 0.8000000119
141713  -22.398  -45.029  -25.242 0.6000000238
25247  -23.981  -43.949  -24.179 0.6000000238
26971  -24.727  -42.830  -23.931 0.6000000238
28920  -29.487  -39.863  -28.865 0.6999999881
149706  -21.927  -46.016  -25.507 0.5000000000
29846  -28.597  -39.287  -29.853 0.6999999881
29847  -29.167  -39.417  -29.344 0.6999999881
23510  -21.290  -46.445  -26.205 0.5000000000
25263  -21.710  -44.996  -25.856 0.5000000000
29845  -28.011  -39.863  -30.260 0.6999999881
28935  -27.289  -40.292  -30.461 0.6999999881
138801  -23.759  -36.001  -33.435 0.8000000119
31672  -23.863  -37.679  -33.367 0.8000000119
30805  -23.600  -38.685  -32.873 0.6999999881
31640  -23.795  -37.881  -31.796 0.6999999881
30777  -24.940  -38.608  -31.392 0.6999999881
138910  -23.469  -38.074  -33.046 0.6999999881
32578  -28.749  -36.085  -33.847 0.5000000000
142465  -28.190  -40.792  -23.473 0.6999999881
28835  -28.545  -39.998  -23.629 0.6999999881
145323  -29.018  -40.724  -23.669 0.6999999881
28855  -29.665  -40.656  -24.300 0.8000000119
146609  -30.224  -39.931  -25.170 0.8000000119
28836  -29.275  -39.905  -23.950 0.8000000119
29819  -30.466  -39.808  -25.913 0.8000000119
27891  -26.819  -41.512  -23.463 0.6000000238
29827  -30.397  -39.717  -27.348 0.8000000119
27908  -25.501  -41.695  -23.893 0.6000000238
29838  -30.180  -39.198  -28.035 0.6999999881
25265  -22.830  -44.177  -25.113 0.6000000238
26139  -23.218  -43.433  -24.992 0.6000000238
30753  -29.681  -39.074  -28.807 0.8000000119
30754  -30.124  -38.458  -28.418 0.6999999881
25264  -22.179  -44.168  -25.729 0.6000000238
153706  -29.517  -37.971  -29.335 0.8000000119
24400  -20.896  -45.691  -26.644 0.4000000060
29856  -27.179  -39.436  -30.593 0.6999999881
30781  -28.429  -38.488  -30.091 0.6999999881
23532  -20.033  -47.210  -28.599 0.4000000060
155757  -26.454  -38.047  -30.918 0.6999999881
151265  -27.997  -39.123  -30.316 0.6999999881
32575  -23.391  -36.812  -33.210 0.8000000119
31657  -23.262  -37.812  -32.676 0.8000000119
30778  -25.877  -38.451  -31.131 0.6999999881
142509  -24.470  -38.095  -31.514 0.6999999881
34302  -25.746  -34.451  -34.161 0.8000000119
34303  -26.507  -34.463  -34.307 0.6999999881
136490  -26.928  -35.074  -34.365 0.5000000000
135355  -29.735  -34.292  -33.150 0.5000000000
33413  -28.611  -35.341  -33.843 0.5000000000
33402  -30.660  -35.324  -32.772 0.4000000060
146397  -29.809  -39.843  -24.516 0.8000000119
29808  -30.416  -39.201  -25.560 0.8000000119
141767  -27.302  -40.797  -23.479 0.6999999881
27890  -26.111  -41.358  -23.676 0.6999999881
139587  -30.563  -39.269  -26.499 0.8000000119
30719  -30.603  -38.520  -25.944 0.8000000119
136992  -24.327  -41.848  -24.681 0.6000000238
30742  -30.450  -38.441  -27.672 0.8000000119
26138  -22.666  -43.409  -25.551 0.6000000238
27005  -23.136  -42.742  -25.390 0.6000000238
30764  -29.178  -38.639  -29.490 0.8999999762
31618  -30.028  -37.717  -28.784 0.8000000119
31645  -28.095  -37.574  -30.326 0.8000000119
155866  -21.229  -45.057  -26.413 0.5000000000
135987  -26.801  -36.794  -30.855 0.8000000119
31644  -27.048  -37.703  -30.724 0.6999999881
25275  -20.713  -44.874  -26.997 0.4000000060
33411  -24.256  -35.162  -33.647 0.8000000119
32574  -22.949  -36.712  -32.776 0.8000000119
32561  -22.788  -36.564  -32.465 0.8000000119
134824  -23.617  -37.087  -31.698 0.8000000119
31643  -26.105  -37.466  -31.105 0.6999999881
34301  -24.804  -34.384  -33.865 0.8000000119
152492  -23.349  -37.279  -31.855 0.8000000119
138067  -25.176  -37.834  -31.330 0.6999999881
31639  -23.024  -36.758  -31.916 0.8000000119
35240  -25.410  -33.640  -34.074 0.8000000119
33401  -22.738  -35.773  -32.403 0.8000000119
34305  -27.930  -34.427  -34.096 0.6000000238
34304  -27.211  -34.272  -34.272 0.6000000238
145429  -28.960  -34.303  -33.534 0.5000000000
29779  -28.075  -39.428  -23.547 0.6000000238
29794  -29.581  -39.124  -24.237 0.6999999881
28832  -26.442  -40.738  -23.644 0.6000000238
30701  -29.951  -38.424  -24.552 0.6999999881
31584  -30.555  -37.926  -25.516 0.6999999881
28853  -25.612  -40.763  -23.972 0.6000000238
28833  -26.852  -40.011  -23.591 0.6000000238
29778  -27.300  -39.289  -23.561 0.6000000238
28852  -25.053  -40.366  -24.414 0.6000000238
30732  -30.646  -38.442  -26.829 0.8000000119
27006  -23.687  -42.077  -25.170 0.6000000238
27907  -24.823  -41.187  -24.423 0.6000000238
31599  -30.747  -37.758  -26.250 0.6999999881
27004  -22.614  -42.645  -25.965 0.5000000000
158036  -30.423  -37.895  -28.095 0.8000000119
26150  -21.610  -43.212  -26.663 0.3000000119
32532  -29.506  -36.373  -29.500 0.8000000119
31629  -29.513  -37.272  -29.404 0.8000000119
32547  -28.129  -36.584  -30.358 0.8000000119
32531  -28.881  -36.944  -29.991 0.8000000119
158057  -25.918  -35.796  -31.148 0.8000000119
33409  -22.870  -35.469  -32.708 0.8000000119
32543  -24.278  -36.642  -31.468 0.8000000119
32545  -25.982  -36.473  -31.147 0.8000000119
32542  -23.477  -36.381  -31.665 0.8000000119
33377  -22.967  -35.268  -31.922 0.8000000119
143785  -26.146  -33.969  -34.276 0.6999999881
35243  -27.761  -33.532  -34.005 0.6000000238
35232  -31.134  -33.319  -32.742 0.3000000119
153204  -27.891  -38.685  -23.543 0.6000000238
30689  -29.341  -38.320  -24.013 0.6999999881
31566  -29.810  -37.635  -24.269 0.6999999881
32474  -30.286  -36.970  -24.541 0.6999999881
29826  -21.475  -38.883  -27.730 0.5000000000
28854  -26.037  -39.996  -23.830 0.6000000238
29777  -26.406  -39.197  -23.807 0.6000000238
32489  -30.708  -37.111  -25.468 0.6999999881
27919  -23.299  -41.174  -25.729 0.5000000000
28868  -24.488  -40.326  -24.886 0.5000000000
29793  -25.672  -39.301  -24.249 0.6000000238
32506  -30.951  -36.901  -26.518 0.6999999881
27034  -21.719  -41.743  -26.998 0.3000000119
144169  -23.090  -42.081  -25.750 0.5000000000
33359  -30.613  -35.591  -28.249 0.8000000119
32522  -30.551  -36.365  -28.254 0.8000000119
33382  -28.020  -35.726  -30.443 0.8999999762
149217  -29.500  -35.292  -29.573 0.8999999762
32521  -30.133  -35.913  -28.923 0.8000000119
25276  -21.412  -44.128  -26.528 0.4000000060
135787  -26.662  -35.892  -30.892 0.8999999762
32546  -27.407  -36.258  -30.618 0.8999999762
136580  -28.822  -36.003  -30.090 0.8999999762
34291  -23.783  -34.348  -33.493 0.8000000119
33410  -23.283  -35.149  -33.176 0.8000000119
133997  -24.067  -35.996  -31.489 0.8000000119
31642  -25.182  -36.965  -31.322 0.8000000119
35239  -24.297  -33.590  -33.712 0.8000000119
35241  -26.255  -33.411  -34.240 0.6999999881
36098  -27.278  -32.860  -33.997 0.6000000238
36921  -29.481  -32.113  -33.329 0.6000000238
36086  -29.315  -32.886  -33.306 0.6000000238
30687  -27.677  -37.841  -23.561 0.6000000238
30688  -28.547  -38.128  -23.654 0.6000000238
31555  -29.135  -37.495  -23.769 0.6999999881
30686  -26.896  -38.315  -23.696 0.6000000238
28883  -23.200  -40.124  -26.126 0.6000000238
28867  -23.826  -40.257  -25.510 0.5000000000
141021  -25.300  -38.733  -24.705 0.6000000238
32490  -31.062  -36.175  -25.841 0.8000000119
27934  -22.209  -40.846  -26.793 0.4000000060
150146  -31.104  -35.956  -26.867 0.6999999881
27022  -22.025  -42.558  -26.526 0.4000000060
32513  -30.822  -36.678  -27.466 0.8000000119
154200  -28.639  -35.068  -30.238 0.8000000119
33358  -30.246  -35.035  -28.822 0.8000000119
34271  -25.693  -34.772  -31.256 0.8999999762
34256  -27.726  -34.853  -30.587 0.8000000119
34255  -27.062  -34.295  -30.805 0.8000000119
34268  -22.849  -35.016  -32.243 0.8000000119
34253  -23.512  -34.698  -31.667 0.8000000119
32544  -25.041  -35.957  -31.314 0.6999999881
35227  -23.048  -33.835  -32.806 0.8000000119
34269  -24.355  -34.679  -31.451 0.8000000119
33378  -23.445  -35.638  -31.668 0.8000000119
36095  -24.783  -32.863  -33.834 0.8000000119
35220  -22.861  -33.265  -32.429 0.8000000119
36934  -27.178  -32.072  -33.929 0.6999999881
36084  -28.001  -32.478  -33.794 0.6999999881
37765  -29.132  -30.690  -33.608 0.6000000238
37766  -30.040  -30.452  -33.504 0.6000000238
146692  -30.501  -31.044  -33.317 0.6000000238
30700  -25.913  -38.279  -24.317 0.6000000238
33304  -29.497  -35.936  -23.579 0.8000000119
32473  -29.678  -36.828  -23.906 0.6999999881
31596  -22.234  -36.976  -27.251 0.5000000000
29807  -24.769  -38.606  -25.261 0.5000000000
135818  -30.673  -36.233  -24.934 0.8000000119
30730  -23.470  -38.179  -26.557 0.5000000000
29806  -24.334  -39.429  -25.395 0.5000000000
33316  -30.539  -35.501  -24.494 0.8000000119
33325  -30.991  -35.427  -25.276 0.8000000119
29817  -22.292  -38.997  -27.097 0.5000000000
33326  -31.260  -35.297  -26.166 0.8000000119
33339  -31.249  -35.157  -26.922 0.8000000119
34208  -31.360  -34.410  -26.621 0.8000000119
133854  -30.999  -35.382  -27.558 0.8000000119
135748  -30.761  -34.848  -28.132 0.8000000119
140452  -31.159  -34.673  -27.448 0.8000000119
34245  -29.151  -34.319  -29.935 0.8000000119
137025  -27.667  -34.011  -30.601 0.8000000119
34235  -29.862  -34.316  -29.287 0.8000000119
141249  -22.738  -33.063  -32.145 0.8000000119
35200  -25.025  -33.352  -31.312 0.8000000119
35199  -24.113  -33.956  -31.478 0.8999999762
146481  -23.026  -33.000  -32.788 0.8000000119
36097  -26.535  -32.661  -34.091 0.6999999881
144018  -25.901  -32.178  -34.019 0.6999999881
151221  -28.384  -30.901  -33.732 0.6999999881
36933  -26.408  -31.705  -33.998 0.6999999881
136377  -27.055  -31.116  -33.965 0.6999999881
37764  -27.762  -30.575  -33.922 0.6999999881
33302  -27.519  -35.750  -23.212 0.8000000119
31553  -27.506  -37.071  -23.526 0.6000000238
32461  -28.038  -36.529  -23.352 0.6000000238
33303  -28.592  -35.877  -23.212 0.8000000119
31563  -23.101  -36.639  -24.386 0.6000000238
32486  -23.206  -35.747  -26.044 0.5000000000
31565  -26.384  -37.398  -24.101 0.6000000238
31552  -26.784  -36.794  -23.793 0.6000000238
155706  -30.108  -35.527  -23.903 0.8000000119
30685  -22.876  -38.249  -23.203 0.6000000238
153998  -23.014  -37.658  -23.817 0.6000000238
32469  -23.411  -35.731  -24.772 0.6000000238
32487  -23.984  -35.530  -25.849 0.5000000000
31583  -24.972  -36.685  -25.468 0.5000000000
32449  -20.969  -36.791  -22.277 0.5000000000
139772  -22.291  -38.063  -22.391 0.5000000000
31543  -23.352  -37.000  -22.915 0.6000000238
31597  -23.044  -37.004  -26.859 0.5000000000
32488  -24.626  -35.804  -25.626 0.5000000000
138623  -30.860  -34.746  -24.726 0.8000000119
34200  -31.246  -34.558  -25.567 0.8000000119
31541  -22.487  -37.321  -22.283 0.5000000000
30717  -24.545  -37.509  -25.725 0.5000000000
32448  -19.946  -36.894  -22.530 0.4000000060
30716  -24.138  -38.391  -25.921 0.5000000000
35177  -30.191  -33.452  -28.994 0.8000000119
34221  -30.940  -34.143  -27.982 0.8000000119
34222  -31.275  -34.033  -27.386 0.6999999881
35202  -27.101  -33.354  -30.730 0.8000000119
34244  -28.367  -34.186  -30.369 0.8000000119
35178  -30.686  -33.646  -28.384 0.8000000119
35185  -29.503  -33.543  -29.626 0.8000000119
139925  -29.170  -32.917  -29.862 0.8000000119
36082  -23.415  -32.023  -33.303 0.8999999762
156655  -22.751  -32.679  -32.256 0.8999999762
136593  -23.879  -33.046  -31.475 0.8000000119
35201  -26.121  -33.218  -31.050 0.8000000119
136628  -22.777  -33.025  -31.961 1.0000000000
148126  -24.615  -32.466  -31.283 0.8000000119
144717  -25.173  -32.150  -33.868 0.8000000119
36932  -25.579  -31.455  -33.942 0.6999999881
140830  -29.107  -35.301  -23.168 0.8000000119
32459  -23.611  -36.298  -23.519 0.6000000238
33301  -26.433  -35.405  -23.555 0.6000000238
136146  -26.602  -36.027  -23.775 0.6000000238
34183  -29.734  -35.066  -23.535 0.8000000119
31542  -23.019  -37.385  -22.608 0.5000000000
31551  -23.215  -37.408  -23.200 0.6000000238
33311  -24.141  -34.948  -24.755 0.6000000238
33314  -25.798  -35.597  -24.309 0.6000000238
34193  -30.652  -34.241  -24.212 0.8000000119
35137  -31.155  -33.814  -24.831 0.6999999881
33289  -23.315  -36.040  -22.063 0.5000000000
34191  -25.275  -34.979  -24.251 0.6000000238
32472  -26.073  -36.398  -24.345 0.6000000238
32458  -20.151  -36.052  -22.710 0.4000000060
33288  -22.209  -35.952  -21.957 0.4000000060
32451  -22.879  -36.766  -22.193 0.4000000060
138429  -23.899  -35.547  -22.259 0.4000000060
139572  -31.426  -33.577  -25.927 0.6999999881
34164  -21.232  -35.287  -22.288 0.4000000060
34165  -21.953  -34.879  -21.982 0.4000000060
34168  -24.797  -34.761  -22.453 0.4000000060
35149  -31.467  -33.501  -26.950 0.6999999881
35109  -21.959  -33.182  -22.213 0.4000000060
141264  -23.758  -33.522  -21.653 0.5000000000
35162  -31.120  -33.384  -27.809 0.6999999881
35124  -21.441  -33.798  -22.418 0.3000000119
146389  -22.805  -33.356  -21.774 0.5000000000
146781  -24.196  -34.316  -21.843 0.5000000000
35203  -28.041  -33.357  -30.440 0.8000000119
36063  -28.543  -32.657  -30.178 0.8000000119
36042  -29.699  -32.762  -29.403 0.8000000119
147011  -30.589  -32.216  -28.474 0.8000000119
36030  -30.221  -32.655  -28.916 0.8000000119
36081  -23.087  -31.860  -32.998 0.8000000119
36057  -22.693  -32.360  -31.980 1.0000000000
36059  -23.657  -32.133  -31.466 0.8000000119
151079  -24.491  -31.851  -31.241 0.8000000119
36060  -25.549  -32.477  -31.086 0.8000000119
36061  -26.565  -32.264  -30.730 0.8000000119
36062  -27.652  -32.451  -30.458 0.8000000119
36908  -22.802  -31.414  -32.183 1.0000000000
36900  -26.429  -31.226  -30.560 0.8000000119
36083  -24.239  -32.112  -33.681 0.8000000119
36897  -23.144  -31.457  -31.684 0.8000000119
149477  -25.721  -31.686  -30.855 0.8000000119
36931  -24.655  -31.389  -33.788 0.8999999762
37778  -26.123  -30.646  -34.093 0.6999999881
37779  -27.012  -30.144  -34.097 0.6999999881
37780  -27.803  -29.671  -34.142 0.6999999881
38648  -28.523  -30.124  -33.868 0.6999999881
38650  -30.498  -29.556  -33.728 0.6000000238
39600  -29.198  -28.536  -34.446 0.6999999881
133944  -27.796  -28.801  -34.475 0.6999999881
38665  -30.608  -28.568  -34.267 0.6000000238
38664  -29.698  -28.983  -34.094 0.6000000238
136844  -28.320  -34.970  -22.838 0.8000000119
33299  -24.129  -35.393  -23.741 0.5000000000
34180  -26.296  -34.863  -23.245 0.8000000119
35126  -26.835  -34.246  -22.608 0.8000000119
34181  -27.179  -34.926  -22.920 0.8000000119
34182  -29.267  -34.548  -23.027 0.8000000119
32452  -23.394  -36.642  -22.628 0.5000000000
150260  -24.573  -34.967  -24.074 0.6000000238
34178  -25.064  -34.884  -23.608 0.5000000000
34184  -30.092  -34.181  -23.538 0.6999999881
34166  -23.155  -35.088  -21.796 0.4000000060
35125  -26.082  -34.403  -22.664 0.6999999881
33300  -25.728  -35.130  -24.025 0.6999999881
152156  -30.203  -33.222  -23.357 0.6999999881
35130  -30.708  -33.548  -23.987 0.6999999881
35991  -31.155  -32.913  -24.411 0.6999999881
35138  -31.414  -32.956  -25.260 0.6999999881
35999  -31.588  -32.264  -25.818 0.6999999881
35965  -23.175  -32.489  -21.720 0.5000000000
135847  -31.567  -32.040  -26.812 0.6999999881
35964  -22.377  -32.640  -22.053 0.4000000060
146158  -29.126  -32.163  -29.751 0.8000000119
149339  -31.018  -32.632  -27.978 0.6999999881
36902  -28.287  -31.627  -30.124 0.8000000119
37725  -28.871  -30.254  -29.328 0.6999999881
36898  -24.105  -31.363  -31.330 0.8000000119
36901  -27.291  -31.507  -30.412 0.8000000119
37762  -23.057  -30.056  -33.170 0.8999999762
37763  -23.396  -30.666  -33.405 0.8999999762
37761  -22.900  -30.300  -32.656 0.8999999762
37756  -22.889  -30.483  -32.405 0.8000000119
37736  -22.986  -30.763  -31.879 0.8000000119
37750  -24.350  -30.025  -31.257 0.8000000119
37776  -24.073  -30.632  -33.772 0.8999999762
37775  -23.455  -29.900  -33.600 0.8000000119
37777  -25.042  -30.615  -33.951 0.8999999762
140474  -25.343  -29.805  -34.227 0.8000000119
37767  -30.957  -30.422  -33.433 0.4000000060
38661  -26.272  -29.626  -34.349 0.8000000119
39599  -27.086  -28.563  -34.696 0.6999999881
38663  -28.699  -29.168  -34.185 0.6999999881
142579  -30.669  -27.464  -35.329 0.5000000000
35127  -27.719  -34.144  -22.585 0.6999999881
35128  -28.639  -33.973  -22.649 0.8000000119
35112  -26.429  -33.607  -22.081 0.6999999881
35115  -28.941  -33.133  -22.428 0.6999999881
134897  -22.413  -34.094  -21.852 0.4000000060
143689  -25.840  -32.791  -21.635 0.6000000238
35114  -28.091  -33.338  -22.267 0.6999999881
157286  -30.748  -32.817  -23.758 0.6999999881
35992  -31.478  -32.193  -24.842 0.6999999881
36803  -24.943  -32.247  -21.516 0.5000000000
134055  -23.947  -31.702  -21.629 0.4000000060
37641  -22.689  -30.541  -22.095 0.3000000119
36802  -23.279  -30.976  -21.781 0.3000000119
36783  -24.966  -31.208  -21.473 0.5000000000
153458  -28.389  -30.784  -29.802 0.6999999881
36857  -31.553  -31.164  -27.116 0.6999999881
36782  -24.096  -30.670  -21.618 0.4000000060
36885  -29.047  -31.239  -29.533 0.6999999881
36871  -30.466  -31.327  -28.477 0.6999999881
37707  -29.709  -30.841  -28.986 0.6999999881
37724  -28.017  -30.129  -29.824 0.6999999881
37749  -23.384  -30.010  -31.699 0.8000000119
37738  -24.716  -30.719  -31.103 0.8000000119
142358  -25.609  -30.880  -30.754 0.8000000119
37739  -26.348  -30.315  -30.479 0.8000000119
38623  -25.406  -30.053  -30.806 0.8000000119
38641  -22.796  -29.614  -32.752 0.8000000119
38660  -23.590  -29.043  -34.001 0.8000000119
38647  -22.927  -29.089  -33.349 0.8000000119
142578  -22.808  -29.518  -33.039 0.8999999762
133661  -24.574  -29.069  -34.373 0.8999999762
39597  -24.912  -28.350  -34.693 0.8000000119
39610  -26.509  -27.999  -34.991 0.8000000119
143939  -29.803  -28.358  -34.490 0.6999999881
40537  -30.234  -27.852  -34.814 0.6000000238
39611  -27.652  -27.951  -34.967 0.6999999881
40564  -26.591  -26.724  -35.874 0.6999999881
36805  -27.098  -31.995  -21.572 0.6000000238
36806  -27.907  -31.884  -21.672 0.6000000238
35969  -28.424  -32.547  -22.001 0.6999999881
35970  -29.196  -32.347  -22.276 0.6999999881
35981  -29.682  -32.803  -22.792 0.6999999881
150515  -25.117  -33.123  -21.666 0.5000000000
35971  -29.812  -32.132  -22.608 0.6999999881
35982  -30.378  -32.291  -23.197 0.6999999881
36804  -26.304  -32.002  -21.505 0.6000000238
37640  -21.989  -30.966  -22.465 0.3000000119
148003  -25.586  -31.893  -21.460 0.5000000000
36786  -27.360  -31.234  -21.492 0.6000000238
37626  -24.852  -30.264  -21.508 0.4000000060
37627  -25.520  -30.497  -21.405 0.5000000000
37628  -26.253  -30.589  -21.349 0.6000000238
36839  -31.714  -31.481  -25.321 0.6999999881
37693  -31.564  -30.328  -27.324 0.6999999881
36848  -31.731  -31.391  -26.220 0.6999999881
37692  -31.036  -30.835  -27.879 0.6999999881
38536  -24.380  -28.858  -21.768 0.3000000119
38593  -29.627  -30.054  -28.853 0.6999999881
155754  -26.063  -29.773  -30.585 0.8000000119
38624  -26.664  -29.503  -30.392 0.8000000119
38625  -27.581  -29.474  -30.018 0.6999999881
38608  -28.374  -29.480  -29.592 0.6999999881
38609  -29.225  -29.362  -29.140 0.6999999881
38633  -23.957  -29.242  -31.529 0.8000000119
39566  -26.431  -28.841  -30.676 0.8000000119
38659  -22.917  -28.298  -33.361 0.8000000119
39573  -22.766  -29.351  -32.566 0.8000000119
38632  -23.023  -29.352  -32.046 0.8000000119
39575  -25.006  -28.898  -31.255 0.8000000119
39596  -23.853  -28.243  -34.447 0.8000000119
41484  -23.188  -26.935  -33.556 0.8000000119
140637  -24.384  -27.741  -32.184 0.8000000119
41486  -25.008  -26.709  -32.980 0.8000000119
41499  -24.435  -26.103  -33.642 0.8000000119
40552  -29.919  -27.365  -35.469 0.6000000238
40551  -29.050  -27.288  -35.594 0.6999999881
40548  -26.030  -27.282  -35.479 0.8000000119
40550  -28.111  -27.163  -35.628 0.6000000238
41535  -26.252  -26.183  -36.316 0.6999999881
42514  -27.088  -25.770  -36.746 0.6000000238
151987  -28.179  -26.621  -36.206 0.6000000238
145289  -26.888  -30.731  -21.388 0.6000000238
36809  -30.191  -31.539  -22.658 0.6999999881
36823  -30.809  -31.443  -23.259 0.6999999881
37630  -28.194  -30.978  -21.585 0.6000000238
37659  -31.136  -30.679  -23.344 0.6999999881
153431  -31.260  -31.246  -23.801 0.6999999881
36824  -31.522  -31.394  -24.475 0.6999999881
139311  -25.319  -29.988  -21.436 0.4000000060
38524  -25.872  -29.725  -21.397 0.4000000060
38527  -28.108  -30.080  -21.500 0.5000000000
37645  -30.549  -30.788  -22.730 0.6999999881
37670  -31.871  -30.728  -24.922 0.6999999881
38525  -26.756  -30.059  -21.352 0.5000000000
38526  -27.415  -29.651  -21.448 0.5000000000
142054  -32.088  -30.133  -25.563 0.6999999881
37677  -31.888  -30.855  -25.705 0.6999999881
38523  -25.045  -29.490  -21.543 0.3000000119
39471  -25.219  -28.716  -21.639 0.3000000119
39472  -25.943  -28.841  -21.556 0.4000000060
37685  -31.879  -30.502  -26.480 0.6999999881
39483  -24.780  -28.032  -21.929 0.3000000119
39484  -25.691  -28.026  -21.780 0.3000000119
38581  -31.035  -29.941  -28.016 0.6999999881
38582  -31.774  -29.494  -27.387 0.6999999881
38594  -30.215  -29.473  -28.608 0.6999999881
38595  -31.139  -29.097  -28.181 0.6999999881
39565  -25.769  -29.307  -30.787 0.8000000119
39551  -28.697  -28.928  -29.603 0.6999999881
39542  -31.343  -28.323  -28.431 0.6999999881
39552  -29.314  -28.634  -29.474 0.6999999881
40473  -30.397  -27.710  -29.747 0.6999999881
40500  -22.879  -28.467  -32.702 0.8000000119
135485  -24.186  -28.444  -31.764 0.8000000119
38626  -28.029  -28.874  -29.961 0.6999999881
40472  -29.564  -28.009  -29.918 0.6999999881
39583  -22.683  -28.899  -32.884 0.8000000119
39574  -23.253  -28.713  -32.094 0.8000000119
40502  -25.366  -28.233  -31.536 0.8000000119
39576  -26.214  -28.444  -31.111 0.8000000119
39577  -26.929  -28.353  -30.849 0.8000000119
40488  -29.137  -27.788  -30.509 0.8000000119
41460  -30.643  -26.901  -31.049 0.6999999881
40526  -22.942  -27.975  -33.381 0.8000000119
144484  -25.529  -27.446  -32.227 0.8000000119
40518  -26.783  -27.386  -32.099 0.8000000119
41472  -28.643  -27.100  -31.986 0.8000000119
39595  -23.134  -28.161  -33.963 0.8000000119
40533  -23.166  -26.886  -34.215 0.8000000119
41485  -23.893  -26.659  -33.226 0.8000000119
41487  -26.160  -26.813  -32.819 0.8000000119
41489  -28.160  -26.700  -32.625 0.8000000119
39608  -24.342  -27.570  -34.864 0.8000000119
42476  -23.617  -25.770  -34.554 0.8000000119
41500  -25.583  -26.171  -33.468 0.8000000119
41501  -26.675  -26.229  -33.363 0.8000000119
42481  -28.175  -25.579  -33.776 0.8000000119
40546  -24.021  -26.742  -35.075 0.8000000119
42490  -25.555  -24.896  -34.405 0.8000000119
41521  -24.634  -26.322  -35.652 0.8000000119
140867  -30.662  -27.026  -36.147 0.5000000000
40566  -28.861  -26.773  -36.224 0.6000000238
41533  -24.471  -25.620  -35.896 0.8000000119
41534  -25.268  -25.937  -36.196 0.8000000119
137656  -29.695  -26.900  -36.203 0.6000000238
41538  -29.540  -26.391  -36.869 0.6000000238
42515  -28.176  -25.805  -37.022 0.6000000238
41537  -28.628  -26.294  -36.706 0.6000000238
37643  -29.091  -30.979  -21.790 0.6999999881
36808  -29.508  -31.622  -22.175 0.6999999881
37629  -27.451  -30.458  -21.434 0.6000000238
145746  -30.178  -30.108  -22.303 0.6999999881
146238  -30.841  -30.005  -22.854 0.6999999881
145494  -31.434  -29.887  -23.521 0.6999999881
38538  -29.127  -29.263  -21.730 0.5000000000
38539  -30.404  -29.339  -22.456 0.6999999881
39485  -26.709  -28.260  -21.672 0.4000000060
40418  -27.315  -27.495  -21.987 0.4000000060
39486  -27.757  -28.285  -21.685 0.5000000000
38562  -31.937  -29.770  -24.487 0.6999999881
136763  -26.300  -27.253  -22.210 0.3000000119
137590  -27.120  -26.753  -22.414 0.3000000119
40419  -28.251  -27.587  -21.996 0.5000000000
39514  -32.334  -28.344  -25.310 0.6999999881
38576  -32.143  -29.579  -26.393 0.6999999881
40416  -25.277  -27.322  -22.289 0.3000000119
41399  -27.048  -26.069  -22.878 0.3000000119
39519  -32.246  -28.765  -26.840 0.6999999881
41398  -26.268  -25.942  -23.188 0.3000000119
40453  -32.049  -27.830  -28.043 0.6999999881
40486  -27.785  -28.326  -30.509 0.8000000119
39554  -30.841  -28.008  -29.071 0.6999999881
39568  -28.701  -28.358  -30.104 0.6999999881
40489  -29.946  -27.432  -30.571 0.6999999881
40490  -30.891  -27.191  -30.251 0.6999999881
40517  -23.557  -27.302  -32.835 0.8000000119
40503  -26.393  -27.929  -31.464 0.8000000119
40487  -28.407  -27.825  -30.802 0.6999999881
40507  -29.917  -27.046  -31.337 0.8000000119
40516  -22.991  -27.794  -33.186 0.8000000119
41473  -29.460  -26.844  -31.890 0.8000000119
40527  -23.016  -27.312  -33.763 0.8000000119
41488  -27.221  -26.778  -32.706 0.8000000119
41503  -28.579  -26.165  -33.141 0.8000000119
41511  -23.479  -26.214  -34.600 0.8000000119
40545  -23.532  -26.450  -34.745 0.8000000119
42477  -24.032  -25.518  -34.245 0.8000000119
42479  -26.109  -25.575  -33.894 0.8000000119
42492  -27.504  -25.121  -34.300 0.8000000119
43433  -29.016  -25.090  -33.985 0.8000000119
42501  -24.029  -25.381  -35.586 0.8000000119
42500  -23.859  -25.217  -35.327 0.8000000119
42478  -24.995  -25.494  -34.027 0.8000000119
43448  -28.600  -24.498  -34.545 0.8000000119
42513  -25.958  -25.513  -36.680 0.8000000119
151898  -28.702  -30.400  -21.622 0.6000000238
149197  -29.806  -29.487  -22.040 0.6000000238
39474  -27.341  -28.909  -21.527 0.5000000000
132684  -28.742  -28.415  -21.789 0.5000000000
39488  -30.575  -28.634  -22.604 0.6999999881
38549  -31.070  -29.195  -22.962 0.6999999881
39513  -32.065  -28.686  -24.492 0.6999999881
141297  -29.231  -27.664  -22.202 0.6000000238
39496  -31.152  -28.329  -23.048 0.6999999881
39497  -31.719  -28.070  -23.749 0.6999999881
151644  -26.455  -26.476  -22.675 0.3000000119
41400  -27.853  -26.370  -22.638 0.3000000119
40431  -31.730  -27.305  -23.826 0.6999999881
40417  -25.614  -26.498  -22.791 0.3000000119
43346  -28.682  -24.479  -24.260 0.3000000119
40442  -32.458  -27.624  -25.342 0.6999999881
39520  -32.500  -27.992  -26.179 0.6999999881
43363  -26.480  -23.969  -25.496 0.3000000119
43364  -27.173  -24.054  -25.136 0.3000000119
43345  -27.248  -24.582  -24.462 0.3000000119
44405  -26.253  -23.624  -26.099 0.3000000119
40465  -31.618  -27.633  -28.780 0.6999999881
40475  -31.962  -27.060  -29.209 0.6999999881
41474  -30.340  -26.524  -31.868 0.8000000119
41504  -29.396  -26.040  -32.956 0.8000000119
42482  -29.723  -25.421  -33.376 0.8000000119
43443  -23.785  -25.094  -35.054 0.8000000119
43431  -23.914  -25.094  -34.747 0.8000000119
43444  -24.240  -24.460  -35.217 0.8000000119
43432  -24.506  -24.861  -34.581 0.8000000119
43446  -26.195  -24.417  -34.753 0.8000000119
43447  -27.023  -24.653  -34.649 0.8000000119
141736  -27.740  -24.547  -34.658 0.8000000119
42511  -24.388  -24.946  -36.129 0.8000000119
43445  -25.105  -24.168  -35.032 0.8000000119
42512  -25.020  -25.211  -36.442 0.8000000119
42523  -25.595  -24.759  -36.978 0.6999999881
42524  -26.601  -25.055  -37.203 0.6000000238
39487  -29.776  -28.630  -22.140 0.6000000238
40430  -31.170  -27.448  -23.236 0.6000000238
149284  -28.802  -26.048  -22.899 0.4000000060
142951  -31.302  -26.556  -23.592 0.6000000238
134111  -32.001  -26.783  -24.240 0.6999999881
39506  -32.154  -27.682  -24.531 0.6999999881
42400  -31.127  -25.641  -23.815 0.4000000060
40441  -32.415  -26.939  -24.972 0.6999999881
133084  -32.654  -27.095  -25.806 0.6999999881
39527  -32.364  -27.952  -27.189 0.6999999881
44408  -29.672  -23.402  -25.303 0.3000000119
156506  -31.396  -24.612  -24.586 0.4000000060
41420  -32.630  -26.282  -25.433 0.6000000238
41433  -33.035  -26.499  -27.138 0.6999999881
40454  -32.597  -27.182  -27.600 0.6999999881
40466  -32.336  -27.134  -28.457 0.6999999881
41446  -32.988  -26.395  -28.085 0.6999999881
153791  -32.234  -26.598  -29.590 0.6999999881
41462  -32.187  -26.352  -30.231 0.6999999881
40506  -29.116  -27.374  -31.219 0.8000000119
141806  -28.997  -26.548  -32.500 0.8000000119
42464  -30.303  -25.861  -32.654 0.8000000119
151564  -28.223  -24.991  -34.273 0.8000000119
133781  -29.910  -24.775  -33.855 0.8000000119
42491  -26.609  -25.082  -34.343 0.8000000119
44483  -29.137  -23.885  -34.928 0.8000000119
142018  -24.356  -23.959  -36.234 0.8000000119
135610  -24.657  -23.775  -35.549 0.8000000119
44498  -26.364  -23.212  -35.568 0.8000000119
44499  -27.413  -23.451  -35.452 0.8000000119
155649  -25.706  -22.901  -35.850 0.8000000119
42525  -27.643  -25.238  -37.347 0.6000000238
43469  -24.820  -24.485  -36.647 0.8000000119
43483  -27.183  -24.518  -37.650 0.6000000238
137476  -25.817  -23.419  -37.701 0.6999999881
44538  -26.253  -22.813  -38.220 0.6999999881
40420  -30.337  -27.733  -22.588 0.6000000238
41402  -30.494  -26.775  -22.976 0.6000000238
133716  -30.104  -24.556  -24.212 0.3000000119
44394  -29.886  -23.955  -24.701 0.3000000119
146807  -30.720  -24.256  -24.586 0.3000000119
42401  -31.736  -25.342  -24.450 0.5000000000
43366  -31.397  -24.026  -24.962 0.3000000119
43367  -32.012  -24.652  -24.978 0.5000000000
41426  -32.897  -26.423  -26.275 0.6999999881
134363  -28.816  -22.521  -26.558 0.3000000119
150950  -29.438  -22.766  -25.998 0.3000000119
43377  -33.148  -24.119  -26.674 0.4000000060
152513  -33.376  -25.471  -28.104 0.6999999881
46408  -28.257  -21.739  -27.843 0.3000000119
42433  -33.434  -25.176  -28.751 0.6000000238
42449  -32.719  -25.602  -30.396 0.6000000238
42443  -33.256  -25.261  -29.530 0.6000000238
42456  -31.619  -25.699  -31.766 0.8000000119
157623  -32.494  -25.514  -30.974 0.6999999881
42450  -33.275  -24.824  -30.349 0.6000000238
157409  -30.988  -26.049  -32.111 0.8000000119
42457  -32.292  -25.342  -31.428 0.6999999881
43412  -32.857  -25.077  -30.999 0.6999999881
42483  -30.661  -25.026  -33.226 0.8000000119
42465  -31.204  -25.424  -32.471 0.8000000119
43422  -31.584  -24.734  -32.798 0.6999999881
43423  -32.371  -24.404  -32.405 0.6999999881
43419  -32.670  -24.675  -31.654 0.6999999881
152013  -29.365  -24.488  -34.349 0.8000000119
44472  -31.704  -23.732  -33.776 0.6999999881
43435  -32.059  -24.120  -33.135 0.6999999881
142029  -30.106  -24.131  -34.397 0.8000000119
44485  -31.321  -23.409  -34.404 0.6999999881
44473  -32.530  -23.377  -33.397 0.6999999881
43459  -24.142  -24.576  -35.569 0.8000000119
43460  -24.383  -23.852  -35.826 0.8000000119
44482  -28.052  -23.989  -35.092 0.8000000119
44502  -30.043  -23.480  -35.003 0.8000000119
44479  -24.810  -23.233  -35.952 0.8000000119
45463  -27.262  -22.700  -35.912 0.8000000119
44500  -28.367  -23.247  -35.564 0.8000000119
42510  -24.156  -24.735  -35.850 0.8000000119
156526  -24.861  -22.875  -36.725 0.8000000119
45477  -26.079  -22.473  -36.171 0.8000000119
45479  -27.663  -22.048  -36.380 0.8000000119
43480  -24.701  -23.847  -36.836 0.8000000119
44512  -24.755  -23.249  -36.764 0.8000000119
45490  -25.412  -22.274  -37.519 0.6999999881
43484  -28.137  -24.731  -37.783 0.6000000238
43496  -28.644  -24.291  -38.197 0.6000000238
44526  -25.156  -23.023  -37.405 0.8000000119
157898  -25.734  -22.991  -37.857 0.6999999881
45501  -26.227  -21.865  -38.538 0.6999999881
138790  -32.892  -25.606  -25.885 0.5000000000
44409  -30.554  -23.651  -25.088 0.3000000119
148235  -32.148  -23.903  -25.515 0.4000000060
42416  -33.110  -24.908  -26.332 0.5000000000
41434  -33.277  -25.828  -27.455 0.6000000238
45367  -31.086  -22.847  -25.908 0.3000000119
156127  -33.367  -24.929  -27.270 0.5000000000
45398  -30.886  -21.855  -26.860 0.3000000119
45399  -31.936  -21.978  -26.831 0.3000000119
43392  -33.554  -24.520  -28.252 0.6000000238
158238  -33.576  -24.688  -29.021 0.6000000238
46428  -28.804  -21.161  -28.426 0.3000000119
46429  -29.940  -21.093  -27.991 0.3000000119
45400  -32.790  -22.390  -27.133 0.3000000119
43403  -33.596  -24.430  -29.646 0.6000000238
46446  -28.179  -20.900  -28.976 0.3000000119
43413  -33.329  -24.293  -31.052 0.6999999881
43436  -32.669  -23.816  -32.725 0.6999999881
45465  -29.060  -22.706  -35.923 0.8000000119
45450  -30.837  -23.118  -34.996 0.6999999881
45451  -31.636  -22.789  -34.763 0.6999999881
45466  -30.102  -22.749  -35.609 0.6999999881
45480  -28.627  -22.087  -36.382 0.8000000119
46507  -29.058  -21.482  -36.754 0.6999999881
46491  -25.532  -22.246  -36.605 0.8000000119
46504  -26.041  -21.709  -36.867 0.6999999881
45478  -26.785  -22.056  -36.415 0.8000000119
44541  -29.840  -23.300  -38.753 0.6000000238
46520  -25.499  -21.918  -37.277 0.6999999881
45500  -25.639  -21.512  -37.970 0.6999999881
47618  -25.725  -21.350  -37.735 0.6999999881
45502  -27.000  -22.412  -38.706 0.6999999881
45503  -27.843  -22.804  -38.702 0.6999999881
46533  -25.843  -21.418  -38.378 0.6999999881
49749  -27.709  -17.556  -41.047 0.5000000000
49750  -28.162  -17.965  -41.247 0.5000000000
150267  -33.743  -23.993  -28.973 0.6000000238
44451  -33.876  -23.658  -29.691 0.6000000238
132123  -33.930  -23.151  -29.052 0.6000000238
44461  -34.200  -22.990  -30.644 0.6000000238
43424  -33.169  -23.890  -31.983 0.6999999881
44465  -33.781  -23.024  -31.980 0.6999999881
47562  -26.668  -19.994  -30.526 0.3000000119
45452  -32.407  -22.469  -34.454 0.6999999881
44468  -33.214  -23.262  -32.714 0.6999999881
151943  -32.675  -22.761  -33.856 0.6999999881
46506  -28.039  -21.452  -36.784 0.6999999881
46492  -30.586  -21.971  -36.047 0.6999999881
45467  -31.128  -22.430  -35.405 0.6000000238
45481  -29.607  -22.115  -36.276 0.6999999881
46490  -25.202  -22.434  -36.677 0.6999999881
146663  -25.850  -21.294  -37.534 0.6999999881
138624  -27.373  -20.857  -37.299 0.6999999881
47620  -27.702  -20.224  -37.668 0.6000000238
47619  -25.927  -20.540  -38.029 0.6999999881
45504  -28.832  -22.759  -38.869 0.6000000238
144775  -29.207  -23.763  -38.506 0.5000000000
46545  -26.137  -21.066  -38.933 0.6999999881
47646  -26.047  -20.142  -39.148 0.6999999881
46546  -26.627  -20.735  -39.406 0.6999999881
156897  -27.799  -19.757  -40.370 0.6000000238
45423  -34.020  -22.253  -29.151 0.4000000060
45424  -34.259  -21.916  -29.905 0.5000000000
44452  -34.182  -22.840  -29.895 0.6000000238
45435  -34.325  -22.333  -30.573 0.6000000238
45443  -34.266  -22.121  -31.963 0.6000000238
48615  -26.832  -19.200  -31.161 0.3000000119
48597  -27.456  -19.500  -30.764 0.3000000119
45447  -33.186  -22.732  -33.341 0.6999999881
46482  -32.770  -21.761  -34.751 0.6000000238
45453  -33.202  -22.140  -33.987 0.6000000238
45468  -31.995  -22.121  -35.126 0.6000000238
47601  -29.454  -20.839  -37.139 0.6000000238
46493  -31.500  -21.677  -35.740 0.6000000238
47599  -26.349  -20.885  -37.530 0.6999999881
47600  -28.424  -20.859  -37.218 0.6000000238
46508  -30.048  -21.418  -36.620 0.6000000238
153724  -26.814  -20.317  -37.759 0.6999999881
48666  -28.011  -19.546  -38.038 0.6000000238
48678  -26.195  -19.456  -39.129 0.6999999881
46547  -27.697  -21.252  -39.528 0.6999999881
46548  -28.505  -21.923  -39.294 0.6000000238
46549  -29.806  -21.480  -39.624 0.5000000000
151084  -28.830  -21.352  -39.641 0.6000000238
46571  -30.247  -20.867  -40.009 0.5000000000
48684  -26.415  -19.320  -39.632 0.6000000238
47648  -28.230  -20.441  -40.103 0.5000000000
47660  -27.108  -19.701  -40.094 0.5000000000
47661  -28.442  -19.633  -40.556 0.5000000000
48693  -29.299  -19.318  -40.901 0.5000000000
48702  -29.079  -18.494  -41.377 0.5000000000
49751  -28.896  -17.558  -41.804 0.5000000000
46447  -33.916  -21.257  -29.281 0.4000000060
46448  -34.249  -21.214  -30.011 0.4000000060
47542  -34.034  -20.658  -29.782 0.4000000060
47540  -31.858  -19.875  -28.851 0.4000000060
141337  -34.401  -21.990  -31.166 0.6000000238
48616  -27.617  -18.886  -31.270 0.3000000119
48617  -28.436  -18.649  -31.254 0.3000000119
49648  -29.730  -18.539  -30.929 0.3000000119
46478  -33.845  -21.537  -33.538 0.6000000238
50687  -28.039  -17.382  -32.231 0.3000000119
46483  -33.529  -21.227  -34.366 0.6000000238
47589  -31.916  -20.936  -36.084 0.5000000000
46495  -33.037  -21.124  -35.060 0.6000000238
47622  -29.820  -20.120  -37.422 0.6000000238
47602  -30.428  -20.685  -36.920 0.6000000238
47621  -28.780  -20.200  -37.575 0.6000000238
47603  -31.352  -20.443  -36.653 0.6000000238
48668  -30.187  -19.426  -37.733 0.6000000238
48652  -26.263  -20.166  -38.080 0.6999999881
48679  -28.385  -18.883  -38.401 0.6000000238
49736  -26.495  -18.840  -39.587 0.6999999881
48691  -26.796  -18.826  -40.122 0.5000000000
146190  -27.559  -19.148  -40.493 0.5000000000
147981  -28.121  -17.308  -41.457 0.5000000000
48582  -32.543  -19.714  -29.218 0.4000000060
47566  -34.366  -20.682  -30.549 0.4000000060
47565  -33.903  -19.983  -30.028 0.4000000060
46466  -34.395  -21.563  -30.605 0.5000000000
157436  -33.092  -19.034  -30.017 0.4000000060
46473  -34.501  -21.240  -31.448 0.4000000060
46476  -34.398  -21.355  -32.285 0.4000000060
46475  -34.074  -21.803  -32.794 0.5000000000
50673  -28.623  -17.937  -31.730 0.3000000119
50674  -29.283  -17.756  -31.668 0.3000000119
47581  -34.142  -20.779  -33.744 0.4000000060
51745  -29.427  -16.649  -32.259 0.3000000119
49666  -30.709  -17.589  -31.395 0.4000000060
47591  -33.477  -20.540  -34.904 0.5000000000
47590  -32.797  -20.523  -35.603 0.5000000000
47604  -32.227  -20.118  -36.354 0.5000000000
47623  -30.799  -19.970  -37.238 0.6000000238
48654  -32.463  -19.312  -36.639 0.5000000000
48667  -29.133  -19.507  -37.894 0.6000000238
49730  -29.894  -18.175  -38.560 0.6000000238
49727  -26.948  -18.503  -38.963 0.6000000238
49729  -28.790  -18.262  -38.798 0.6000000238
49737  -26.769  -18.381  -39.608 0.5000000000
143114  -26.799  -18.291  -40.050 0.5000000000
50761  -27.455  -17.621  -40.557 0.5000000000
50762  -27.892  -16.950  -41.250 0.5000000000
147901  -28.677  -16.173  -42.125 0.5000000000
50776  -29.257  -16.721  -42.305 0.5000000000
48583  -33.217  -19.496  -29.721 0.4000000060
147922  -34.499  -20.397  -31.348 0.4000000060
48604  -34.265  -19.820  -30.831 0.4000000060
48618  -34.504  -19.712  -31.689 0.4000000060
47574  -34.526  -20.510  -32.215 0.4000000060
49653  -34.185  -19.071  -31.177 0.4000000060
48624  -34.567  -19.547  -32.565 0.4000000060
47577  -34.464  -20.215  -33.153 0.4000000060
51744  -28.646  -16.664  -32.452 0.3000000119
153467  -33.503  -19.853  -35.304 0.4000000060
47582  -34.313  -20.015  -33.969 0.5000000000
52752  -27.772  -15.659  -33.111 0.3000000119
48655  -33.175  -18.818  -36.295 0.4000000060
48670  -31.956  -18.962  -37.250 0.5000000000
49702  -33.235  -18.040  -36.609 0.4000000060
49714  -30.555  -18.761  -38.078 0.6000000238
48669  -31.135  -19.255  -37.534 0.5000000000
49701  -32.644  -18.564  -36.913 0.5000000000
49731  -30.898  -18.056  -38.343 0.5000000000
49715  -31.446  -18.542  -37.806 0.5000000000
50754  -27.158  -17.747  -40.078 0.5000000000
50742  -28.095  -17.714  -39.431 0.6000000238
50743  -29.211  -17.610  -39.180 0.6000000238
50744  -30.290  -17.520  -38.886 0.6000000238
50755  -28.517  -16.983  -39.897 0.6000000238
142179  -27.794  -17.060  -40.640 0.5000000000
51825  -28.191  -16.405  -41.329 0.5000000000
51836  -29.989  -16.201  -42.677 0.5000000000
156091  -28.019  -16.919  -40.363 0.5000000000
54921  -26.507  -13.348  -34.812 0.3000000119
54906  -28.385  -13.618  -34.288 0.4000000060
56038  -28.747  -12.873  -34.697 0.4000000060
50756  -29.673  -16.971  -39.508 0.5000000000
57133  -26.938  -11.884  -35.852 0.4000000060
51818  -29.195  -16.484  -40.085 0.5000000000
52825  -31.930  -15.939  -39.200 0.5000000000
51811  -32.397  -16.348  -38.523 0.5000000000
52834  -29.486  -15.967  -40.502 0.5000000000
52836  -31.381  -15.485  -39.808 0.5000000000
52847  -28.526  -15.930  -41.432 0.5000000000
52848  -29.026  -15.645  -41.205 0.6000000238
51846  -30.569  -15.683  -43.034 0.5000000000
52866  -29.185  -15.571  -42.277 0.6000000238
52875  -29.841  -14.939  -42.748 0.5000000000
52867  -29.801  -15.482  -42.700 0.6000000238
141632  -30.834  -14.490  -43.462 0.4000000060
56059  -28.361  -12.237  -35.245 0.4000000060
56040  -30.474  -12.884  -34.137 0.4000000060
51819  -30.108  -16.373  -39.833 0.5000000000
52849  -29.916  -15.361  -40.890 0.5000000000
53941  -29.583  -15.158  -41.661 0.5000000000
136063  -30.366  -14.775  -41.309 0.5000000000
53929  -31.203  -14.438  -40.871 0.5000000000
52858  -28.988  -15.567  -41.822 0.5000000000
53957  -29.612  -15.098  -42.291 0.5000000000
53976  -30.986  -13.922  -43.595 0.4000000060
53958  -30.100  -14.481  -42.735 0.5000000000
53965  -30.354  -14.305  -43.191 0.5000000000
57124  -29.816  -11.876  -34.988 0.4000000060
57154  -28.167  -11.053  -36.067 0.4000000060
52835  -30.473  -15.743  -40.174 0.5000000000
53904  -32.916  -14.799  -39.020 0.4000000060
53942  -30.066  -14.575  -42.122 0.4000000060
55012  -30.907  -13.448  -43.041 0.4000000060
55023  -30.735  -13.795  -43.311 0.5000000000
56165  -31.670  -12.893  -44.048 0.3000000119
53930  -32.012  -14.114  -40.434 0.4000000060
54996  -31.137  -13.522  -42.174 0.4000000060
56156  -31.522  -12.892  -43.460 0.5000000000
56157  -32.111  -12.256  -43.798 0.4000000060
54997  -31.962  -13.161  -41.702 0.4000000060
57252  -34.335  -11.291  -45.034 0.4000000060
56148  -31.555  -12.936  -42.643 0.4000000060
57231  -32.950  -12.155  -41.888 0.4000000060
58453  -33.446  -10.767  -44.749 0.4000000060
57251  -33.401  -11.599  -44.684 0.4000000060
142775  -35.046  -10.601  -45.184 0.4000000060
134142  -36.160  -10.754  -44.935 0.4000000060
141946  -32.565  -11.886  -42.913 0.4000000060
57243  -32.628  -11.598  -43.784 0.3000000119
132511  -33.312  -10.521  -44.057 0.4000000060
57232  -33.308  -11.473  -42.068 0.4000000060
59618  -33.653  -9.992  -43.997 0.3000000119
58446  -33.648  -10.199  -44.506 0.4000000060
58454  -34.035  -10.303  -45.093 0.4000000060
58455  -35.704  -10.077  -45.344 0.4000000060
57238  -33.160  -11.069  -43.249 0.3000000119
59626  -34.028  -9.535  -44.527 0.4000000060
59632  -34.720  -9.804  -45.205 0.5000000000
58438  -33.631  -10.259  -43.265 0.4000000060
59619  -34.011  -9.626  -43.442 0.4000000060
26201  -25.026  -43.637  -31.373 0.6999999881
135285  -29.780  -42.046  -27.519 0.6999999881
24376  -23.879  -44.747  -24.030 0.6000000238
27894  -29.358  -41.513  -23.895 0.6999999881
155185  -29.838  -39.553  -28.461 0.8000000119
28834  -27.723  -40.055  -23.514 0.6000000238
29780  -28.805  -39.084  -23.720 0.6000000238
137093  -30.073  -36.807  -28.868 0.8000000119
27946  -21.579  -40.777  -27.372 0.4000000060
34289  -23.057  -34.735  -32.889 0.8000000119
32462  -28.902  -36.679  -23.493 0.6000000238
32505  -22.461  -36.226  -26.793 0.5000000000
34236  -30.462  -34.242  -28.619 0.8000000119
32450  -21.954  -36.733  -22.140 0.4000000060
33290  -23.904  -35.951  -22.800 0.5000000000
34169  -25.414  -34.577  -22.640 0.6000000238
35129  -29.491  -33.654  -22.931 0.6999999881
37740  -27.220  -30.142  -30.179 0.6999999881
35983  -31.106  -32.057  -23.936 0.6999999881
143726  -29.389  -30.134  -21.807 0.6999999881
42480  -27.142  -25.651  -33.844 0.8000000119
38550  -31.641  -28.988  -23.654 0.6999999881
41454  -31.657  -26.882  -29.905 0.6999999881
41461  -31.449  -26.631  -30.663 0.6999999881
41411  -32.233  -26.141  -24.672 0.6000000238
41455  -32.570  -26.524  -28.963 0.6999999881
42442  -32.704  -26.052  -29.601 0.6000000238
41401  -29.790  -26.215  -22.968 0.6000000238
43376  -32.788  -24.230  -26.032 0.5000000000
45414  -33.685  -22.598  -28.390 0.4000000060
46494  -32.353  -21.380  -35.420 0.6000000238
48603  -33.655  -19.201  -30.391 0.4000000060
156632  -29.293  -15.981  -42.431 0.5000000000
54985  -31.559  -13.784  -41.262 0.4000000060
25356  -25.601  -44.241  -33.080 0.5000000000
26234  -26.211  -43.506  -33.360 0.5000000000
24447  -25.402  -45.520  -30.966 0.6999999881
28031  -27.210  -41.141  -33.745 0.5000000000
23459  -25.270  -46.897  -22.863 0.5000000000
29888  -26.142  -39.585  -33.730 0.6999999881
27035  -29.008  -43.190  -28.008 0.6999999881
27985  -25.136  -41.829  -31.108 0.6999999881
145534  -26.004  -41.361  -30.730 0.6999999881
29854  -24.573  -39.313  -31.506 0.6999999881
28933  -25.350  -40.928  -31.107 0.6999999881
31684  -26.656  -37.283  -34.267 0.6999999881
151769  -28.318  -36.499  -34.138 0.5000000000
32586  -27.016  -36.528  -34.448 0.6000000238
141378  -28.115  -35.045  -34.083 0.5000000000
32577  -25.305  -36.653  -33.892 0.6999999881
26108  -26.693  -43.374  -23.067 0.6000000238
27947  -30.077  -41.352  -27.389 0.8000000119
28919  -28.749  -40.192  -29.561 0.6999999881
34294  -29.873  -35.117  -33.133 0.4000000060
28869  -30.407  -40.497  -25.813 0.8000000119
26991  -24.845  -42.142  -24.189 0.6000000238
26990  -24.176  -42.639  -24.487 0.6000000238
134683  -30.492  -39.018  -27.294 0.6999999881
26151  -22.105  -43.352  -26.167 0.5000000000
31628  -28.951  -37.817  -29.803 0.8000000119
35229  -28.440  -33.971  -33.760 0.5000000000
30702  -30.362  -38.504  -25.168 0.6999999881
27920  -24.067  -41.153  -25.061 0.6000000238
31610  -30.700  -37.621  -27.294 0.8000000119
139679  -27.497  -36.983  -30.570 0.8000000119
35242  -26.961  -33.451  -34.183 0.6999999881
36085  -28.545  -33.177  -33.632 0.6000000238
31567  -30.319  -37.763  -24.878 0.6999999881
29792  -24.975  -39.540  -24.690 0.6000000238
34270  -25.008  -34.309  -31.342 0.8999999762
34252  -23.085  -34.259  -31.899 0.8000000119
133817  -28.787  -32.465  -33.507 0.6000000238
144893  -31.227  -32.054  -33.037 0.4000000060
28893  -21.358  -39.966  -27.690 0.3000000119
27935  -22.777  -40.787  -26.315 0.5000000000
27023  -22.578  -41.712  -26.327 0.5000000000
27945  -21.071  -41.433  -27.651 0.4000000060
154299  -27.346  -35.567  -30.672 0.8999999762
145925  -23.207  -32.654  -33.105 0.8000000119
31554  -28.313  -37.306  -23.508 0.6000000238
144714  -27.016  -37.493  -23.674 0.6000000238
33315  -30.187  -36.181  -24.156 0.8000000119
28882  -22.598  -40.000  -26.684 0.4000000060
29818  -23.034  -39.138  -26.610 0.5000000000
29805  -23.675  -39.280  -26.012 0.5000000000
35184  -28.829  -33.494  -30.130 0.8000000119
36919  -27.840  -31.477  -33.810 0.6999999881
38649  -29.425  -29.808  -33.781 0.6000000238
38666  -31.286  -29.093  -33.932 0.4000000060
31609  -21.658  -36.509  -27.238 0.5000000000
30729  -22.716  -38.022  -27.047 0.5000000000
30718  -25.204  -37.834  -25.056 0.5000000000
32460  -27.291  -36.420  -23.502 0.6000000238
32485  -22.861  -35.817  -25.660 0.5000000000
156714  -23.773  -35.401  -25.666 0.6000000238
33310  -23.627  -35.308  -25.360 0.6000000238
133875  -22.440  -36.065  -26.390 0.5000000000
31564  -25.662  -37.065  -24.767 0.5000000000
156756  -22.882  -38.019  -22.795 0.6000000238
31598  -23.411  -36.183  -26.387 0.5000000000
33324  -24.669  -35.232  -25.342 0.6000000238
30731  -23.847  -37.183  -26.380 0.5000000000
32471  -25.338  -35.833  -25.085 0.5000000000
33287  -21.122  -36.007  -22.320 0.4000000060
36017  -31.387  -32.709  -27.327 0.6999999881
147582  -22.836  -32.048  -31.822 0.8999999762
152055  -24.546  -35.352  -22.971 0.5000000000
33312  -24.721  -34.953  -24.720 0.6000000238
33313  -25.247  -35.139  -24.760 0.6000000238
34179  -25.638  -34.919  -23.466 0.6000000238
35110  -23.389  -34.235  -21.703 0.4000000060
34167  -24.064  -34.942  -22.057 0.4000000060
35111  -24.806  -33.919  -21.850 0.5000000000
36007  -31.540  -32.836  -26.462 0.6999999881
35966  -24.275  -32.824  -21.586 0.5000000000
36886  -29.866  -31.873  -29.121 0.6999999881
36896  -22.758  -31.461  -31.959 0.8000000119
142252  -28.517  -28.326  -34.663 0.6999999881
35113  -27.246  -33.483  -22.163 0.6999999881
36856  -31.153  -31.845  -27.766 0.6999999881
36801  -22.345  -31.843  -22.164 0.4000000060
140938  -25.783  -28.397  -34.787 0.8000000119
35968  -27.597  -32.697  -21.844 0.6000000238
35967  -26.766  -32.788  -21.729 0.6000000238
148059  -25.659  -33.786  -22.013 0.6000000238
153343  -31.907  -29.994  -26.925 0.6999999881
37625  -24.185  -29.763  -21.690 0.3000000119
39609  -25.421  -27.790  -35.056 0.8000000119
40549  -27.069  -27.301  -35.478 0.6000000238
40535  -28.514  -27.710  -35.137 0.6000000238
40565  -27.474  -26.704  -35.969 0.6000000238
36785  -26.629  -31.300  -21.427 0.6000000238
36807  -28.733  -31.745  -21.860 0.6999999881
37644  -29.876  -30.882  -22.147 0.6999999881
36784  -25.874  -31.243  -21.398 0.5000000000
39473  -26.668  -29.229  -21.459 0.4000000060
37708  -30.343  -30.404  -28.472 0.6999999881
39567  -27.223  -28.862  -30.335 0.8000000119
38610  -29.816  -28.866  -28.991 0.6999999881
40534  -23.390  -27.303  -34.422 0.8000000119
40547  -24.949  -27.088  -35.411 0.8000000119
37660  -31.559  -30.624  -24.080 0.6999999881
39475  -28.178  -29.191  -21.566 0.5000000000
38569  -32.214  -29.231  -25.378 0.6999999881
39541  -30.534  -28.674  -28.742 0.6999999881
39526  -31.853  -28.599  -27.699 0.6999999881
40474  -31.237  -27.438  -29.504 0.6999999881
40504  -27.483  -27.789  -31.277 0.8000000119
40519  -27.779  -27.269  -32.051 0.8000000119
137589  -27.825  -26.983  -22.246 0.5000000000
38570  -32.323  -28.795  -26.030 0.6999999881
41386  -28.594  -26.888  -22.396 0.4000000060
138989  -26.207  -25.478  -23.742 0.3000000119
142490  -29.411  -24.828  -23.866 0.3000000119
43347  -29.391  -24.323  -24.380 0.3000000119
43365  -27.984  -24.162  -24.706 0.3000000119
44393  -28.915  -23.828  -24.871 0.3000000119
43482  -26.172  -24.252  -37.492 0.6999999881
42384  -30.451  -25.971  -23.358 0.6000000238
155751  -31.741  -26.076  -24.097 0.6000000238
42399  -30.281  -25.201  -23.731 0.4000000060
40447  -32.711  -27.214  -26.703 0.6999999881
42432  -33.097  -25.837  -28.845 0.6000000238
44471  -30.966  -24.007  -34.120 0.8000000119
44501  -29.353  -23.251  -35.441 0.8000000119
45464  -28.209  -22.568  -36.035 0.8000000119
44539  -27.288  -23.232  -38.408 0.6000000238
43495  -27.714  -24.025  -38.114 0.6000000238
42415  -32.634  -24.772  -25.591 0.5000000000
42422  -33.169  -25.719  -26.717 0.5000000000
45396  -28.606  -22.177  -27.170 0.3000000119
45378  -30.416  -22.439  -26.334 0.3000000119
44438  -33.427  -23.874  -27.476 0.5000000000
42466  -31.954  -25.042  -32.082 0.8000000119
158539  -33.676  -23.846  -30.744 0.6000000238
44484  -30.654  -23.629  -34.578 0.6999999881
45514  -26.827  -21.582  -39.089 0.6999999881
45379  -31.439  -22.457  -26.355 0.3000000119
46410  -30.056  -21.696  -27.259 0.3000000119
45380  -32.345  -22.740  -26.492 0.3000000119
47517  -30.480  -20.419  -28.559 0.3000000119
44460  -33.793  -23.478  -31.164 0.6000000238
46544  -25.889  -20.797  -38.535 0.6999999881
47636  -25.807  -20.828  -38.195 0.6999999881
45441  -34.208  -22.677  -31.257 0.6000000238
45442  -33.715  -22.535  -32.689 0.6999999881
46509  -30.993  -21.211  -36.368 0.6000000238
48664  -26.187  -19.658  -38.614 0.6999999881
144109  -29.336  -22.069  -39.309 0.5000000000
46433  -33.568  -21.691  -28.522 0.4000000060
49713  -27.292  -18.919  -38.539 0.6000000238
49728  -27.676  -18.309  -38.943 0.6000000238
47662  -29.510  -20.187  -40.406 0.6000000238
47541  -33.424  -20.292  -29.246 0.4000000060
48601  -31.435  -18.875  -30.041 0.4000000060
49647  -29.077  -18.742  -30.917 0.3000000119
49664  -27.837  -18.193  -31.717 0.3000000119
150055  -33.913  -20.506  -34.334 0.5000000000
48640  -32.989  -19.630  -35.981 0.5000000000
48653  -31.668  -19.688  -36.947 0.5000000000
49726  -26.405  -18.933  -39.131 0.5000000000
49665  -29.856  -17.974  -31.390 0.4000000060
143192  -29.824  -17.248  -31.791 0.4000000060
144702  -34.525  -19.360  -33.454 0.4000000060
48641  -33.654  -19.081  -35.587 0.4000000060
49716  -32.201  -18.251  -37.492 0.5000000000
150902  -28.448  -16.332  -40.714 0.6000000238
156457  -27.787  -13.593  -34.436 0.3000000119
56039  -29.618  -12.707  -34.521 0.4000000060
51820  -31.067  -16.199  -39.539 0.5000000000
149387  -31.958  -12.466  -43.065 0.4000000060
56149  -32.298  -12.540  -42.226 0.4000000060
149366  -33.791  -10.598  -42.156 0.4000000060
142770  -36.343  -8.968  -45.727 0.3000000119
20806  -28.882  -49.231  -28.029 0.5000000000
21707  -27.895  -48.655  -29.366 0.5000000000
20786  -29.352  -49.274  -25.022 0.4000000060
21694  -29.416  -48.868  -26.484 0.5000000000
20798  -29.369  -49.659  -26.732 0.5000000000
21701  -29.212  -49.070  -27.293 0.5000000000
137822  -28.453  -48.500  -28.483 0.6000000238
140025  -27.951  -47.785  -29.021 0.6000000238
21686  -29.451  -48.690  -25.578 0.5000000000
21681  -29.235  -48.514  -24.646 0.5000000000
135953  -29.400  -47.911  -26.253 0.5000000000
22598  -29.073  -47.434  -27.138 0.5000000000
22578  -28.896  -47.931  -23.963 0.5000000000
22607  -28.606  -47.010  -27.773 0.6000000238
23534  -28.166  -46.573  -28.344 0.6000000238
22618  -28.284  -47.339  -28.413 0.6000000238
22617  -27.761  -46.947  -28.940 0.6000000238
24437  -26.943  -45.850  -29.461 0.6000000238
23533  -27.575  -46.175  -28.878 0.6000000238
23547  -26.415  -46.266  -30.029 0.6000000238
24448  -25.835  -45.907  -30.533 0.6000000238
24436  -26.322  -45.550  -29.987 0.6000000238
22579  -29.245  -47.536  -24.696 0.5000000000
22599  -29.254  -46.962  -26.431 0.5000000000
23511  -28.952  -46.624  -27.164 0.6000000238
144350  -28.430  -47.478  -23.367 0.5000000000
23488  -29.262  -46.679  -24.913 0.5000000000
24424  -28.066  -45.804  -28.289 0.6000000238
22561  -27.752  -47.087  -22.807 0.5000000000
23472  -28.425  -46.585  -23.288 0.5000000000
24423  -27.488  -45.349  -28.918 0.6000000238
137541  -26.834  -45.247  -29.531 0.6000000238
25323  -25.306  -44.777  -30.946 0.6000000238
22589  -29.346  -47.239  -25.573 0.5000000000
139439  -28.882  -45.968  -27.206 0.5000000000
23487  -28.961  -46.905  -23.979 0.5000000000
24388  -29.317  -46.005  -25.186 0.5000000000
23499  -29.314  -46.439  -25.781 0.5000000000
23512  -29.174  -46.169  -26.578 0.5000000000
24411  -28.576  -45.386  -27.638 0.6000000238
24364  -27.910  -46.136  -22.824 0.5000000000
149003  -28.810  -46.128  -23.702 0.5000000000
139481  -28.091  -45.160  -28.313 0.6000000238
23461  -27.114  -46.382  -22.627 0.5000000000
24351  -27.343  -45.564  -22.674 0.5000000000
25302  -27.846  -44.629  -28.656 0.6000000238
25314  -27.120  -44.572  -29.373 0.6000000238
24435  -25.761  -45.177  -30.457 0.6000000238
25313  -26.354  -44.884  -29.958 0.6000000238
24377  -29.181  -45.959  -24.339 0.5000000000
153600  -29.349  -44.898  -26.424 0.5000000000
24401  -29.138  -45.430  -26.869 0.6000000238
24366  -28.908  -45.423  -23.747 0.5000000000
25290  -29.065  -44.499  -27.196 0.6000000238
23460  -26.195  -46.622  -22.636 0.5000000000
23471  -24.699  -46.236  -23.186 0.5000000000
154357  -26.495  -44.257  -29.962 0.6000000238
26203  -26.220  -43.699  -30.320 0.6000000238
25238  -29.082  -44.632  -23.852 0.5000000000
145094  -29.241  -45.191  -24.255 0.5000000000
25266  -29.508  -44.625  -25.603 0.5000000000
25277  -29.459  -44.304  -26.398 0.6000000238
24352  -28.003  -45.424  -22.884 0.5000000000
24350  -26.464  -45.745  -22.628 0.5000000000
25223  -26.781  -44.902  -22.684 0.6000000238
26111  -29.325  -43.849  -24.141 0.6000000238
26123  -29.644  -43.847  -24.967 0.5000000000
26140  -29.697  -43.762  -25.882 0.5000000000
27036  -29.586  -42.857  -27.265 0.6000000238
25236  -28.008  -44.059  -22.975 0.6000000238
26110  -28.708  -43.848  -23.480 0.6000000238
26152  -29.496  -43.675  -26.757 0.6000000238
25235  -26.253  -44.191  -22.888 0.5000000000
26094  -27.168  -44.094  -22.859 0.6000000238
24362  -24.234  -45.563  -23.591 0.4000000060
150833  -28.208  -43.522  -23.198 0.6000000238
147244  -29.177  -43.064  -23.789 0.6000000238
145484  -29.602  -43.106  -24.467 0.6000000238
27007  -29.854  -43.080  -25.290 0.5000000000
27024  -29.896  -42.966  -26.240 0.6000000238
27008  -30.135  -42.283  -25.535 0.6999999881
36920  -28.739  -31.633  -33.557 0.5000000000
41475  -31.216  -26.353  -31.456 0.6000000238
43485  -28.898  -24.905  -37.933 0.5000000000
59642  -35.347  -9.256  -45.512 0.4000000060
60807  -35.450  -8.493  -45.763 0.3000000119
60808  -36.369  -8.296  -46.032 0.3000000119
61927  -37.190  -6.982  -46.551 0.3000000119
19841  -29.256  -50.041  -24.991 0.4000000060
19862  -29.402  -50.198  -26.317 0.5000000000
20807  -29.165  -49.820  -27.500 0.5000000000
21714  -27.216  -47.969  -29.853 0.5000000000
20785  -28.930  -49.462  -24.286 0.4000000060
22629  -27.353  -47.273  -29.494 0.6000000238
22628  -26.613  -47.128  -30.135 0.5000000000
23559  -25.907  -46.695  -30.659 0.5000000000
20774  -28.499  -49.155  -23.677 0.4000000060
21670  -28.356  -48.431  -23.410 0.5000000000
22547  -27.083  -47.941  -22.718 0.5000000000
145511  -27.935  -47.914  -22.950 0.5000000000
138584  -26.837  -47.129  -22.652 0.3000000119
22577  -23.880  -47.286  -24.013 0.4000000060
150594  -29.998  -32.552  -33.126 0.4000000060
36922  -30.431  -31.843  -33.187 0.4000000060
146063  -29.719  -31.292  -33.406 0.4000000060
41387  -29.582  -26.854  -22.581 0.5000000000
42383  -29.532  -25.540  -23.369 0.4000000060
42526  -28.600  -25.337  -37.536 0.5000000000
43497  -29.604  -24.649  -38.235 0.5000000000
44442  -33.655  -23.517  -28.291 0.4000000060
61917  -35.497  -7.836  -46.059 0.3000000119
63993  -36.292  -6.305  -47.200 0.3000000119
25303  -28.427  -44.628  -28.023 0.6000000238
147454  -24.548  -44.816  -23.515 0.5000000000
24349  -25.540  -45.976  -22.761 0.5000000000
25222  -25.859  -45.065  -22.777 0.6000000238
41548  -29.182  -25.869  -37.282 0.5000000000
20792  -29.452  -49.611  -25.821 0.4000000060
21693  -29.179  -48.281  -27.158 0.5000000000
145213  -28.673  -47.865  -27.872 0.6000000238
147577  -29.409  -47.971  -25.336 0.5000000000
21680  -28.812  -48.702  -23.966 0.5000000000
24402  -29.355  -45.569  -25.929 0.5000000000
143360  -29.371  -45.331  -24.969 0.5000000000
24365  -28.420  -45.758  -23.283 0.5000000000
25237  -28.423  -44.852  -23.270 0.5000000000
60799  -34.692  -8.600  -45.324 0.4000000060
20773  -28.033  -49.216  -23.221 0.4000000060
21724  -26.368  -47.882  -30.528 0.4000000060
22637  -25.933  -47.370  -30.766 0.4000000060
21669  -27.663  -48.595  -22.942 0.4000000060
32503  -21.137  -36.571  -27.262 0.4000000060
138122  -21.585  -37.027  -27.518 0.3000000119
30741  -21.949  -37.870  -27.491 0.4000000060
28894  -21.943  -39.941  -27.206 0.4000000060
31579  -20.800  -36.915  -26.460 0.4000000060
32504  -21.822  -36.302  -26.845 0.4000000060
28831  -21.725  -40.414  -23.166 0.4000000060
144417  -22.079  -38.966  -24.249 0.4000000060
30715  -21.188  -37.516  -25.664 0.4000000060
31581  -22.436  -36.399  -25.480 0.4000000060
28792  -20.097  -41.188  -21.675 0.3000000119
28815  -21.449  -40.615  -22.626 0.3000000119
29760  -20.129  -39.357  -22.003 0.4000000060
30699  -22.629  -38.288  -24.002 0.4000000060
29761  -20.730  -39.940  -21.892 0.4000000060
29775  -21.823  -39.853  -22.883 0.5000000000
145205  -21.036  -39.283  -22.065 0.4000000060
30672  -21.469  -38.639  -22.246 0.4000000060
30674  -22.472  -38.585  -22.763 0.5000000000
31540  -20.971  -37.742  -22.210 0.4000000060
44427  -32.604  -23.540  -26.226 0.3000000119
45381  -33.077  -23.238  -26.873 0.3000000119
45401  -33.392  -22.934  -27.627 0.3000000119
51809  -30.697  -16.874  -39.228 0.4000000060
47519  -32.542  -20.409  -28.556 0.3000000119
50745  -31.250  -17.361  -38.625 0.4000000060
51810  -31.591  -16.651  -38.898 0.4000000060
48581  -31.671  -19.409  -29.399 0.3000000119
48600  -30.429  -18.807  -30.387 0.3000000119
49649  -30.402  -18.244  -30.996 0.3000000119
50730  -32.498  -17.539  -37.661 0.4000000060
53914  -31.700  -14.797  -40.115 0.4000000060
48602  -32.437  -19.050  -29.820 0.3000000119
49652  -33.657  -18.613  -30.849 0.3000000119
49650  -31.299  -18.217  -30.733 0.3000000119
135977  -32.088  -18.514  -30.308 0.3000000119
49651  -32.959  -18.580  -30.376 0.3000000119
50676  -33.571  -17.566  -31.574 0.3000000119
136988  -34.497  -18.897  -31.991 0.3000000119
138286  -31.763  -17.487  -31.224 0.3000000119
50675  -32.735  -17.436  -31.263 0.3000000119
136736  -34.377  -18.227  -32.215 0.3000000119
49679  -34.568  -18.580  -32.887 0.3000000119
48629  -34.340  -19.216  -34.340 0.3000000119
51730  -30.542  -16.911  -31.815 0.3000000119
48628  -33.964  -19.925  -34.655 0.3000000119
51746  -30.098  -16.591  -32.100 0.3000000119
134734  -29.922  -15.908  -32.509 0.3000000119
49685  -34.255  -18.624  -35.005 0.3000000119
52754  -29.192  -15.440  -32.906 0.3000000119
53834  -29.175  -14.664  -33.378 0.3000000119
49694  -33.825  -18.151  -35.827 0.3000000119
50720  -33.723  -17.477  -36.367 0.3000000119
51798  -33.536  -16.347  -37.333 0.3000000119
56037  -27.871  -13.032  -34.781 0.3000000119
50731  -33.262  -17.281  -37.103 0.3000000119
51797  -32.837  -16.774  -37.841 0.3000000119
57135  -28.476  -11.546  -35.657 0.3000000119
52837  -32.214  -15.193  -39.459 0.3000000119
149926  -34.122  -17.750  -32.003 0.3000000119
51732  -32.248  -16.841  -31.621 0.3000000119
51733  -33.148  -16.898  -31.763 0.3000000119
50690  -34.368  -17.623  -32.694 0.3000000119
49682  -34.518  -18.585  -33.820 0.3000000119
156032  -34.426  -18.600  -34.394 0.3000000119
51747  -30.830  -16.220  -32.130 0.3000000119
51731  -31.308  -16.883  -31.689 0.3000000119
51748  -32.707  -16.239  -32.040 0.3000000119
51749  -33.550  -16.405  -32.330 0.3000000119
151502  -34.434  -17.116  -33.309 0.3000000119
50697  -34.535  -17.133  -33.997 0.3000000119
141219  -34.498  -17.969  -34.393 0.3000000119
49695  -34.338  -17.833  -35.178 0.3000000119
52755  -30.769  -15.404  -32.567 0.3000000119
53823  -31.618  -14.987  -32.691 0.3000000119
52757  -33.156  -15.653  -32.513 0.3000000119
53833  -28.410  -14.388  -33.740 0.3000000119
53822  -30.026  -14.932  -32.953 0.3000000119
142756  -30.832  -14.776  -32.889 0.3000000119
51788  -33.936  -16.713  -36.541 0.3000000119
54907  -29.809  -13.426  -33.969 0.3000000119
56060  -29.123  -12.294  -34.989 0.3000000119
57136  -29.073  -11.726  -35.397 0.3000000119
134759  -29.634  -11.289  -35.496 0.3000000119
52815  -33.137  -15.967  -38.092 0.3000000119
58337  -29.005  -11.001  -35.855 0.3000000119
52826  -32.678  -15.575  -38.777 0.3000000119
53915  -32.463  -14.448  -39.705 0.3000000119
54975  -32.725  -13.745  -39.979 0.3000000119
57221  -32.823  -12.742  -41.162 0.3000000119
54986  -32.362  -13.462  -40.793 0.3000000119
51750  -34.189  -16.735  -32.814 0.3000000119
52759  -33.942  -15.908  -32.926 0.3000000119
51761  -34.376  -16.328  -33.598 0.3000000119
51769  -34.518  -16.455  -34.463 0.3000000119
53836  -31.269  -14.281  -33.133 0.3000000119
156611  -32.970  -14.452  -33.128 0.3000000119
52758  -33.587  -15.043  -33.122 0.3000000119
52768  -34.186  -15.507  -33.526 0.3000000119
50701  -34.495  -17.193  -34.827 0.3000000119
54895  -29.887  -14.153  -33.493 0.3000000119
54896  -30.719  -13.640  -33.568 0.3000000119
54897  -31.791  -13.658  -33.464 0.3000000119
51789  -34.407  -16.111  -35.799 0.3000000119
53880  -34.182  -14.898  -36.940 0.3000000119
52806  -34.099  -15.793  -36.738 0.3000000119
157043  -30.321  -12.296  -34.550 0.3000000119
57125  -30.713  -11.720  -34.759 0.3000000119
52816  -33.695  -15.460  -37.524 0.3000000119
57137  -30.358  -11.186  -35.292 0.3000000119
52827  -33.312  -15.133  -38.291 0.3000000119
58338  -29.931  -10.588  -35.853 0.3000000119
58339  -30.880  -10.514  -35.551 0.3000000119
53905  -33.449  -14.321  -38.485 0.3000000119
53916  -33.098  -14.018  -39.228 0.3000000119
54976  -33.371  -13.233  -39.521 0.3000000119
54987  -32.992  -13.182  -40.333 0.3000000119
52778  -34.426  -15.556  -34.295 0.3000000119
56028  -32.492  -13.034  -33.892 0.3000000119
54899  -33.398  -13.503  -33.917 0.3000000119
53849  -34.006  -14.032  -34.209 0.3000000119
151933  -34.523  -15.995  -34.972 0.3000000119
51781  -34.481  -16.586  -35.161 0.3000000119
54909  -34.220  -13.757  -34.994 0.3000000119
53850  -34.343  -14.644  -34.642 0.3000000119
133279  -31.063  -12.326  -34.370 0.3000000119
56041  -31.938  -12.392  -34.287 0.3000000119
59522  -31.426  -9.903  -35.849 0.3000000119
54950  -33.930  -13.803  -37.938 0.3000000119
53892  -33.803  -14.605  -37.717 0.3000000119
59521  -30.601  -9.941  -36.061 0.3000000119
54964  -34.049  -13.053  -38.190 0.3000000119
54963  -33.604  -13.563  -38.697 0.3000000119
56129  -33.837  -12.505  -39.375 0.3000000119
56139  -33.451  -12.592  -40.224 0.3000000119
57222  -33.482  -11.928  -41.001 0.3000000119
56043  -33.331  -12.800  -34.383 0.3000000119
53866  -34.439  -14.481  -35.475 0.3000000119
57126  -31.582  -11.744  -34.634 0.3000000119
57128  -33.128  -12.177  -34.700 0.3000000119
155875  -33.537  -12.468  -34.795 0.3000000119
52807  -34.416  -15.152  -36.095 0.3000000119
57139  -32.161  -11.179  -34.949 0.3000000119
58341  -32.846  -10.634  -35.453 0.3000000119
54951  -34.276  -13.206  -37.349 0.3000000119
60710  -30.654  -8.157  -37.330 0.3000000119
58340  -31.819  -10.494  -35.383 0.3000000119
59523  -32.323  -9.891  -35.831 0.3000000119
59532  -30.464  -9.370  -36.536 0.3000000119
60694  -31.160  -8.761  -36.707 0.3000000119
59533  -31.828  -9.296  -36.251 0.3000000119
59534  -32.715  -9.295  -36.350 0.3000000119
153549  -33.817  -12.965  -38.874 0.3000000119
57207  -33.989  -11.836  -39.978 0.3000000119
58420  -33.866  -11.156  -41.191 0.3000000119
143180  -34.315  -13.166  -35.595 0.3000000119
54923  -34.399  -13.399  -36.407 0.3000000119
56061  -33.720  -12.070  -35.190 0.3000000119
157580  -34.166  -12.538  -35.563 0.3000000119
56079  -34.377  -12.715  -36.064 0.3000000119
141139  -33.654  -11.252  -35.557 0.3000000119
57155  -34.078  -11.090  -36.128 0.3000000119
157346  -34.421  -11.921  -36.933 0.3000000119
59524  -33.158  -9.948  -36.049 0.3000000119
56097  -34.331  -12.322  -37.657 0.3000000119
60695  -32.218  -8.590  -36.678 0.3000000119
59535  -33.527  -9.442  -36.595 0.3000000119
58354  -33.651  -10.555  -35.962 0.3000000119
56115  -34.135  -12.396  -38.583 0.3000000119
56130  -34.155  -11.917  -39.098 0.3000000119
57223  -34.203  -10.934  -40.223 0.3000000119
155492  -33.909  -11.476  -40.592 0.3000000119
58439  -34.105  -9.841  -42.518 0.3000000119
58430  -34.234  -9.955  -41.699 0.3000000119
134364  -34.314  -11.274  -36.711 0.3000000119
145083  -30.949  -7.557  -37.681 0.3000000119
58355  -34.116  -10.575  -36.545 0.3000000119
58375  -34.368  -10.715  -37.223 0.3000000119
57177  -34.431  -11.465  -37.456 0.3000000119
60711  -31.662  -7.872  -37.235 0.3000000119
60712  -32.724  -7.985  -37.238 0.3000000119
60696  -33.150  -8.706  -36.844 0.3000000119
59536  -34.177  -9.865  -37.036 0.3000000119
136021  -34.477  -10.712  -38.531 0.3000000119
57208  -34.312  -11.238  -39.253 0.3000000119
59596  -34.457  -9.982  -40.156 0.3000000119
58406  -34.469  -10.386  -39.340 0.3000000119
152198  -34.456  -9.555  -40.958 0.3000000119
58421  -34.204  -10.378  -41.061 0.3000000119
59608  -34.460  -9.311  -41.822 0.3000000119
61812  -31.544  -7.117  -37.848 0.3000000119
62874  -32.778  -6.845  -38.032 0.3000000119
60713  -33.558  -8.251  -37.467 0.3000000119
142061  -34.095  -8.569  -37.756 0.3000000119
59555  -34.354  -9.293  -37.878 0.3000000119
143119  -34.538  -9.873  -38.567 0.3000000119
61830  -33.765  -7.318  -38.400 0.3000000119
155359  -34.509  -9.164  -38.639 0.3000000119
61860  -34.753  -7.656  -40.577 0.3000000119
60745  -34.635  -9.086  -40.081 0.3000000119
59584  -34.566  -9.525  -39.318 0.3000000119
60758  -34.678  -8.609  -40.984 0.3000000119
147574  -34.400  -9.191  -42.728 0.3000000119
60770  -34.673  -8.600  -42.086 0.3000000119
60791  -34.508  -8.796  -44.509 0.3000000119
134652  -34.387  -9.016  -43.624 0.3000000119
151709  -34.460  -9.171  -45.202 0.3000000119
143672  -32.157  -6.628  -38.112 0.3000000119
62891  -32.678  -6.362  -38.354 0.3000000119
61814  -33.252  -7.437  -37.855 0.3000000119
62892  -33.873  -6.943  -38.831 0.3000000119
61831  -34.290  -7.695  -38.962 0.3000000119
154531  -34.498  -7.426  -39.814 0.3000000119
60731  -34.556  -8.679  -39.191 0.3000000119
60782  -34.647  -8.636  -42.928 0.3000000119
60792  -34.834  -8.119  -44.555 0.3000000119
62875  -33.299  -6.702  -38.435 0.3000000119
23557  -25.249  -45.951  -31.473 0.4000000060
28814  -20.879  -40.790  -21.934 0.3000000119
31562  -22.499  -37.238  -24.736 0.4000000060
32484  -22.060  -36.182  -26.268 0.4000000060
29791  -21.946  -39.808  -23.627 0.4000000060
154005  -21.777  -37.358  -22.207 0.4000000060
30673  -22.050  -38.775  -22.441 0.4000000060
49667  -34.040  -18.278  -31.493 0.3000000119
50729  -31.768  -17.842  -38.070 0.4000000060
54894  -29.118  -13.912  -33.844 0.3000000119
56058  -27.436  -12.420  -35.352 0.3000000119
57134  -27.770  -11.703  -35.748 0.3000000119
139264  -34.522  -17.823  -33.503 0.3000000119
27889  -21.534  -41.035  -23.173 0.4000000060
154885  -21.431  -41.114  -23.730 0.4000000060
29790  -21.488  -39.598  -24.518 0.4000000060
30698  -21.913  -37.890  -24.907 0.4000000060
28813  -19.764  -40.279  -21.772 0.3000000119
29762  -21.440  -39.875  -22.261 0.4000000060
50665  -32.347  -17.999  -30.756 0.3000000119
158387  -31.442  -15.681  -32.336 0.3000000119
52756  -32.233  -15.605  -32.347 0.3000000119
50711  -34.257  -17.166  -35.703 0.3000000119
53835  -30.539  -14.360  -33.218 0.3000000119
53824  -32.653  -14.964  -32.726 0.3000000119
58352  -29.204  -10.274  -36.313 0.3000000119
58351  -28.577  -10.556  -36.311 0.3000000119
53838  -34.158  -14.802  -33.842 0.3000000119
54898  -32.747  -13.843  -33.457 0.3000000119
53837  -33.535  -14.257  -33.579 0.3000000119
56027  -31.401  -12.958  -33.909 0.3000000119
53893  -34.219  -14.037  -37.118 0.3000000119
53881  -34.384  -14.296  -36.296 0.3000000119
57138  -31.242  -11.104  -35.040 0.3000000119
54908  -33.828  -13.370  -34.463 0.3000000119
52793  -34.503  -15.310  -35.196 0.3000000119
56044  -33.944  -12.853  -34.953 0.3000000119
57127  -32.419  -11.891  -34.636 0.3000000119
153695  -29.853  -9.341  -36.766 0.3000000119
57140  -33.008  -11.489  -35.005 0.3000000119
134010  -34.408  -12.586  -36.749 0.3000000119
58391  -34.482  -10.942  -37.870 0.3000000119
59554  -33.908  -8.974  -37.188 0.3000000119
60714  -34.329  -8.534  -38.383 0.3000000119
61897  -34.789  -8.375  -43.646 0.3000000119
141339  -34.572  -6.838  -40.267 0.3000000119
27870  -21.126  -41.561  -22.546 0.4000000060
35231  -30.082  -33.331  -32.977 0.4000000060
23509  -20.631  -46.544  -26.977 0.3000000119
22597  -21.195  -47.582  -26.514 0.3000000119
23521  -20.127  -46.465  -27.961 0.3000000119
22586  -21.843  -47.177  -25.738 0.3000000119
30670  -19.259  -38.573  -22.357 0.3000000119
30671  -20.464  -38.571  -22.181 0.3000000119
31539  -19.709  -37.752  -22.429 0.3000000119
29802  -19.817  -38.740  -26.004 0.3000000119
28850  -20.950  -40.217  -24.809 0.3000000119
29804  -21.333  -38.535  -25.112 0.3000000119
28851  -21.584  -40.532  -23.916 0.3000000119
31594  -20.538  -36.731  -27.156 0.3000000119
30714  -20.413  -37.858  -25.988 0.3000000119
27906  -20.594  -41.627  -24.512 0.3000000119
29803  -20.702  -39.159  -25.320 0.3000000119
35221  -30.675  -34.053  -32.760 0.3000000119
19840  -28.768  -50.558  -24.326 0.4000000060
23522  -28.511  -46.225  -27.712 0.6000000238
23548  -27.116  -46.586  -29.493 0.6000000238
23558  -25.483  -46.338  -31.082 0.4000000060
24387  -21.409  -45.637  -26.101 0.5000000000
24399  -20.372  -45.645  -27.470 0.3000000119
25224  -27.634  -44.806  -22.810 0.5000000000
25246  -23.458  -44.107  -24.571 0.6000000238
25248  -29.408  -44.586  -24.607 0.5000000000
25324  -25.767  -44.396  -30.497 0.6000000238
26121  -23.766  -43.380  -24.507 0.6000000238
26122  -24.334  -43.384  -24.048 0.6000000238
26232  -24.712  -43.277  -32.423 0.6999999881
26989  -23.566  -42.834  -24.883 0.6000000238
27083  -24.215  -42.113  -31.944 0.6999999881
27983  -24.160  -40.774  -31.727 0.6999999881
27986  -25.863  -42.209  -30.701 0.6999999881
28866  -20.123  -39.831  -25.519 0.3000000119
28895  -29.973  -40.089  -28.141 0.8000000119
28932  -24.731  -40.514  -31.384 0.6999999881
28950  -23.870  -40.158  -32.284 0.6999999881
28960  -23.999  -40.154  -32.692 0.6999999881
28974  -27.592  -40.414  -33.915 0.5000000000
29763  -21.985  -39.222  -22.643 0.5000000000
29776  -22.355  -39.049  -23.249 0.4000000060
29795  -30.109  -39.173  -24.823 0.8000000119
29885  -23.889  -39.473  -32.996 0.6999999881
29886  -24.327  -39.561  -33.250 0.6999999881
29887  -25.136  -39.610  -33.521 0.6999999881
30765  -29.734  -38.379  -28.994 0.8000000119
30776  -24.199  -38.665  -31.677 0.6999999881
30779  -26.733  -38.576  -30.797 0.6999999881
30780  -27.587  -38.481  -30.486 0.6999999881
30795  -23.498  -38.659  -32.461 0.6999999881
30818  -25.440  -37.945  -33.773 0.6999999881
31580  -21.667  -36.756  -25.804 0.4000000060
31582  -24.233  -36.361  -26.013 0.5000000000
31595  -21.312  -36.447  -26.733 0.4000000060
31608  -21.087  -36.889  -27.625 0.3000000119
31619  -30.509  -37.191  -28.162 0.8000000119
31641  -24.392  -37.429  -31.482 0.8000000119
31651  -23.373  -37.887  -32.233 0.6999999881
31656  -22.960  -37.114  -32.294 0.8000000119
31670  -22.984  -37.102  -32.616 0.8000000119
31671  -23.313  -37.375  -33.104 0.6999999881
31686  -28.242  -37.317  -34.227 0.5000000000
32470  -23.783  -35.356  -24.511 0.6000000238
32541  -22.939  -36.054  -31.883 0.8000000119
32552  -22.793  -36.431  -32.029 0.8000000119
32579  -29.469  -36.453  -33.443 0.5000000000
33323  -24.137  -35.130  -25.356 0.6000000238
33379  -24.217  -35.344  -31.476 0.8000000119
33380  -25.593  -35.380  -31.253 0.8000000119
33381  -26.912  -35.078  -30.855 0.8999999762
33389  -22.789  -35.736  -32.139 0.8000000119
33390  -24.995  -35.076  -31.333 0.8999999762
34192  -30.359  -34.887  -24.035 0.8000000119
34254  -26.391  -34.557  -31.058 0.8999999762
34280  -22.871  -34.862  -32.500 0.8000000119
34281  -30.408  -34.694  -32.868 0.4000000060
34282  -31.153  -34.704  -32.676 0.4000000060
34290  -23.179  -34.305  -33.057 0.8000000119
34292  -28.493  -34.670  -33.822 0.5000000000
35197  -22.851  -33.550  -32.017 0.8000000119
35198  -23.186  -33.613  -31.761 1.0000000000
35214  -22.853  -34.009  -32.319 0.8000000119
35215  -25.816  -34.016  -31.212 0.8999999762
35228  -23.364  -33.505  -33.228 0.8000000119
35230  -29.152  -33.663  -33.386 0.5000000000
36031  -30.653  -32.997  -28.443 0.8000000119
36058  -23.034  -32.703  -31.738 0.8999999762
36070  -22.717  -32.189  -32.172 1.0000000000
36076  -22.803  -32.426  -32.390 0.8999999762
36087  -30.743  -32.607  -32.920 0.4000000060
36096  -25.695  -32.825  -34.093 0.6999999881
36899  -24.975  -31.392  -31.045 0.8000000119
36912  -22.826  -31.668  -32.358 1.0000000000
36916  -23.022  -30.871  -32.938 0.8000000119
36917  -23.119  -31.199  -33.075 0.8999999762
36918  -23.747  -31.352  -33.551 0.8999999762
37737  -23.733  -30.711  -31.467 0.8000000119
37741  -27.722  -30.798  -30.160 0.6999999881
37748  -22.903  -31.017  -31.931 0.8000000119
38537  -28.710  -29.811  -21.598 0.5000000000
38622  -22.981  -30.050  -32.047 0.8000000119
38634  -24.922  -29.498  -31.117 0.8000000119
38646  -22.692  -28.937  -33.043 0.8000000119
38651  -31.501  -29.775  -33.652 0.4000000060
38662  -27.064  -29.272  -34.405 0.6999999881
39553  -30.055  -28.317  -29.310 0.6999999881
39589  -22.795  -28.468  -33.107 0.8000000119
39598  -26.394  -28.817  -34.636 0.8000000119
40499  -22.702  -28.815  -32.773 0.8000000119
40501  -23.425  -28.041  -32.430 0.8000000119
40505  -28.286  -27.476  -31.445 0.6999999881
40515  -22.767  -28.430  -32.983 0.8000000119
40532  -23.020  -27.599  -33.806 0.8000000119
40536  -29.306  -27.881  -34.904 0.6999999881
41490  -29.713  -26.391  -32.396 0.8000000119
41498  -23.240  -26.563  -34.122 0.8000000119
41502  -27.678  -26.229  -33.289 0.8000000119
41519  -23.640  -25.814  -35.103 0.8000000119
41520  -23.946  -26.029  -35.357 0.8000000119
41522  -25.600  -26.601  -35.840 0.8000000119
41536  -27.781  -26.264  -36.506 0.6000000238
42410  -32.422  -25.457  -25.123 0.6000000238
42448  -32.041  -25.981  -31.022 0.6999999881
42463  -23.536  -26.180  -33.895 0.8000000119
42489  -23.607  -25.628  -34.942 0.8000000119
42527  -29.447  -25.335  -37.799 0.5000000000
43348  -30.936  -24.889  -24.148 0.4000000060
43434  -30.580  -24.471  -33.816 0.8000000119
43468  -24.402  -24.371  -36.339 0.8000000119
43481  -25.257  -23.962  -37.244 0.6999999881
44426  -31.865  -23.093  -25.925 0.3000000119
44480  -25.323  -23.349  -35.600 0.8000000119
44481  -25.959  -23.816  -35.199 0.8000000119
44486  -32.059  -23.105  -34.122 0.6999999881
44497  -24.676  -23.320  -36.350 0.8000000119
44527  -26.731  -23.715  -37.943 0.6000000238
44537  -25.615  -22.210  -38.004 0.6999999881
44540  -28.264  -23.492  -38.478 0.6000000238
45461  -24.938  -22.828  -36.493 0.8000000119
45462  -25.289  -22.742  -36.186 0.8000000119
45476  -25.046  -22.617  -37.092 0.6999999881
45515  -27.783  -22.116  -39.029 0.6999999881
46479  -34.346  -21.055  -32.971 0.5000000000
46502  -25.102  -22.449  -36.910 0.6999999881
46503  -25.481  -21.922  -37.108 0.6999999881
46505  -27.006  -21.465  -36.845 0.8000000119
46570  -29.341  -20.867  -39.933 0.6000000238
47563  -27.485  -20.042  -30.268 0.3000000119
47637  -25.994  -20.188  -38.622 0.6999999881
47647  -26.552  -20.010  -39.611 0.6999999881
48665  -26.853  -19.640  -38.212 0.6999999881
48680  -29.515  -18.856  -38.252 0.6000000238
48690  -26.557  -18.847  -39.916 0.6000000238
48692  -28.269  -18.809  -40.919 0.5000000000
49712  -26.566  -19.055  -38.739 0.5000000000
49717  -32.771  -17.938  -37.151 0.3000000119
49743  -27.428  -18.239  -40.612 0.5000000000
50666  -33.264  -18.029  -30.981 0.3000000119
50688  -28.966  -17.290  -32.047 0.3000000119
50689  -33.894  -17.139  -32.160 0.3000000119
50741  -27.206  -17.939  -39.555 0.6000000238
50746  -32.073  -17.098  -38.276 0.4000000060
50769  -28.392  -16.789  -41.830 0.5000000000
51829  -28.267  -16.403  -41.699 0.5000000000
52850  -30.855  -15.106  -40.521 0.5000000000
52857  -28.526  -15.961  -41.826 0.5000000000
52876  -30.309  -14.950  -43.180 0.4000000060
53943  -30.738  -14.130  -41.731 0.5000000000
54995  -30.461  -13.974  -42.549 0.4000000060
55011  -30.416  -13.963  -43.025 0.5000000000
55024  -31.190  -13.383  -43.622 0.5000000000
55031  -31.565  -13.536  -44.037 0.4000000060
56042  -32.675  -12.446  -34.361 0.3000000119
57156  -34.266  -11.913  -36.072 0.3000000119
57191  -34.355  -11.576  -38.347 0.3000000119
57244  -32.948  -11.152  -44.249 0.4000000060
61813  -32.372  -7.271  -37.658 0.3000000119
61815  -33.959  -7.926  -38.076 0.3000000119
61846  -34.656  -8.170  -39.907 0.3000000119
62908  -34.186  -6.843  -39.453 0.3000000119
62985  -36.304  -6.868  -46.807 0.3000000119
131816  -29.134  -13.325  -34.297 0.4000000060
131929  -34.470  -10.222  -37.825 0.3000000119
132990  -33.641  -24.101  -30.322 0.6000000238
133434  -26.167  -35.133  -34.224 0.6999999881
133656  -27.262  -13.549  -34.555 0.3000000119
133684  -27.009  -30.777  -30.347 0.8000000119
134701  -31.270  -24.371  -33.490 0.6999999881
134768  -25.785  -28.750  -31.047 0.8000000119
134848  -25.304  -44.956  -32.761 0.5000000000
136327  -23.047  -31.636  -21.802 0.3000000119
137263  -28.986  -25.655  -33.456 0.8000000119
137759  -26.646  -33.913  -34.292 0.6999999881
137804  -24.675  -38.263  -33.563 0.6999999881
138182  -25.461  -39.999  -24.215 0.6000000238
138325  -25.569  -29.029  -34.551 0.8000000119
138694  -24.330  -29.840  -34.007 0.8999999762
139699  -34.015  -19.358  -35.013 0.3000000119
139877  -28.898  -48.584  -27.775 0.5000000000
140077  -27.598  -35.052  -34.261 0.5000000000
140454  -24.452  -27.145  -32.652 0.8000000119
141135  -22.687  -32.017  -31.922 0.8000000119
141817  -33.948  -23.499  -30.398 0.6000000238
142226  -31.793  -16.223  -31.990 0.3000000119
142271  -21.633  -39.181  -22.309 0.4000000060
142510  -22.933  -34.119  -32.527 0.8000000119
142666  -32.176  -14.342  -33.065 0.3000000119
142926  -22.653  -31.191  -22.050 0.3000000119
143539  -26.205  -42.079  -23.536 0.6000000238
143695  -26.969  -24.051  -35.109 0.8000000119
144040  -25.347  -39.275  -31.271 0.6999999881
144897  -33.615  -22.164  -33.283 0.6999999881
145186  -26.194  -41.177  -33.605 0.6999999881
145475  -21.114  -41.056  -24.313 0.3000000119
146110  -23.802  -32.801  -33.539 0.8000000119
146188  -27.202  -20.430  -39.781 0.6999999881
146218  -24.872  -39.844  -31.366 0.6999999881
146410  -23.182  -36.002  -33.111 0.8000000119
147427  -33.752  -10.059  -36.407 0.3000000119
147432  -31.090  -9.448  -36.268 0.3000000119
148118  -27.648  -17.344  -40.040 0.5000000000
149415  -25.278  -35.153  -33.969 0.8000000119
149803  -26.515  -33.890  -30.976 0.8000000119
149854  -22.887  -30.999  -32.352 0.8999999762
150866  -22.797  -28.925  -32.457 0.8000000119
151374  -26.219  -35.257  -31.109 0.8000000119
151477  -27.048  -26.338  -36.292 0.6999999881
152998  -22.717  -31.738  -31.918 0.8000000119
154434  -34.391  -13.810  -35.733 0.3000000119
154976  -29.792  -26.061  -37.307 0.6000000238
154995  -31.499  -32.910  -25.864 0.6999999881
155614  -22.709  -35.538  -21.828 0.4000000060
155619  -22.534  -46.921  -25.163 0.4000000060
155882  -22.839  -29.896  -32.546 0.8000000119
155900  -28.350  -47.876  -28.445 0.6000000238
156254  -24.550  -43.217  -32.096 0.6999999881
156418  -30.206  -22.038  -26.815 0.3000000119
156527  -29.979  -40.287  -24.729 0.8000000119
156720  -22.806  -36.146  -32.637 0.8000000119
157023  -30.846  -35.997  -27.681 0.8000000119
158426  -25.519  -29.187  -21.527 0.4000000060
158549  -25.091  -31.959  -31.099 0.8000000119
