#!ascii label  , from subject freesurfer vox2ras=TkReg
421
65902  -26.631  -3.015  -44.888 0.0000000000
69095  -23.564  0.093  -49.126 0.0000000000
85570  -21.804  13.003  -52.105 0.0000000000
80199  -23.471  9.767  -52.650 0.0000000000
76819  -25.750  6.504  -50.216 0.0000000000
72515  -27.793  3.090  -46.615 0.0000000000
86495  -21.221  14.287  -51.661 0.0000000000
79028  -24.879  8.129  -52.064 0.0000000000
74682  -23.071  4.892  -51.458 0.0000000000
68006  -25.399  -1.737  -47.186 0.0000000000
131749  -25.617  1.109  -48.600 0.0000000000
69039  -27.222  -0.615  -45.700 0.0000000000
139898  -24.836  -8.881  -42.673 0.0000000000
64957  -24.052  -4.295  -46.156 0.0000000000
91824  -22.909  20.263  -53.439 0.0000000000
137136  -23.066  18.534  -53.961 0.0000000000
87488  -23.844  16.713  -54.113 0.0000000000
86521  -24.709  15.618  -54.382 0.0000000000
84531  -25.058  14.136  -54.085 0.0000000000
83467  -22.313  11.157  -52.600 0.0000000000
152986  -25.744  13.127  -53.306 0.0000000000
82445  -26.360  11.650  -51.444 0.0000000000
81282  -26.609  10.058  -49.794 0.0000000000
135581  -27.393  7.675  -48.223 0.0000000000
153475  -25.110  3.111  -50.324 0.0000000000
156138  -26.785  4.846  -48.398 0.0000000000
75769  -22.157  5.983  -51.655 0.0000000000
74670  -21.418  4.798  -50.566 0.0000000000
66960  -25.962  -2.028  -46.425 0.0000000000
152003  -26.594  -0.774  -46.404 0.0000000000
66947  -27.262  -1.429  -45.187 0.0000000000
57174  -24.544  -11.407  -37.878 0.0000000000
58389  -24.634  -10.765  -38.726 0.0000000000
59581  -24.843  -9.900  -40.073 0.0000000000
65937  -23.490  -2.972  -47.040 0.0000000000
152280  -23.098  -4.571  -45.903 0.0000000000
88487  -23.212  17.571  -53.844 0.0000000000
136578  -21.431  13.697  -52.008 0.0000000000
86497  -22.822  14.888  -52.495 0.0000000000
85544  -23.081  14.152  -52.684 0.0000000000
85566  -24.880  14.660  -54.098 0.0000000000
84517  -23.572  13.243  -52.707 0.0000000000
81316  -23.163  10.376  -52.649 0.0000000000
83469  -24.526  12.170  -52.947 0.0000000000
82464  -25.228  11.866  -53.175 0.0000000000
83461  -26.063  12.674  -52.648 0.0000000000
81307  -25.380  10.689  -52.791 0.0000000000
77944  -25.231  7.561  -51.503 0.0000000000
80168  -25.933  9.171  -50.872 0.0000000000
136208  -26.190  8.115  -50.111 0.0000000000
80164  -27.060  9.142  -48.828 0.0000000000
77911  -26.834  7.206  -48.800 0.0000000000
71362  -22.859  1.376  -49.458 0.0000000000
72559  -23.109  2.804  -50.473 0.0000000000
71378  -24.008  1.796  -49.890 0.0000000000
71342  -26.793  1.889  -47.334 0.0000000000
72537  -26.029  2.677  -48.718 0.0000000000
73583  -27.287  3.979  -47.525 0.0000000000
75720  -27.623  5.514  -47.518 0.0000000000
74626  -28.643  4.599  -46.244 0.0000000000
60781  -25.974  -8.330  -42.510 0.0000000000
61894  -24.455  -7.725  -43.566 0.0000000000
61896  -26.029  -7.675  -43.391 0.0000000000
62967  -25.766  -6.556  -43.968 0.0000000000
77972  -22.363  8.677  -52.581 0.0000000000
145829  -24.505  9.369  -52.707 0.0000000000
76862  -23.310  7.951  -52.447 0.0000000000
76839  -24.103  6.718  -52.125 0.0000000000
75758  -24.698  5.231  -51.624 0.0000000000
69083  -24.112  -0.841  -48.596 0.0000000000
70195  -25.027  0.472  -48.882 0.0000000000
69068  -25.679  -0.319  -47.809 0.0000000000
70171  -26.377  0.323  -47.299 0.0000000000
71312  -27.693  0.983  -45.928 0.0000000000
60756  -25.679  -8.769  -40.996 0.0000000000
68026  -23.289  -0.985  -48.396 0.0000000000
66976  -23.874  -1.723  -47.889 0.0000000000
152278  -24.543  -2.934  -46.881 0.0000000000
65916  -25.232  -3.856  -45.746 0.0000000000
92772  -23.255  21.025  -53.984 0.0000000000
90728  -22.365  18.717  -51.584 0.0000000000
89577  -22.625  18.909  -53.202 0.0000000000
147852  -23.160  18.459  -55.870 0.0000000000
88509  -23.578  17.648  -55.550 0.0000000000
87494  -24.001  17.028  -55.136 0.0000000000
87467  -22.912  15.715  -52.567 0.0000000000
87478  -23.787  15.889  -53.329 0.0000000000
87495  -24.374  16.856  -55.421 0.0000000000
86527  -24.952  16.084  -55.063 0.0000000000
150831  -25.144  16.041  -55.062 0.0000000000
87480  -26.211  16.333  -54.146 0.0000000000
83475  -21.822  11.759  -52.447 0.0000000000
83468  -24.146  12.605  -52.846 0.0000000000
85556  -25.250  14.075  -54.099 0.0000000000
86498  -26.610  15.130  -53.193 0.0000000000
85546  -27.046  14.860  -52.354 0.0000000000
83438  -27.064  12.928  -50.639 0.0000000000
81297  -25.754  10.301  -52.013 0.0000000000
82432  -26.578  11.265  -50.532 0.0000000000
73619  -22.410  3.832  -50.688 0.0000000000
73621  -23.959  4.037  -50.975 0.0000000000
74660  -25.487  4.537  -50.550 0.0000000000
72549  -25.395  2.416  -49.547 0.0000000000
74653  -25.922  4.214  -49.657 0.0000000000
75738  -26.306  5.692  -49.337 0.0000000000
75730  -27.211  5.903  -48.129 0.0000000000
138592  -28.247  6.813  -47.028 0.0000000000
151219  -24.105  -5.646  -44.925 0.0000000000
64931  -25.527  -5.158  -44.634 0.0000000000
148146  -27.330  -4.698  -43.839 0.0000000000
66946  -26.600  -2.160  -45.484 0.0000000000
66930  -27.410  -2.240  -44.573 0.0000000000
65903  -27.456  -3.142  -44.161 0.0000000000
57175  -25.318  -11.282  -37.254 0.0000000000
58372  -25.268  -10.717  -37.903 0.0000000000
86520  -21.920  13.433  -52.267 0.0000000000
85554  -22.206  13.870  -52.449 0.0000000000
85565  -22.648  13.469  -52.500 0.0000000000
85555  -24.260  14.167  -53.300 0.0000000000
80197  -22.324  9.603  -52.603 0.0000000000
81315  -22.658  10.067  -52.611 0.0000000000
155938  -23.076  9.937  -52.616 0.0000000000
81317  -24.151  10.656  -52.765 0.0000000000
151602  -25.428  11.357  -52.980 0.0000000000
151953  -24.720  10.366  -52.887 0.0000000000
76818  -25.419  6.830  -50.909 0.0000000000
77931  -25.731  7.798  -50.790 0.0000000000
77932  -25.912  7.275  -50.110 0.0000000000
77922  -26.473  7.661  -49.463 0.0000000000
76809  -26.271  6.642  -49.505 0.0000000000
70206  -23.452  0.876  -49.463 0.0000000000
71363  -23.421  1.542  -49.687 0.0000000000
145409  -23.939  0.583  -49.421 0.0000000000
72514  -27.444  2.328  -46.764 0.0000000000
72526  -27.106  2.772  -47.255 0.0000000000
73571  -27.837  4.086  -46.839 0.0000000000
73572  -28.495  3.657  -46.210 0.0000000000
151881  -28.422  2.950  -46.065 0.0000000000
61884  -26.245  -7.927  -42.956 0.0000000000
76847  -22.075  8.132  -52.543 0.0000000000
77973  -22.869  8.415  -52.529 0.0000000000
76848  -22.611  7.379  -52.362 0.0000000000
75770  -22.777  5.741  -51.672 0.0000000000
75783  -23.005  6.466  -52.052 0.0000000000
74696  -23.918  5.576  -51.710 0.0000000000
75771  -24.341  5.668  -51.748 0.0000000000
74684  -24.350  4.903  -51.470 0.0000000000
68029  -24.506  -1.112  -48.241 0.0000000000
69067  -25.076  -0.785  -48.155 0.0000000000
149360  -25.546  -1.036  -47.506 0.0000000000
140986  -26.196  -0.537  -47.067 0.0000000000
69054  -26.823  -0.096  -46.455 0.0000000000
70172  -27.100  0.705  -46.498 0.0000000000
70155  -27.489  0.268  -45.824 0.0000000000
69040  -27.995  -0.147  -45.153 0.0000000000
56095  -23.298  -12.640  -37.745 0.0000000000
59595  -25.273  -9.356  -40.521 0.0000000000
60743  -25.883  -8.840  -40.064 0.0000000000
65930  -23.763  -3.605  -46.650 0.0000000000
65938  -24.068  -2.987  -47.060 0.0000000000
65931  -24.307  -3.518  -46.604 0.0000000000
65932  -24.956  -3.322  -46.443 0.0000000000
91821  -22.816  19.970  -52.539 0.0000000000
91827  -22.715  20.781  -54.783 0.0000000000
155377  -22.996  20.282  -54.226 0.0000000000
89576  -22.473  18.257  -52.433 0.0000000000
90737  -22.978  19.496  -53.956 0.0000000000
89599  -23.054  18.913  -54.862 0.0000000000
88500  -23.309  18.069  -54.786 0.0000000000
150644  -23.637  17.396  -54.691 0.0000000000
138640  -22.186  15.089  -52.020 0.0000000000
86508  -23.651  15.002  -52.913 0.0000000000
87479  -24.311  15.958  -54.042 0.0000000000
87489  -24.415  16.396  -54.691 0.0000000000
86526  -24.730  16.192  -54.956 0.0000000000
87496  -24.639  16.786  -55.510 0.0000000000
85567  -25.087  14.717  -54.379 0.0000000000
86523  -25.110  15.422  -54.738 0.0000000000
86524  -25.519  15.732  -54.618 0.0000000000
86510  -25.420  14.909  -54.407 0.0000000000
82460  -21.593  10.665  -52.527 0.0000000000
82452  -20.819  11.011  -52.260 0.0000000000
83476  -22.945  12.144  -52.549 0.0000000000
138565  -23.531  11.650  -52.641 0.0000000000
83470  -25.082  12.644  -53.390 0.0000000000
84520  -25.292  13.258  -53.738 0.0000000000
85557  -25.951  14.550  -53.827 0.0000000000
84521  -25.817  13.764  -53.576 0.0000000000
85545  -26.453  14.297  -52.988 0.0000000000
82455  -26.125  11.971  -52.231 0.0000000000
149229  -26.550  13.251  -52.062 0.0000000000
83448  -26.561  12.579  -51.565 0.0000000000
84498  -26.958  13.455  -51.326 0.0000000000
79040  -24.362  8.587  -52.588 0.0000000000
80189  -25.158  9.810  -52.590 0.0000000000
80176  -25.021  8.966  -52.202 0.0000000000
80169  -26.320  9.649  -50.303 0.0000000000
81291  -26.426  10.425  -50.421 0.0000000000
82433  -27.035  11.734  -49.883 0.0000000000
82418  -26.884  10.811  -49.646 0.0000000000
79005  -27.490  8.572  -48.193 0.0000000000
78998  -27.907  8.091  -47.619 0.0000000000
73608  -21.462  3.591  -49.955 0.0000000000
72561  -24.053  2.482  -50.306 0.0000000000
72574  -23.721  3.171  -50.620 0.0000000000
72575  -24.336  3.381  -50.638 0.0000000000
74672  -24.983  4.313  -51.087 0.0000000000
72576  -24.826  3.581  -50.692 0.0000000000
149478  -25.125  1.236  -49.253 0.0000000000
71352  -25.572  1.813  -49.028 0.0000000000
73590  -26.283  3.719  -48.803 0.0000000000
74645  -26.469  4.572  -48.807 0.0000000000
75729  -26.696  5.345  -48.663 0.0000000000
76803  -26.764  6.270  -48.756 0.0000000000
76793  -28.179  5.945  -46.979 0.0000000000
76792  -27.712  6.373  -47.570 0.0000000000
62968  -26.560  -6.295  -43.753 0.0000000000
63973  -26.068  -5.782  -44.138 0.0000000000
63974  -26.948  -5.533  -43.820 0.0000000000
64932  -26.445  -4.947  -44.243 0.0000000000
76837  -21.881  7.064  -52.105 0.0000000000
74680  -21.821  5.355  -51.144 0.0000000000
73618  -22.128  4.495  -50.869 0.0000000000
68007  -26.062  -1.260  -46.791 0.0000000000
67997  -26.624  -1.375  -46.004 0.0000000000
69025  -27.770  -0.830  -44.943 0.0000000000
132462  -28.150  -2.066  -44.098 0.0000000000
56096  -24.114  -12.108  -37.413 0.0000000000
141001  -24.365  -10.287  -40.506 0.0000000000
58405  -25.057  -10.068  -39.203 0.0000000000
59567  -25.739  -9.671  -38.763 0.0000000000
66967  -22.894  -2.635  -47.169 0.0000000000
65929  -22.857  -3.317  -46.676 0.0000000000
138385  -23.285  -3.640  -46.583 0.0000000000
157251  -22.682  18.135  -53.312 0.0000000000
88486  -22.569  17.400  -52.931 0.0000000000
138557  -22.502  16.579  -52.331 0.0000000000
88474  -23.031  16.650  -53.222 0.0000000000
86496  -22.125  14.353  -52.311 0.0000000000
86509  -24.354  15.185  -53.691 0.0000000000
84530  -24.897  13.811  -53.739 0.0000000000
82461  -23.015  10.898  -52.656 0.0000000000
82462  -23.893  11.234  -52.686 0.0000000000
82463  -24.790  11.658  -52.977 0.0000000000
83460  -25.413  12.535  -53.352 0.0000000000
84508  -26.264  13.517  -52.784 0.0000000000
82454  -25.635  11.882  -52.900 0.0000000000
82444  -25.886  11.207  -52.342 0.0000000000
79029  -25.555  8.495  -51.447 0.0000000000
156645  -25.960  8.497  -50.672 0.0000000000
79018  -26.278  8.895  -50.158 0.0000000000
80163  -26.616  9.386  -49.596 0.0000000000
81283  -27.016  9.989  -49.205 0.0000000000
79012  -26.583  8.560  -49.474 0.0000000000
79004  -26.963  8.141  -48.822 0.0000000000
72558  -22.435  2.711  -50.082 0.0000000000
71376  -23.108  2.131  -49.954 0.0000000000
71377  -23.666  1.954  -49.944 0.0000000000
71379  -24.388  2.050  -49.916 0.0000000000
135752  -26.152  1.819  -48.254 0.0000000000
72525  -26.555  2.495  -47.878 0.0000000000
73582  -26.749  3.355  -47.894 0.0000000000
74646  -26.860  4.331  -48.114 0.0000000000
148710  -27.120  5.108  -48.053 0.0000000000
139114  -27.471  4.679  -47.490 0.0000000000
74636  -28.054  5.056  -46.899 0.0000000000
75708  -28.646  5.502  -46.388 0.0000000000
153675  -29.063  5.181  -45.932 0.0000000000
60780  -25.345  -8.680  -42.668 0.0000000000
60790  -24.920  -8.426  -43.143 0.0000000000
61883  -25.688  -8.250  -43.116 0.0000000000
61895  -25.266  -7.829  -43.500 0.0000000000
61906  -25.533  -7.233  -43.745 0.0000000000
62966  -25.004  -6.768  -44.126 0.0000000000
62955  -26.291  -6.998  -43.612 0.0000000000
157174  -26.895  -6.623  -43.420 0.0000000000
79060  -22.003  9.059  -52.600 0.0000000000
79050  -22.799  9.083  -52.575 0.0000000000
79052  -23.851  9.210  -52.696 0.0000000000
79051  -23.292  8.840  -52.556 0.0000000000
77963  -23.592  8.239  -52.503 0.0000000000
77953  -24.052  8.076  -52.524 0.0000000000
76849  -23.166  7.204  -52.323 0.0000000000
76850  -23.664  7.149  -52.267 0.0000000000
77954  -24.270  7.326  -52.298 0.0000000000
76829  -24.507  6.388  -51.866 0.0000000000
76830  -24.988  5.973  -51.391 0.0000000000
75748  -25.455  5.890  -50.736 0.0000000000
69096  -24.053  -0.169  -49.028 0.0000000000
70207  -24.409  0.413  -49.221 0.0000000000
69084  -24.597  -0.341  -48.685 0.0000000000
70184  -25.689  0.392  -48.185 0.0000000000
71341  -26.240  1.093  -47.811 0.0000000000
71328  -26.745  1.131  -47.047 0.0000000000
71329  -27.451  1.574  -46.478 0.0000000000
71330  -28.055  2.324  -46.211 0.0000000000
71313  -28.334  1.577  -45.650 0.0000000000
54949  -23.091  -13.206  -37.040 0.0000000000
59616  -24.476  -9.242  -42.365 0.0000000000
59594  -24.686  -9.769  -40.951 0.0000000000
59607  -25.136  -9.278  -41.455 0.0000000000
59617  -25.019  -9.141  -42.220 0.0000000000
60768  -25.559  -8.749  -41.941 0.0000000000
60769  -26.254  -8.210  -41.491 0.0000000000
69082  -23.671  -0.611  -48.744 0.0000000000
68028  -24.119  -1.345  -48.211 0.0000000000
68019  -24.347  -1.769  -47.777 0.0000000000
66969  -23.960  -2.378  -47.495 0.0000000000
66970  -24.453  -2.442  -47.315 0.0000000000
141808  -24.836  -2.004  -47.445 0.0000000000
66959  -25.128  -2.505  -46.858 0.0000000000
65917  -25.803  -2.973  -45.900 0.0000000000
64946  -25.956  -3.780  -45.107 0.0000000000
92768  -23.398  20.797  -52.882 0.0000000000
90732  -22.550  19.202  -52.388 0.0000000000
140561  -22.638  19.634  -53.093 0.0000000000
90747  -22.923  19.856  -55.029 0.0000000000
88517  -23.492  17.980  -56.474 0.0000000000
88510  -23.926  17.354  -55.981 0.0000000000
87466  -22.224  15.856  -51.942 0.0000000000
87501  -24.241  17.266  -56.117 0.0000000000
87502  -24.495  17.258  -56.144 0.0000000000
87497  -24.947  16.737  -55.551 0.0000000000
86522  -24.971  15.411  -54.632 0.0000000000
83466  -21.009  11.942  -52.154 0.0000000000
151404  -21.874  12.473  -52.310 0.0000000000
84529  -22.681  12.824  -52.405 0.0000000000
84518  -24.494  13.389  -53.227 0.0000000000
84519  -25.075  13.537  -53.811 0.0000000000
86511  -26.083  15.408  -53.992 0.0000000000
84497  -26.839  14.028  -52.027 0.0000000000
85534  -28.022  15.047  -51.261 0.0000000000
84488  -27.639  13.742  -50.585 0.0000000000
158315  -24.602  9.862  -52.841 0.0000000000
81298  -26.199  10.792  -51.314 0.0000000000
80177  -25.636  9.432  -51.737 0.0000000000
83437  -26.752  12.117  -50.656 0.0000000000
81268  -27.429  9.883  -48.626 0.0000000000
133436  -21.709  3.978  -50.435 0.0000000000
73632  -22.751  4.317  -51.065 0.0000000000
72572  -22.704  3.280  -50.565 0.0000000000
136873  -23.020  3.783  -50.838 0.0000000000
73634  -23.973  4.327  -51.165 0.0000000000
74671  -24.716  4.723  -51.361 0.0000000000
153101  -24.876  4.760  -51.448 0.0000000000
151350  -25.587  5.257  -50.508 0.0000000000
71364  -24.249  1.234  -49.595 0.0000000000
71365  -24.700  1.581  -49.615 0.0000000000
145467  -25.142  2.908  -50.121 0.0000000000
73601  -25.666  3.223  -49.609 0.0000000000
73600  -25.299  3.637  -50.432 0.0000000000
75737  -25.905  5.073  -49.884 0.0000000000
75749  -25.844  5.842  -49.996 0.0000000000
77912  -27.286  6.784  -48.185 0.0000000000
77902  -27.783  7.240  -47.603 0.0000000000
64943  -23.529  -4.763  -45.748 0.0000000000
64944  -24.079  -5.034  -45.433 0.0000000000
63972  -25.232  -6.019  -44.388 0.0000000000
63987  -24.697  -5.391  -44.923 0.0000000000
156546  -25.049  -4.924  -45.071 0.0000000000
151641  -25.400  -4.475  -45.149 0.0000000000
150321  -26.017  -4.470  -44.692 0.0000000000
144263  -26.790  -3.984  -44.357 0.0000000000
60779  -24.350  -8.762  -42.796 0.0000000000
64945  -24.691  -4.573  -45.537 0.0000000000
64956  -23.422  -4.192  -46.263 0.0000000000
64958  -24.618  -3.927  -46.149 0.0000000000
68020  -24.932  -1.440  -47.782 0.0000000000
68027  -23.778  -1.195  -48.346 0.0000000000
69081  -23.133  -0.330  -48.754 0.0000000000
69085  -25.211  -0.159  -48.417 0.0000000000
70217  -23.798  1.331  -49.664 0.0000000000
71366  -25.124  1.823  -49.532 0.0000000000
72548  -24.875  2.265  -49.888 0.0000000000
72560  -23.533  2.476  -50.293 0.0000000000
72562  -24.669  2.842  -50.326 0.0000000000
72573  -23.234  3.362  -50.695 0.0000000000
73620  -23.597  3.819  -50.839 0.0000000000
73622  -24.586  4.110  -50.975 0.0000000000
73633  -23.378  4.277  -51.127 0.0000000000
73635  -24.397  4.400  -51.184 0.0000000000
74681  -22.457  5.069  -51.332 0.0000000000
74683  -23.718  4.859  -51.454 0.0000000000
74695  -23.369  5.625  -51.683 0.0000000000
75782  -22.496  6.529  -51.994 0.0000000000
75784  -23.529  6.385  -51.974 0.0000000000
75785  -23.930  6.285  -51.948 0.0000000000
76838  -23.902  7.590  -52.381 0.0000000000
76860  -22.598  8.158  -52.528 0.0000000000
76861  -22.934  7.891  -52.477 0.0000000000
77943  -24.667  7.345  -51.998 0.0000000000
77952  -21.373  8.019  -52.234 0.0000000000
77971  -21.954  8.761  -52.581 0.0000000000
79048  -21.543  9.186  -52.453 0.0000000000
79049  -22.310  9.097  -52.595 0.0000000000
79061  -23.148  8.571  -52.526 0.0000000000
80178  -25.975  9.982  -51.060 0.0000000000
80198  -23.080  9.472  -52.589 0.0000000000
81306  -24.141  9.882  -52.791 0.0000000000
82453  -25.013  11.176  -52.943 0.0000000000
83474  -21.557  12.251  -52.290 0.0000000000
83481  -22.173  12.319  -52.400 0.0000000000
84527  -21.424  12.857  -52.071 0.0000000000
84535  -22.107  12.731  -52.275 0.0000000000
85519  -27.886  14.512  -50.930 0.0000000000
85564  -21.260  13.135  -51.955 0.0000000000
85571  -22.268  13.115  -52.301 0.0000000000
135445  -25.111  5.058  -51.178 0.0000000000
137387  -24.838  13.069  -53.408 0.0000000000
138367  -23.715  8.661  -52.606 0.0000000000
140551  -24.446  7.874  -52.413 0.0000000000
141005  -26.279  4.975  -49.272 0.0000000000
141543  -24.678  0.948  -49.371 0.0000000000
142574  -22.706  8.799  -52.561 0.0000000000
149019  -24.939  6.804  -51.571 0.0000000000
149697  -23.419  9.137  -52.598 0.0000000000
150147  -21.636  12.649  -52.190 0.0000000000
151614  -27.360  3.459  -47.215 0.0000000000
154692  -23.643  7.787  -52.409 0.0000000000
155874  -24.576  5.067  -51.575 0.0000000000
156111  -21.831  9.916  -52.560 0.0000000000
