#!ascii label  , from subject freesurfer vox2ras=TkReg
909
52630  33.196  -12.867  53.052 0.0000000000
140658  52.010  4.180  28.916 0.0000000000
72410  60.274  5.188  25.241 0.0000000000
140946  52.209  -0.929  40.314 0.0000000000
52707  38.936  -12.484  47.190 0.0000000000
48345  37.382  -16.247  51.158 0.0000000000
73550  57.137  5.973  27.928 0.0000000000
71173  56.355  4.358  32.895 0.0000000000
145767  47.842  -3.062  43.777 0.0000000000
54903  43.345  -10.513  47.678 0.0000000000
79169  64.184  10.475  15.699 0.0000000000
78005  59.627  10.181  22.473 0.0000000000
67871  47.545  1.062  37.190 0.0000000000
72258  51.544  5.255  36.511 0.0000000000
52659  36.432  -12.122  50.472 0.0000000000
50619  35.088  -14.504  52.322 0.0000000000
72364  54.634  5.429  28.432 0.0000000000
73481  56.606  5.787  30.743 0.0000000000
156366  54.497  5.920  31.500 0.0000000000
55981  49.878  -9.108  42.720 0.0000000000
138355  40.775  -14.643  49.178 0.0000000000
54891  40.775  -10.957  47.874 0.0000000000
50652  43.122  -14.421  47.933 0.0000000000
80286  63.038  11.572  16.902 0.0000000000
75826  63.491  8.184  17.160 0.0000000000
78031  62.638  10.272  18.998 0.0000000000
74678  58.315  7.266  24.313 0.0000000000
75779  57.706  8.885  22.985 0.0000000000
75761  59.629  8.101  23.897 0.0000000000
131112  60.860  7.434  22.161 0.0000000000
72435  60.866  4.582  23.148 0.0000000000
148795  50.626  -1.813  42.034 0.0000000000
65624  47.768  -0.603  40.917 0.0000000000
68912  49.501  1.846  40.756 0.0000000000
71137  49.127  4.107  37.350 0.0000000000
149557  52.137  2.799  38.897 0.0000000000
68957  53.523  2.825  37.084 0.0000000000
65642  54.135  -0.078  37.934 0.0000000000
51679  38.529  -13.487  49.919 0.0000000000
71284  56.650  5.049  24.796 0.0000000000
132087  58.714  5.433  27.176 0.0000000000
71231  58.695  4.216  29.062 0.0000000000
69023  58.285  2.318  30.582 0.0000000000
59538  46.237  -7.051  46.116 0.0000000000
59564  48.559  -6.250  44.749 0.0000000000
60687  50.676  -6.114  42.665 0.0000000000
140832  52.070  -4.719  39.669 0.0000000000
148466  54.041  -4.153  38.439 0.0000000000
150313  42.933  -7.612  46.180 0.0000000000
55941  45.521  -9.937  46.315 0.0000000000
74766  64.792  7.818  13.793 0.0000000000
79141  60.062  11.068  19.803 0.0000000000
75777  61.801  9.326  21.254 0.0000000000
73621  60.576  6.686  20.241 0.0000000000
72301  51.523  5.208  32.480 0.0000000000
132855  54.245  5.472  34.859 0.0000000000
68982  56.049  2.349  34.645 0.0000000000
50611  33.521  -14.660  53.114 0.0000000000
51651  34.051  -13.981  53.013 0.0000000000
49535  34.095  -15.282  52.803 0.0000000000
72366  53.187  4.804  29.040 0.0000000000
73507  54.383  5.736  30.151 0.0000000000
72333  53.435  5.312  30.383 0.0000000000
50644  41.564  -14.354  48.620 0.0000000000
79171  61.342  11.483  17.158 0.0000000000
79152  62.830  10.973  18.049 0.0000000000
79154  62.070  11.320  18.623 0.0000000000
74667  58.810  6.642  24.591 0.0000000000
74677  58.756  7.578  24.236 0.0000000000
73586  59.731  6.406  24.449 0.0000000000
73594  60.415  6.733  23.424 0.0000000000
138706  51.198  -1.219  41.291 0.0000000000
66713  50.331  0.078  41.629 0.0000000000
66720  51.518  0.263  40.776 0.0000000000
68923  51.137  2.386  40.068 0.0000000000
67846  52.077  1.369  39.880 0.0000000000
67857  53.029  1.356  38.893 0.0000000000
65636  53.271  -0.403  39.335 0.0000000000
52658  37.288  -12.743  50.348 0.0000000000
155657  37.894  -14.681  50.964 0.0000000000
49567  38.943  -15.576  50.312 0.0000000000
71262  55.548  4.706  26.392 0.0000000000
133745  55.271  4.136  25.242 0.0000000000
72393  56.917  5.272  26.561 0.0000000000
72392  57.706  5.408  26.205 0.0000000000
73549  57.863  5.722  27.616 0.0000000000
72362  59.342  4.920  27.945 0.0000000000
73526  57.990  5.675  28.469 0.0000000000
72299  56.743  4.888  31.855 0.0000000000
148407  57.403  4.365  31.228 0.0000000000
70100  57.380  3.430  31.840 0.0000000000
67906  57.803  1.422  31.596 0.0000000000
69001  57.118  2.260  32.692 0.0000000000
58392  47.161  -8.039  45.853 0.0000000000
59550  47.359  -6.724  45.492 0.0000000000
57063  48.150  -8.415  45.028 0.0000000000
58434  50.388  -7.634  42.939 0.0000000000
61744  50.974  -5.290  41.055 0.0000000000
157863  42.133  -10.931  48.185 0.0000000000
55929  41.593  -9.352  47.194 0.0000000000
57029  43.022  -8.542  47.107 0.0000000000
57027  44.613  -8.749  46.998 0.0000000000
134943  44.728  -10.960  46.961 0.0000000000
80304  63.878  11.814  15.103 0.0000000000
75843  64.549  8.344  14.733 0.0000000000
73633  62.669  7.537  18.237 0.0000000000
141318  58.414  9.514  22.716 0.0000000000
76890  57.128  9.151  21.385 0.0000000000
78013  58.169  10.031  21.103 0.0000000000
78033  58.639  10.308  19.696 0.0000000000
78011  60.019  10.547  21.797 0.0000000000
79118  61.132  10.686  20.953 0.0000000000
78003  61.053  9.932  22.033 0.0000000000
73608  60.322  6.399  21.623 0.0000000000
150107  60.834  6.769  20.814 0.0000000000
62740  47.097  -3.728  44.052 0.0000000000
63708  46.920  -2.660  42.086 0.0000000000
66752  47.728  0.543  38.672 0.0000000000
132992  47.233  -1.119  38.672 0.0000000000
72249  50.206  4.912  37.054 0.0000000000
71156  48.699  4.150  35.104 0.0000000000
139558  49.829  4.958  34.941 0.0000000000
72303  49.887  4.685  32.883 0.0000000000
72276  51.595  5.726  34.569 0.0000000000
73445  53.428  6.069  34.049 0.0000000000
73410  52.635  5.441  36.056 0.0000000000
67876  53.851  1.244  36.505 0.0000000000
68967  54.672  2.521  35.828 0.0000000000
67885  54.698  1.653  35.465 0.0000000000
66778  56.022  0.487  34.375 0.0000000000
51671  35.781  -13.013  51.703 0.0000000000
49546  36.107  -15.504  52.021 0.0000000000
144549  36.204  -17.094  51.395 0.0000000000
149676  35.442  -15.911  52.153 0.0000000000
72363  55.409  5.803  28.191 0.0000000000
73504  57.054  6.113  29.405 0.0000000000
73506  55.643  6.166  29.599 0.0000000000
153983  55.887  5.975  30.914 0.0000000000
73443  55.932  5.244  32.841 0.0000000000
148410  40.120  -13.334  48.902 0.0000000000
53783  39.847  -12.204  47.798 0.0000000000
148799  40.831  -12.921  48.520 0.0000000000
52677  42.108  -12.401  48.248 0.0000000000
156399  43.520  -13.053  47.631 0.0000000000
52694  44.544  -12.296  47.141 0.0000000000
50662  44.250  -14.285  47.168 0.0000000000
79170  63.801  10.982  16.220 0.0000000000
76928  63.946  9.194  16.467 0.0000000000
78050  63.540  10.071  17.333 0.0000000000
76910  63.180  9.323  18.396 0.0000000000
75796  62.735  8.863  19.022 0.0000000000
74686  57.006  7.230  23.713 0.0000000000
74685  57.826  7.732  24.027 0.0000000000
76864  59.236  8.779  23.891 0.0000000000
76870  60.187  9.229  23.328 0.0000000000
76869  60.741  9.061  23.021 0.0000000000
74692  60.732  7.710  22.895 0.0000000000
72441  60.502  5.565  22.794 0.0000000000
63698  49.285  -2.292  43.160 0.0000000000
64686  47.989  -1.255  42.415 0.0000000000
65617  49.370  -0.765  42.311 0.0000000000
67840  48.486  0.901  40.802 0.0000000000
68935  48.198  1.845  39.050 0.0000000000
68958  47.937  2.395  37.467 0.0000000000
70029  49.331  3.032  39.022 0.0000000000
71117  50.641  3.735  38.799 0.0000000000
71115  51.437  4.140  38.055 0.0000000000
71135  52.730  4.152  37.201 0.0000000000
68945  52.553  2.992  38.071 0.0000000000
67868  53.567  1.353  37.253 0.0000000000
65652  54.337  -0.345  37.068 0.0000000000
53771  36.369  -11.773  49.518 0.0000000000
52667  37.656  -12.549  49.541 0.0000000000
51689  38.535  -12.939  49.242 0.0000000000
50636  39.713  -14.474  49.705 0.0000000000
48355  40.164  -15.747  49.547 0.0000000000
73579  57.316  5.652  24.778 0.0000000000
73577  58.705  5.832  25.404 0.0000000000
73561  59.385  5.388  26.034 0.0000000000
72374  59.810  4.894  27.300 0.0000000000
70142  59.978  3.619  28.174 0.0000000000
154392  59.501  2.754  28.815 0.0000000000
73503  57.633  5.325  29.808 0.0000000000
70122  58.565  3.239  29.882 0.0000000000
60682  44.191  -5.965  44.566 0.0000000000
60680  45.639  -5.341  44.611 0.0000000000
61724  46.984  -5.140  44.917 0.0000000000
61730  48.248  -4.631  44.424 0.0000000000
57080  49.338  -8.257  44.001 0.0000000000
60677  49.825  -5.926  43.641 0.0000000000
61739  49.531  -4.399  43.636 0.0000000000
62755  50.479  -3.667  42.426 0.0000000000
63713  51.227  -2.842  41.033 0.0000000000
63718  52.475  -2.608  40.111 0.0000000000
138119  53.660  -2.279  39.348 0.0000000000
61764  53.154  -4.447  39.168 0.0000000000
59540  44.625  -6.817  46.141 0.0000000000
141895  45.977  -8.415  46.352 0.0000000000
55953  46.619  -10.089  45.473 0.0000000000
52706  45.417  -12.394  46.389 0.0000000000
53828  46.106  -11.663  44.887 0.0000000000
76966  64.731  8.896  12.975 0.0000000000
138874  60.241  11.042  18.919 0.0000000000
79126  61.446  11.021  20.258 0.0000000000
76899  62.017  9.646  20.379 0.0000000000
152057  62.465  7.932  19.677 0.0000000000
75778  61.621  8.690  21.859 0.0000000000
73620  61.560  7.274  20.672 0.0000000000
73636  61.464  6.901  19.871 0.0000000000
64699  46.999  -1.872  40.707 0.0000000000
71204  50.416  4.234  31.301 0.0000000000
72335  52.047  4.841  30.752 0.0000000000
73470  53.130  5.685  31.973 0.0000000000
73444  54.629  5.789  33.637 0.0000000000
72274  55.545  4.930  33.589 0.0000000000
71144  53.924  4.657  36.232 0.0000000000
70071  55.261  3.987  35.281 0.0000000000
70077  56.222  3.337  33.729 0.0000000000
150047  56.732  1.735  33.796 0.0000000000
151569  54.214  -2.101  38.525 0.0000000000
150344  54.606  -1.786  36.832 0.0000000000
51652  33.333  -13.724  53.145 0.0000000000
133801  32.629  -14.270  53.308 0.0000000000
51653  32.542  -13.419  53.263 0.0000000000
52629  33.946  -13.231  52.833 0.0000000000
71243  52.628  4.340  28.605 0.0000000000
72354  53.066  4.997  29.700 0.0000000000
71232  52.480  4.537  29.430 0.0000000000
79164  61.742  11.472  17.917 0.0000000000
79165  61.021  11.283  17.756 0.0000000000
73575  59.650  5.725  25.132 0.0000000000
74666  59.222  6.575  24.555 0.0000000000
73574  60.250  5.681  24.478 0.0000000000
72409  60.667  4.778  24.789 0.0000000000
64691  51.737  -1.463  40.737 0.0000000000
65622  51.643  -0.651  40.874 0.0000000000
65630  52.074  -0.231  40.435 0.0000000000
66730  51.667  0.969  40.340 0.0000000000
66729  52.241  0.467  40.099 0.0000000000
66728  52.866  0.261  39.671 0.0000000000
64698  52.989  -1.123  39.988 0.0000000000
50627  37.239  -14.755  51.253 0.0000000000
49556  37.685  -15.409  51.079 0.0000000000
48357  37.813  -16.933  50.898 0.0000000000
72376  56.637  5.601  27.362 0.0000000000
72394  56.085  5.199  26.800 0.0000000000
72375  57.475  5.555  27.139 0.0000000000
73548  58.181  5.644  27.844 0.0000000000
73527  57.543  5.943  28.485 0.0000000000
71186  56.548  4.668  32.370 0.0000000000
71185  56.971  4.490  31.803 0.0000000000
71172  56.858  3.998  32.313 0.0000000000
70088  57.024  3.168  32.527 0.0000000000
70089  56.526  3.662  33.039 0.0000000000
57042  47.351  -8.818  45.493 0.0000000000
154606  47.585  -8.187  45.430 0.0000000000
55951  47.831  -9.282  45.033 0.0000000000
54888  42.753  -10.991  48.100 0.0000000000
54889  42.181  -10.421  48.058 0.0000000000
54904  42.844  -10.090  47.856 0.0000000000
57030  42.295  -8.917  47.183 0.0000000000
55928  43.541  -9.833  47.396 0.0000000000
54902  44.079  -10.532  47.306 0.0000000000
80294  64.075  11.253  15.456 0.0000000000
80303  64.261  11.526  14.643 0.0000000000
79177  64.400  10.807  14.901 0.0000000000
78076  64.502  10.341  14.382 0.0000000000
76938  64.436  9.006  15.043 0.0000000000
131550  59.218  9.735  23.057 0.0000000000
76888  58.310  9.837  21.923 0.0000000000
78012  59.025  10.336  21.662 0.0000000000
78010  60.799  10.403  21.654 0.0000000000
78004  60.451  10.143  22.384 0.0000000000
72450  60.096  5.432  21.913 0.0000000000
72464  60.011  6.246  21.024 0.0000000000
140065  46.870  -2.995  42.810 0.0000000000
63701  47.312  -2.452  42.771 0.0000000000
67864  47.678  0.861  37.932 0.0000000000
140958  47.314  0.440  36.756 0.0000000000
72248  51.013  4.952  37.140 0.0000000000
142225  49.842  4.976  36.225 0.0000000000
73421  51.319  5.544  35.877 0.0000000000
73434  51.086  5.554  35.084 0.0000000000
73420  51.833  5.794  35.353 0.0000000000
73419  52.619  5.802  35.498 0.0000000000
67886  54.091  1.103  35.796 0.0000000000
67875  54.122  1.750  36.012 0.0000000000
66770  54.541  0.949  35.199 0.0000000000
66779  55.009  0.550  34.722 0.0000000000
51663  34.660  -13.708  52.426 0.0000000000
52640  35.184  -13.015  52.091 0.0000000000
51662  35.658  -13.755  52.070 0.0000000000
153759  36.306  -14.132  51.766 0.0000000000
50618  35.880  -14.660  52.114 0.0000000000
49547  35.319  -15.243  52.247 0.0000000000
71253  53.602  4.355  27.503 0.0000000000
72379  54.088  4.905  27.957 0.0000000000
72378  54.890  5.165  27.585 0.0000000000
73529  55.940  6.218  28.824 0.0000000000
73530  55.129  5.982  28.945 0.0000000000
73483  54.816  5.988  30.942 0.0000000000
143310  55.250  6.066  30.293 0.0000000000
73468  55.057  5.982  31.617 0.0000000000
74604  55.858  5.770  31.738 0.0000000000
74595  54.896  5.948  32.139 0.0000000000
52679  40.151  -12.607  48.328 0.0000000000
144419  40.891  -13.532  48.858 0.0000000000
50653  42.223  -14.200  48.269 0.0000000000
51698  42.224  -13.239  48.262 0.0000000000
155348  42.955  -12.596  48.050 0.0000000000
51697  43.009  -13.558  48.044 0.0000000000
51707  43.759  -13.804  47.490 0.0000000000
80298  62.395  11.952  16.402 0.0000000000
80297  62.948  11.924  16.527 0.0000000000
80296  63.264  11.796  16.211 0.0000000000
80285  63.411  11.376  16.603 0.0000000000
79162  63.491  10.756  16.967 0.0000000000
79163  63.136  11.183  17.330 0.0000000000
79137  62.548  10.780  18.733 0.0000000000
79136  62.944  10.472  18.397 0.0000000000
78030  63.008  9.965  18.618 0.0000000000
76911  62.717  9.633  19.076 0.0000000000
74679  57.735  7.035  24.193 0.0000000000
75762  59.188  8.263  24.020 0.0000000000
75763  58.817  8.353  24.024 0.0000000000
76871  59.543  9.271  23.531 0.0000000000
75770  59.655  8.750  23.758 0.0000000000
75769  60.186  8.607  23.518 0.0000000000
74684  60.166  7.700  23.606 0.0000000000
152454  60.575  5.589  23.348 0.0000000000
73600  60.332  5.516  22.346 0.0000000000
151015  60.721  4.706  22.750 0.0000000000
63707  49.808  -2.102  42.788 0.0000000000
64684  49.332  -1.598  42.781 0.0000000000
64683  50.059  -1.461  42.338 0.0000000000
135978  50.045  0.660  41.425 0.0000000000
66721  49.380  0.621  41.490 0.0000000000
67839  49.081  1.217  41.115 0.0000000000
67850  48.301  1.326  39.976 0.0000000000
68926  48.738  2.070  39.740 0.0000000000
68934  48.780  2.517  39.017 0.0000000000
140220  49.304  2.290  40.154 0.0000000000
68933  51.407  2.914  39.369 0.0000000000
70015  50.785  2.903  39.755 0.0000000000
70026  51.019  3.424  39.132 0.0000000000
71116  51.146  3.871  38.659 0.0000000000
70025  51.583  3.564  38.627 0.0000000000
70038  52.110  3.432  38.223 0.0000000000
65643  53.654  0.128  38.593 0.0000000000
67862  53.272  1.578  38.066 0.0000000000
66751  53.707  0.721  37.944 0.0000000000
66761  53.999  0.575  37.199 0.0000000000
53758  35.581  -11.667  50.159 0.0000000000
136214  36.005  -11.631  48.732 0.0000000000
51680  37.833  -13.463  50.459 0.0000000000
52657  38.007  -12.997  49.941 0.0000000000
52682  37.969  -12.487  48.724 0.0000000000
51688  39.238  -13.443  49.318 0.0000000000
149008  39.143  -13.996  49.915 0.0000000000
153055  56.350  4.794  25.377 0.0000000000
72427  56.171  5.010  24.214 0.0000000000
73563  58.542  5.540  26.443 0.0000000000
130869  58.321  5.678  25.615 0.0000000000
73562  58.914  5.544  26.246 0.0000000000
137540  59.776  5.073  26.616 0.0000000000
73547  59.299  5.276  26.852 0.0000000000
72351  58.726  4.890  28.561 0.0000000000
71241  59.962  4.329  27.884 0.0000000000
153460  59.813  4.055  28.319 0.0000000000
71230  59.468  3.803  28.657 0.0000000000
134730  57.120  5.875  30.027 0.0000000000
132306  57.541  5.768  29.179 0.0000000000
71184  57.714  3.669  31.098 0.0000000000
144810  58.149  3.609  30.408 0.0000000000
69032  58.575  2.709  29.981 0.0000000000
70121  59.124  2.820  29.344 0.0000000000
69031  58.741  2.171  29.676 0.0000000000
59552  45.167  -6.222  45.680 0.0000000000
60671  44.968  -5.716  45.021 0.0000000000
59551  45.964  -6.304  45.723 0.0000000000
59549  47.968  -6.532  45.222 0.0000000000
60668  47.354  -5.922  45.264 0.0000000000
60667  48.094  -5.814  45.047 0.0000000000
61731  47.429  -4.491  44.497 0.0000000000
60678  48.496  -5.435  44.569 0.0000000000
55966  49.141  -9.091  43.928 0.0000000000
57099  49.645  -8.717  43.389 0.0000000000
59575  50.618  -6.896  42.878 0.0000000000
59576  50.215  -6.375  43.281 0.0000000000
60688  50.249  -5.605  43.169 0.0000000000
60689  49.693  -5.234  43.684 0.0000000000
61738  50.165  -4.790  43.154 0.0000000000
62745  50.065  -3.930  43.145 0.0000000000
152714  50.478  -4.408  42.598 0.0000000000
151025  51.169  -4.519  40.760 0.0000000000
61751  51.195  -3.751  40.903 0.0000000000
62761  51.805  -3.183  40.380 0.0000000000
61758  51.806  -4.113  40.121 0.0000000000
62767  52.579  -3.479  39.974 0.0000000000
61757  52.577  -4.937  39.308 0.0000000000
53782  40.469  -11.863  48.008 0.0000000000
54906  39.856  -11.225  46.897 0.0000000000
150533  40.281  -10.852  47.297 0.0000000000
58397  42.062  -7.961  46.016 0.0000000000
58423  42.321  -7.463  44.713 0.0000000000
59555  42.866  -6.905  44.995 0.0000000000
59554  43.621  -6.591  45.216 0.0000000000
59541  43.709  -6.933  46.071 0.0000000000
55926  45.081  -9.346  46.747 0.0000000000
57044  45.313  -8.563  46.589 0.0000000000
137426  45.820  -9.117  46.387 0.0000000000
55940  46.285  -9.643  46.043 0.0000000000
54915  45.996  -10.458  45.829 0.0000000000
156125  45.055  -12.344  46.908 0.0000000000
52722  46.461  -12.130  44.189 0.0000000000
76956  64.645  9.081  13.640 0.0000000000
75866  64.833  8.300  13.365 0.0000000000
74777  64.851  7.350  13.553 0.0000000000
75817  63.669  8.906  17.084 0.0000000000
75780  56.889  8.349  22.569 0.0000000000
75781  56.148  7.940  22.119 0.0000000000
75787  56.605  8.550  21.724 0.0000000000
78032  59.378  10.740  20.132 0.0000000000
78045  59.345  10.651  19.104 0.0000000000
79140  60.910  11.205  19.627 0.0000000000
76887  61.623  9.955  20.896 0.0000000000
78019  61.546  10.485  20.577 0.0000000000
75797  62.459  8.777  19.746 0.0000000000
74709  62.395  8.405  20.131 0.0000000000
150721  61.240  8.123  22.227 0.0000000000
75768  61.068  8.618  22.596 0.0000000000
73619  62.060  7.219  19.969 0.0000000000
64693  47.645  -1.260  41.637 0.0000000000
65625  47.380  -1.343  40.986 0.0000000000
70041  48.399  3.097  37.679 0.0000000000
71164  48.590  4.116  34.321 0.0000000000
72302  50.677  4.976  32.693 0.0000000000
71187  50.144  4.482  32.097 0.0000000000
72316  50.944  4.761  31.867 0.0000000000
71203  51.225  4.483  31.059 0.0000000000
72315  51.762  5.017  31.628 0.0000000000
72314  52.571  5.263  31.437 0.0000000000
72300  52.342  5.442  32.226 0.0000000000
132577  54.007  5.822  34.444 0.0000000000
152963  54.060  6.000  33.706 0.0000000000
73431  54.668  5.513  34.175 0.0000000000
133620  55.130  5.541  33.432 0.0000000000
72265  54.748  5.201  34.650 0.0000000000
71134  53.489  4.132  36.802 0.0000000000
72246  53.103  4.803  36.595 0.0000000000
70060  54.210  3.943  36.428 0.0000000000
68983  55.510  3.072  35.197 0.0000000000
70059  54.847  3.535  35.927 0.0000000000
70078  55.825  3.842  34.211 0.0000000000
68994  55.956  3.131  34.439 0.0000000000
68993  56.430  2.448  33.952 0.0000000000
67883  56.469  1.719  34.246 0.0000000000
65680  56.346  -0.156  33.794 0.0000000000
143014  53.743  -3.107  39.214 0.0000000000
63722  54.100  -2.505  38.825 0.0000000000
62780  54.130  -3.330  38.469 0.0000000000
52641  34.430  -12.814  52.273 0.0000000000
145926  34.703  -15.077  52.458 0.0000000000
50620  34.376  -14.552  52.694 0.0000000000
71254  52.776  4.136  27.781 0.0000000000
72365  53.894  5.115  28.729 0.0000000000
72352  54.450  5.581  29.237 0.0000000000
72353  53.737  5.241  29.549 0.0000000000
73484  54.069  5.730  30.999 0.0000000000
49575  40.769  -15.320  49.170 0.0000000000
145668  41.258  -14.823  48.885 0.0000000000
49574  41.309  -15.598  48.677 0.0000000000
49583  41.933  -15.767  48.198 0.0000000000
80288  62.088  11.743  17.227 0.0000000000
80278  62.747  11.346  17.607 0.0000000000
80279  62.392  11.499  17.851 0.0000000000
79153  62.463  11.133  18.334 0.0000000000
79138  62.192  10.964  19.103 0.0000000000
74676  59.125  7.511  24.217 0.0000000000
74675  59.607  7.220  24.092 0.0000000000
74674  60.071  6.640  23.985 0.0000000000
73585  60.411  5.937  23.827 0.0000000000
152246  50.925  -1.730  41.639 0.0000000000
65616  50.207  -0.560  42.004 0.0000000000
65623  50.930  -0.382  41.407 0.0000000000
136517  50.748  0.509  41.195 0.0000000000
67837  50.424  1.264  41.050 0.0000000000
68911  50.117  1.925  40.816 0.0000000000
67848  50.758  1.835  40.599 0.0000000000
67847  51.423  1.659  40.233 0.0000000000
68922  51.799  2.197  39.657 0.0000000000
67858  52.420  1.817  39.230 0.0000000000
66740  52.661  0.968  39.495 0.0000000000
66739  53.154  0.527  39.097 0.0000000000
65635  54.047  -0.842  38.657 0.0000000000
149694  36.741  -12.764  50.961 0.0000000000
51670  37.204  -13.353  51.036 0.0000000000
50638  37.620  -14.051  51.007 0.0000000000
50637  38.349  -14.194  50.461 0.0000000000
138357  39.053  -14.733  50.222 0.0000000000
49555  38.371  -15.100  50.646 0.0000000000
136289  54.900  4.158  25.979 0.0000000000
71271  55.729  4.484  25.651 0.0000000000
71261  56.314  4.895  26.072 0.0000000000
72411  57.082  5.155  25.596 0.0000000000
73564  58.138  5.518  26.765 0.0000000000
156048  58.315  5.543  27.206 0.0000000000
150126  59.181  5.226  27.479 0.0000000000
73525  58.624  5.397  28.034 0.0000000000
72312  56.628  5.423  31.250 0.0000000000
72332  57.446  4.878  30.687 0.0000000000
72298  57.087  4.798  31.337 0.0000000000
157453  57.300  3.766  31.819 0.0000000000
70099  57.802  2.895  31.258 0.0000000000
69012  57.864  2.167  31.421 0.0000000000
69013  57.491  2.671  31.996 0.0000000000
67907  57.561  2.006  32.051 0.0000000000
67900  57.343  1.479  32.406 0.0000000000
58393  46.448  -7.871  46.168 0.0000000000
146547  46.735  -6.484  45.645 0.0000000000
59537  47.016  -7.248  45.943 0.0000000000
145104  47.742  -7.496  45.364 0.0000000000
151523  48.424  -7.066  44.930 0.0000000000
57098  50.109  -8.360  42.863 0.0000000000
59590  50.904  -6.722  42.140 0.0000000000
61737  50.671  -5.217  42.460 0.0000000000
60698  50.909  -5.913  41.800 0.0000000000
60697  50.922  -6.084  40.941 0.0000000000
132169  41.596  -10.895  48.139 0.0000000000
54905  40.664  -10.270  47.254 0.0000000000
54890  41.430  -10.148  47.684 0.0000000000
57048  40.861  -8.969  46.099 0.0000000000
57047  41.667  -8.701  46.540 0.0000000000
57046  42.514  -8.266  46.680 0.0000000000
58380  43.123  -7.970  46.837 0.0000000000
58379  43.658  -8.086  47.006 0.0000000000
57028  43.758  -8.907  47.169 0.0000000000
55927  44.326  -9.587  47.123 0.0000000000
54901  44.852  -10.202  46.834 0.0000000000
78075  64.564  10.339  13.788 0.0000000000
78066  64.541  9.605  14.227 0.0000000000
74756  64.621  7.852  14.494 0.0000000000
74732  63.070  7.803  17.696 0.0000000000
76882  57.164  8.899  22.181 0.0000000000
76881  57.727  9.323  22.110 0.0000000000
151261  57.758  9.581  21.446 0.0000000000
76889  57.499  9.591  20.756 0.0000000000
78021  58.782  10.371  20.636 0.0000000000
78020  59.592  10.706  21.008 0.0000000000
79128  60.007  10.982  20.523 0.0000000000
79127  60.692  11.064  20.429 0.0000000000
79119  60.414  10.782  21.111 0.0000000000
78009  61.306  10.198  21.309 0.0000000000
76876  61.424  9.771  21.582 0.0000000000
73599  60.433  6.532  22.198 0.0000000000
73607  60.914  7.140  21.446 0.0000000000
62741  46.318  -4.367  43.793 0.0000000000
66731  47.941  0.298  40.225 0.0000000000
65637  47.343  -0.874  39.361 0.0000000000
66741  47.508  -0.283  38.836 0.0000000000
65644  47.405  -0.615  37.990 0.0000000000
71136  49.850  4.351  37.517 0.0000000000
133369  48.844  4.127  36.620 0.0000000000
72260  49.238  4.482  36.224 0.0000000000
72268  49.339  4.586  35.520 0.0000000000
150974  49.583  4.760  34.263 0.0000000000
72290  49.697  4.764  33.639 0.0000000000
72278  50.117  5.085  34.213 0.0000000000
72277  50.903  5.405  34.226 0.0000000000
72288  51.299  5.398  33.420 0.0000000000
73458  52.140  5.657  33.059 0.0000000000
73433  52.328  5.966  34.756 0.0000000000
73432  53.158  5.972  34.811 0.0000000000
145904  53.456  5.553  35.457 0.0000000000
68956  53.785  2.141  36.592 0.0000000000
68968  54.152  3.113  36.475 0.0000000000
142222  55.507  2.098  35.160 0.0000000000
67884  56.063  1.694  34.691 0.0000000000
66769  55.522  1.241  34.902 0.0000000000
53746  35.600  -11.920  50.975 0.0000000000
52647  35.381  -12.478  51.512 0.0000000000
53745  36.084  -12.562  51.198 0.0000000000
51661  36.385  -13.386  51.428 0.0000000000
50628  36.548  -14.786  51.644 0.0000000000
49557  36.851  -15.571  51.454 0.0000000000
140633  36.618  -16.373  51.443 0.0000000000
155884  36.387  -15.960  51.679 0.0000000000
48346  35.924  -16.384  51.846 0.0000000000
49548  34.656  -15.801  52.389 0.0000000000
71252  54.828  4.630  26.826 0.0000000000
72377  55.770  5.506  27.494 0.0000000000
73551  56.277  6.041  28.067 0.0000000000
73528  56.771  6.171  28.739 0.0000000000
73505  56.404  6.241  29.542 0.0000000000
138233  56.597  6.071  30.193 0.0000000000
150409  54.951  5.984  29.630 0.0000000000
73482  56.002  6.135  30.311 0.0000000000
73466  56.198  5.654  31.458 0.0000000000
72286  56.210  5.164  32.438 0.0000000000
149782  56.198  4.796  32.809 0.0000000000
54932  48.195  -10.345  43.986 0.0000000000
52680  39.495  -12.583  48.191 0.0000000000
135099  39.556  -12.039  47.124 0.0000000000
131914  40.800  -12.264  48.265 0.0000000000
51687  41.487  -13.683  48.596 0.0000000000
51699  41.494  -12.988  48.420 0.0000000000
52678  41.388  -12.270  48.287 0.0000000000
53780  41.966  -11.533  48.226 0.0000000000
134327  42.617  -11.827  48.133 0.0000000000
53779  43.231  -11.748  47.916 0.0000000000
157421  43.668  -11.673  47.578 0.0000000000
52676  43.742  -12.274  47.530 0.0000000000
50661  44.568  -13.684  47.089 0.0000000000
133885  44.812  -14.369  46.823 0.0000000000
80295  63.681  11.595  15.879 0.0000000000
78058  64.233  9.562  15.799 0.0000000000
137621  63.854  10.095  16.524 0.0000000000
76929  63.691  9.532  17.010 0.0000000000
76922  63.511  9.426  17.626 0.0000000000
79151  63.224  10.608  17.719 0.0000000000
78044  63.326  9.997  18.070 0.0000000000
75818  63.413  8.765  17.774 0.0000000000
137914  63.102  8.646  18.337 0.0000000000
74721  62.813  8.139  18.492 0.0000000000
74722  62.520  7.734  18.988 0.0000000000
74687  56.266  6.990  23.195 0.0000000000
75772  57.321  8.079  23.391 0.0000000000
75764  58.426  7.911  24.147 0.0000000000
75771  58.136  8.392  23.790 0.0000000000
76872  58.718  9.082  23.568 0.0000000000
76879  60.028  9.791  23.042 0.0000000000
76878  60.695  9.654  22.757 0.0000000000
151890  60.614  8.405  23.178 0.0000000000
144860  60.488  6.639  22.808 0.0000000000
63699  48.518  -2.504  43.377 0.0000000000
64680  47.754  -1.927  42.780 0.0000000000
64678  48.767  -1.848  43.085 0.0000000000
64685  48.688  -1.280  42.661 0.0000000000
65619  48.034  -0.544  41.772 0.0000000000
66714  49.700  0.081  41.939 0.0000000000
66715  49.045  0.046  42.021 0.0000000000
66723  48.230  0.105  41.193 0.0000000000
67859  47.927  0.958  39.327 0.0000000000
67863  47.869  1.308  38.499 0.0000000000
68959  47.617  1.771  36.877 0.0000000000
68946  48.336  2.490  38.312 0.0000000000
139493  48.845  3.090  38.397 0.0000000000
70039  49.424  3.560  38.396 0.0000000000
70016  50.272  2.810  39.955 0.0000000000
70028  49.983  3.364  38.889 0.0000000000
71128  49.440  3.988  37.903 0.0000000000
72238  50.591  4.552  37.647 0.0000000000
72237  51.244  4.583  37.637 0.0000000000
72247  51.692  4.899  37.069 0.0000000000
153409  52.152  4.878  36.913 0.0000000000
71125  52.054  4.066  37.778 0.0000000000
70037  52.475  3.630  37.712 0.0000000000
70049  53.061  3.428  37.356 0.0000000000
68932  52.757  2.187  38.526 0.0000000000
68944  53.091  2.531  37.788 0.0000000000
67869  53.367  2.076  37.340 0.0000000000
52696  38.311  -12.561  47.815 0.0000000000
142054  37.021  -12.148  49.828 0.0000000000
52683  37.320  -12.203  48.170 0.0000000000
52681  38.818  -12.700  48.403 0.0000000000
52666  39.412  -12.932  48.725 0.0000000000
156171  39.715  -13.880  49.390 0.0000000000
50646  40.394  -14.104  49.223 0.0000000000
49566  39.672  -15.237  49.993 0.0000000000
49565  40.253  -14.917  49.476 0.0000000000
73588  57.220  6.407  24.196 0.0000000000
73587  58.008  6.322  24.701 0.0000000000
73578  57.788  5.583  25.351 0.0000000000
74668  58.570  6.538  24.682 0.0000000000
73576  59.029  5.910  25.311 0.0000000000
72391  59.978  5.070  25.922 0.0000000000
72390  60.523  4.547  25.740 0.0000000000
72373  60.241  4.591  26.645 0.0000000000
71250  60.455  3.991  26.864 0.0000000000
71251  60.232  4.332  27.298 0.0000000000
73502  58.071  5.366  28.844 0.0000000000
140471  58.211  4.890  29.226 0.0000000000
72331  58.021  4.564  29.884 0.0000000000
60690  44.597  -5.791  43.580 0.0000000000
61733  45.707  -5.002  43.986 0.0000000000
60669  46.493  -5.761  45.281 0.0000000000
61725  46.258  -5.210  44.820 0.0000000000
61732  46.676  -4.624  44.399 0.0000000000
62739  47.987  -3.794  44.230 0.0000000000
57081  48.754  -8.574  44.377 0.0000000000
58409  48.765  -7.740  44.503 0.0000000000
59563  49.058  -6.812  44.395 0.0000000000
57079  49.860  -7.921  43.448 0.0000000000
59562  49.700  -6.589  43.861 0.0000000000
144906  49.226  -5.867  44.188 0.0000000000
61729  49.047  -4.895  44.185 0.0000000000
62738  48.828  -4.042  44.085 0.0000000000
62747  48.639  -3.271  43.822 0.0000000000
141824  49.180  -2.899  43.439 0.0000000000
63697  49.976  -2.921  43.048 0.0000000000
137813  50.518  -2.943  42.278 0.0000000000
61745  50.887  -4.443  41.760 0.0000000000
62754  50.886  -3.359  41.720 0.0000000000
63705  50.856  -2.435  41.775 0.0000000000
64692  51.251  -1.999  41.147 0.0000000000
63712  51.780  -2.298  40.563 0.0000000000
135913  52.352  -1.745  40.202 0.0000000000
63717  53.108  -2.004  39.872 0.0000000000
63723  53.183  -2.869  39.743 0.0000000000
62774  53.189  -3.688  39.493 0.0000000000
61763  53.702  -4.677  38.709 0.0000000000
60723  53.095  -5.180  38.889 0.0000000000
60732  53.525  -5.328  38.406 0.0000000000
54917  40.112  -10.480  46.684 0.0000000000
59565  43.385  -6.584  44.396 0.0000000000
59553  44.368  -6.317  45.493 0.0000000000
59539  45.425  -6.865  46.158 0.0000000000
58395  44.245  -7.607  46.572 0.0000000000
138901  44.946  -7.409  46.405 0.0000000000
58394  45.597  -7.743  46.355 0.0000000000
57043  46.604  -8.773  46.079 0.0000000000
55939  46.873  -9.412  45.731 0.0000000000
54923  46.990  -10.440  44.823 0.0000000000
53795  44.197  -11.512  47.291 0.0000000000
52693  45.030  -11.713  46.821 0.0000000000
53811  45.493  -11.656  46.177 0.0000000000
52705  45.821  -12.073  45.635 0.0000000000
53810  45.812  -11.253  45.617 0.0000000000
54924  46.267  -10.826  45.069 0.0000000000
52631  32.366  -12.622  53.156 0.0000000000
149093  64.911  8.452  12.780 0.0000000000
79155  61.179  11.275  18.651 0.0000000000
79139  61.718  11.175  19.441 0.0000000000
79125  61.883  10.760  19.878 0.0000000000
78018  61.904  10.273  20.156 0.0000000000
78017  62.336  9.982  19.657 0.0000000000
76898  62.410  9.323  19.737 0.0000000000
75805  62.541  8.298  19.337 0.0000000000
74723  62.372  7.461  19.501 0.0000000000
76877  61.233  9.364  22.194 0.0000000000
74699  62.107  8.555  20.999 0.0000000000
74700  61.611  7.894  21.451 0.0000000000
74710  62.184  7.811  20.385 0.0000000000
72481  61.809  6.805  18.804 0.0000000000
71244  51.399  3.799  28.909 0.0000000000
64687  47.468  -1.906  42.200 0.0000000000
64694  47.160  -1.924  41.468 0.0000000000
71188  49.330  4.244  32.311 0.0000000000
71222  50.655  4.017  30.460 0.0000000000
71221  51.454  4.289  30.255 0.0000000000
71220  52.059  4.547  30.023 0.0000000000
147720  52.798  5.164  30.795 0.0000000000
72313  53.327  5.488  31.230 0.0000000000
73469  53.882  5.838  31.720 0.0000000000
132575  52.937  5.863  32.748 0.0000000000
73457  53.751  5.976  32.467 0.0000000000
130873  54.487  5.995  32.109 0.0000000000
74585  55.136  5.758  32.916 0.0000000000
73429  55.492  5.326  33.212 0.0000000000
71174  55.951  4.633  33.277 0.0000000000
152317  53.030  5.250  36.123 0.0000000000
72266  53.561  5.158  35.999 0.0000000000
71155  54.259  5.116  35.474 0.0000000000
71143  54.665  4.391  35.820 0.0000000000
71154  55.019  4.714  35.092 0.0000000000
72275  55.238  4.803  34.312 0.0000000000
71163  55.663  4.441  33.928 0.0000000000
71162  56.089  4.084  33.512 0.0000000000
69002  56.670  2.838  33.230 0.0000000000
142037  56.770  2.135  33.403 0.0000000000
67893  56.929  1.458  33.181 0.0000000000
67895  56.389  1.092  34.363 0.0000000000
66777  56.771  0.380  33.800 0.0000000000
64704  53.527  -1.412  39.347 0.0000000000
64703  54.091  -1.784  38.875 0.0000000000
64709  54.334  -1.662  38.140 0.0000000000
62779  54.407  -3.142  37.656 0.0000000000
152664  54.534  -2.287  37.406 0.0000000000
133931  54.348  -0.840  37.855 0.0000000000
64719  54.466  -1.056  36.555 0.0000000000
49573  41.769  -14.980  48.423 0.0000000000
50645  41.140  -14.122  49.010 0.0000000000
51706  44.166  -13.006  47.275 0.0000000000
51722  46.228  -12.574  45.021 0.0000000000
52695  39.192  -12.480  47.732 0.0000000000
53781  41.161  -11.595  48.197 0.0000000000
53796  43.536  -11.151  47.661 0.0000000000
53797  40.138  -11.515  47.517 0.0000000000
54916  45.335  -10.875  46.342 0.0000000000
54940  49.613  -9.842  42.496 0.0000000000
55916  42.221  -9.694  47.587 0.0000000000
55952  47.262  -9.688  45.243 0.0000000000
55967  48.403  -9.390  44.414 0.0000000000
57045  44.840  -8.047  46.721 0.0000000000
58378  44.244  -8.250  46.993 0.0000000000
58396  43.554  -7.663  46.507 0.0000000000
58410  42.541  -7.513  45.436 0.0000000000
58411  41.843  -7.887  45.185 0.0000000000
58422  49.530  -7.414  44.004 0.0000000000
58435  50.093  -7.145  43.437 0.0000000000
59542  43.065  -6.984  45.647 0.0000000000
59589  50.908  -6.689  41.295 0.0000000000
60670  45.732  -5.711  45.221 0.0000000000
60679  47.769  -5.202  44.835 0.0000000000
61750  51.462  -4.987  40.175 0.0000000000
61770  54.061  -4.787  37.995 0.0000000000
61775  54.490  -3.726  37.113 0.0000000000
62746  49.361  -3.574  43.523 0.0000000000
62748  47.222  -2.994  43.382 0.0000000000
62773  53.737  -3.929  38.978 0.0000000000
63700  47.802  -2.434  43.224 0.0000000000
63706  50.305  -2.286  42.374 0.0000000000
63728  54.301  -2.504  38.174 0.0000000000
63739  54.621  -2.490  36.622 0.0000000000
64679  48.219  -1.803  43.022 0.0000000000
64714  54.523  -1.326  37.330 0.0000000000
65615  50.681  -1.173  41.837 0.0000000000
65618  48.572  -0.624  42.190 0.0000000000
65629  52.685  -0.319  40.038 0.0000000000
65631  47.618  -0.360  39.707 0.0000000000
66716  48.538  -0.087  41.769 0.0000000000
66722  48.798  0.473  41.418 0.0000000000
66776  56.962  0.679  33.235 0.0000000000
67836  51.111  1.113  40.756 0.0000000000
67838  49.739  1.293  41.142 0.0000000000
67849  48.878  1.652  40.481 0.0000000000
67870  47.783  1.572  37.705 0.0000000000
67894  56.875  1.136  33.890 0.0000000000
68924  50.476  2.383  40.264 0.0000000000
68925  49.895  2.372  40.305 0.0000000000
69037  59.807  2.780  28.287 0.0000000000
70017  49.769  2.823  39.644 0.0000000000
70018  49.179  2.589  39.565 0.0000000000
70027  50.426  3.150  39.345 0.0000000000
70040  48.911  3.650  37.846 0.0000000000
70048  53.747  3.530  36.890 0.0000000000
70050  48.566  3.633  37.101 0.0000000000
70070  55.685  3.709  34.820 0.0000000000
70112  58.199  3.077  30.547 0.0000000000
70131  59.555  3.204  28.765 0.0000000000
70132  50.977  3.837  29.639 0.0000000000
71126  50.888  4.184  38.194 0.0000000000
71127  50.137  3.974  38.203 0.0000000000
71145  48.713  4.171  35.872 0.0000000000
71153  55.482  4.265  34.657 0.0000000000
71175  49.177  4.359  33.141 0.0000000000
71202  57.848  4.171  30.557 0.0000000000
71218  58.985  3.481  29.238 0.0000000000
71219  58.376  3.860  29.837 0.0000000000
71233  51.726  4.192  29.528 0.0000000000
71242  53.356  4.612  28.265 0.0000000000
71285  55.851  4.533  24.805 0.0000000000
72235  52.381  4.627  37.064 0.0000000000
72236  51.799  4.556  37.427 0.0000000000
72250  49.509  4.507  36.848 0.0000000000
72257  52.153  5.218  36.486 0.0000000000
72259  50.736  5.199  36.435 0.0000000000
72267  50.442  5.246  35.578 0.0000000000
72279  49.201  4.478  34.671 0.0000000000
72287  55.849  5.063  32.998 0.0000000000
72289  50.409  5.083  33.500 0.0000000000
72291  49.115  4.436  33.914 0.0000000000
72334  52.629  4.920  30.169 0.0000000000
72350  59.401  4.379  28.404 0.0000000000
72451  59.656  5.214  21.518 0.0000000000
73411  52.047  5.598  36.025 0.0000000000
73430  55.092  5.212  33.865 0.0000000000
73446  52.798  6.009  33.548 0.0000000000
73447  52.021  5.864  33.939 0.0000000000
73454  55.921  5.559  32.226 0.0000000000
73455  55.546  5.579  32.824 0.0000000000
73456  54.437  5.953  32.940 0.0000000000
73467  55.533  6.020  31.014 0.0000000000
73480  57.078  5.474  30.624 0.0000000000
74594  55.558  5.751  32.294 0.0000000000
74605  55.581  5.871  31.678 0.0000000000
75786  62.239  9.021  20.429 0.0000000000
75856  64.676  8.370  13.999 0.0000000000
76880  58.888  10.025  22.432 0.0000000000
76947  64.577  8.835  14.342 0.0000000000
78067  64.427  9.952  15.025 0.0000000000
79124  62.235  10.557  19.437 0.0000000000
80287  62.673  11.728  17.122 0.0000000000
130812  56.318  5.380  31.845 0.0000000000
132529  52.749  6.054  34.238 0.0000000000
135135  53.591  6.028  33.268 0.0000000000
136837  52.608  -4.224  39.637 0.0000000000
138416  42.943  -9.335  47.374 0.0000000000
139042  46.104  -4.886  44.337 0.0000000000
143733  58.186  1.706  30.942 0.0000000000
143803  63.186  8.271  17.894 0.0000000000
146634  46.949  -1.881  40.021 0.0000000000
146942  52.566  5.062  36.524 0.0000000000
147003  47.738  0.242  39.366 0.0000000000
147218  47.958  1.970  38.243 0.0000000000
149738  50.471  5.256  34.802 0.0000000000
150643  47.336  -1.099  40.177 0.0000000000
151823  53.345  0.845  38.510 0.0000000000
151835  57.119  5.191  31.007 0.0000000000
153039  47.522  0.484  37.456 0.0000000000
153573  55.391  5.073  27.001 0.0000000000
154092  47.700  -0.446  40.263 0.0000000000
154156  60.511  4.246  26.342 0.0000000000
154523  50.890  -5.222  41.811 0.0000000000
155004  64.718  8.623  13.511 0.0000000000
155602  48.294  -7.695  45.000 0.0000000000
155852  41.153  -13.292  48.633 0.0000000000
156891  49.834  4.998  35.595 0.0000000000
157639  51.449  5.617  34.038 0.0000000000
