#!ascii label  , from subject freesurfer vox2ras=TkReg
1256
109972  51.618  45.607  -10.734 0.0000000000
114126  54.937  51.626  -12.601 0.0000000000
133955  58.655  41.546  -3.249 0.0000000000
108460  45.940  44.086  -9.174 0.0000000000
131412  49.011  41.808  -7.270 0.0000000000
107752  52.588  42.811  -17.882 0.0000000000
116255  49.007  55.086  -10.539 0.0000000000
114171  48.885  51.704  -16.980 0.0000000000
106120  57.256  40.512  2.341 0.0000000000
153697  52.953  35.937  -2.587 0.0000000000
109999  56.304  45.493  -12.330 0.0000000000
148942  55.873  44.716  -6.384 0.0000000000
111987  56.694  47.739  -6.488 0.0000000000
111260  54.853  47.035  -0.044 0.0000000000
117483  52.649  57.241  -17.577 0.0000000000
110705  53.414  46.240  -18.009 0.0000000000
104741  52.794  38.657  -7.486 0.0000000000
109975  48.859  45.383  -10.495 0.0000000000
108443  47.526  43.506  -8.312 0.0000000000
139197  50.241  44.477  -8.160 0.0000000000
109263  52.333  44.712  -14.905 0.0000000000
131644  48.987  45.610  -12.997 0.0000000000
115603  46.246  53.510  -12.363 0.0000000000
104653  57.328  38.764  3.969 0.0000000000
103261  57.690  36.905  0.504 0.0000000000
101581  58.494  35.092  2.123 0.0000000000
114947  54.246  52.413  -22.138 0.0000000000
112031  56.351  48.595  -12.969 0.0000000000
111349  57.439  47.047  -9.414 0.0000000000
134130  55.341  49.308  -9.860 0.0000000000
112636  50.956  49.256  -3.352 0.0000000000
112627  53.890  49.928  -1.753 0.0000000000
111274  52.422  47.572  -0.650 0.0000000000
149013  53.697  44.075  0.879 0.0000000000
114148  51.901  50.788  -13.896 0.0000000000
112734  50.810  49.036  -16.834 0.0000000000
112720  55.308  49.137  -14.766 0.0000000000
153038  56.692  45.763  -15.616 0.0000000000
107681  57.725  42.466  -5.616 0.0000000000
146799  54.709  40.854  -6.446 0.0000000000
105429  56.636  38.955  -6.417 0.0000000000
106196  46.761  40.641  -7.511 0.0000000000
105470  48.765  38.869  -8.772 0.0000000000
107034  53.546  41.608  -20.702 0.0000000000
107779  48.806  41.956  -19.438 0.0000000000
115585  53.025  53.647  -11.262 0.0000000000
114875  54.037  52.795  -8.899 0.0000000000
118744  46.058  58.120  -15.139 0.0000000000
117478  48.621  57.228  -16.496 0.0000000000
114131  49.181  51.836  -12.831 0.0000000000
106922  58.152  41.350  -0.035 0.0000000000
105412  55.774  39.097  -2.309 0.0000000000
103995  55.102  38.482  -0.127 0.0000000000
102424  56.240  36.053  -2.716 0.0000000000
152713  54.786  45.575  -12.064 0.0000000000
131441  53.296  45.672  -8.892 0.0000000000
109952  56.181  45.313  -9.041 0.0000000000
154540  57.490  45.487  -6.443 0.0000000000
109922  57.415  45.548  -3.848 0.0000000000
112650  54.785  50.308  -5.136 0.0000000000
111302  56.124  47.339  -2.658 0.0000000000
152910  57.191  44.795  -1.285 0.0000000000
145906  56.701  43.177  2.086 0.0000000000
106115  55.001  40.808  2.438 0.0000000000
118160  52.379  57.288  -19.844 0.0000000000
114192  54.267  51.529  -20.208 0.0000000000
157696  52.095  50.234  -19.440 0.0000000000
110726  53.401  45.715  -20.363 0.0000000000
108540  55.779  42.980  -18.112 0.0000000000
133026  55.557  43.833  -15.120 0.0000000000
108420  52.586  43.700  -6.123 0.0000000000
131244  51.461  39.822  -7.889 0.0000000000
104062  49.640  37.868  -8.803 0.0000000000
157476  52.485  37.981  -4.407 0.0000000000
109974  49.904  45.496  -10.729 0.0000000000
109185  49.478  44.901  -9.143 0.0000000000
109965  50.811  45.140  -9.362 0.0000000000
131930  52.182  45.447  -13.112 0.0000000000
110016  50.498  45.402  -13.929 0.0000000000
131648  50.433  45.673  -12.355 0.0000000000
131646  48.824  45.701  -12.105 0.0000000000
154166  56.925  38.186  4.995 0.0000000000
103957  57.833  37.229  2.937 0.0000000000
102393  58.112  35.590  3.998 0.0000000000
104066  46.368  36.921  -9.060 0.0000000000
113405  55.657  50.326  -12.460 0.0000000000
148360  55.709  49.304  -11.286 0.0000000000
113399  55.209  50.811  -11.281 0.0000000000
132988  50.192  48.172  -1.866 0.0000000000
111936  51.686  48.236  -1.352 0.0000000000
114136  53.925  51.608  -13.144 0.0000000000
113426  53.502  50.568  -13.912 0.0000000000
131008  55.196  50.434  -13.830 0.0000000000
112712  56.053  49.335  -13.973 0.0000000000
107676  58.555  41.923  -5.028 0.0000000000
155011  58.275  40.294  -6.629 0.0000000000
105415  58.549  39.737  -4.543 0.0000000000
108445  44.300  43.351  -8.758 0.0000000000
107715  45.189  43.003  -8.436 0.0000000000
107700  48.253  42.354  -7.516 0.0000000000
131067  47.558  42.002  -7.569 0.0000000000
106980  48.357  41.381  -7.426 0.0000000000
105457  48.260  39.517  -8.065 0.0000000000
105456  49.531  39.874  -8.052 0.0000000000
107011  52.317  41.917  -19.330 0.0000000000
107036  51.153  41.341  -20.452 0.0000000000
107766  50.559  42.515  -18.781 0.0000000000
109206  45.881  45.123  -10.451 0.0000000000
109189  44.434  44.694  -10.110 0.0000000000
116253  50.873  54.952  -10.323 0.0000000000
116868  51.979  55.250  -9.496 0.0000000000
116850  50.340  55.392  -8.567 0.0000000000
157551  48.133  54.157  -11.342 0.0000000000
114905  47.781  52.699  -12.422 0.0000000000
115588  49.743  53.704  -11.248 0.0000000000
114891  51.130  52.860  -11.654 0.0000000000
106909  57.823  41.396  1.670 0.0000000000
140718  56.387  39.363  -0.043 0.0000000000
105373  56.903  39.482  0.667 0.0000000000
151205  58.460  35.903  -1.015 0.0000000000
103277  57.431  36.576  -1.167 0.0000000000
103290  58.470  36.046  -2.920 0.0000000000
110000  55.488  45.345  -12.340 0.0000000000
133421  55.596  45.476  -10.929 0.0000000000
155217  56.693  45.413  -10.762 0.0000000000
111335  57.060  47.525  -7.934 0.0000000000
110667  57.559  46.309  -8.202 0.0000000000
111327  57.459  46.855  -6.788 0.0000000000
110646  57.448  46.175  -5.452 0.0000000000
110647  56.984  46.871  -5.131 0.0000000000
114852  53.148  52.714  -6.498 0.0000000000
113382  53.790  51.472  -7.039 0.0000000000
114083  53.523  51.646  -5.187 0.0000000000
111924  54.523  48.303  -0.700 0.0000000000
112625  54.934  49.668  -2.124 0.0000000000
111270  55.632  47.297  -0.851 0.0000000000
109921  56.670  46.051  -2.036 0.0000000000
110596  56.047  45.915  0.012 0.0000000000
137229  57.044  44.266  0.348 0.0000000000
109881  55.804  44.892  1.157 0.0000000000
107633  53.206  42.714  0.962 0.0000000000
107632  54.042  42.961  1.525 0.0000000000
118140  52.918  57.863  -18.693 0.0000000000
116307  54.024  54.930  -19.782 0.0000000000
116303  53.291  54.801  -18.866 0.0000000000
116300  48.563  54.809  -17.669 0.0000000000
117486  50.034  56.548  -17.314 0.0000000000
114926  49.417  52.508  -17.993 0.0000000000
112075  51.993  47.525  -17.142 0.0000000000
112762  50.810  49.394  -18.245 0.0000000000
111406  51.989  47.259  -18.865 0.0000000000
112093  52.658  47.870  -19.731 0.0000000000
110711  53.307  45.738  -18.878 0.0000000000
109317  54.720  43.542  -19.516 0.0000000000
109304  55.640  44.610  -18.103 0.0000000000
110014  56.843  45.430  -13.538 0.0000000000
108499  56.340  43.913  -15.580 0.0000000000
109247  56.157  44.633  -13.760 0.0000000000
109248  55.228  44.679  -13.612 0.0000000000
137374  54.193  45.066  -7.119 0.0000000000
109166  52.740  44.789  -7.128 0.0000000000
140676  54.335  44.045  -5.880 0.0000000000
105451  54.009  39.873  -7.190 0.0000000000
106178  53.485  40.358  -7.061 0.0000000000
106190  53.094  39.755  -7.567 0.0000000000
105468  50.751  39.113  -8.698 0.0000000000
104743  51.090  38.333  -8.054 0.0000000000
104707  53.258  38.182  -1.382 0.0000000000
104715  54.079  38.650  -3.537 0.0000000000
103291  51.873  36.568  -2.999 0.0000000000
132704  47.150  44.717  -9.651 0.0000000000
134483  46.745  43.760  -8.746 0.0000000000
109175  47.568  44.232  -8.915 0.0000000000
108441  49.057  44.152  -8.215 0.0000000000
108431  49.658  43.282  -7.248 0.0000000000
109290  52.492  43.800  -16.370 0.0000000000
109976  47.125  45.434  -11.094 0.0000000000
105358  56.731  39.897  3.168 0.0000000000
103980  57.200  38.594  1.472 0.0000000000
103966  57.620  37.967  2.658 0.0000000000
103245  58.195  36.043  0.965 0.0000000000
110675  56.825  46.128  -12.305 0.0000000000
143790  57.319  46.235  -10.777 0.0000000000
111356  56.687  47.716  -10.787 0.0000000000
112008  56.534  48.126  -9.256 0.0000000000
112004  55.857  48.648  -7.482 0.0000000000
113353  52.189  50.527  -4.156 0.0000000000
113352  52.977  50.961  -3.938 0.0000000000
112634  52.619  49.944  -2.678 0.0000000000
111926  53.360  48.615  -0.929 0.0000000000
111262  53.657  47.159  -0.263 0.0000000000
153871  54.259  45.795  0.430 0.0000000000
109889  52.993  45.468  0.105 0.0000000000
133258  52.244  44.070  0.221 0.0000000000
135919  51.544  43.003  0.214 0.0000000000
118755  51.975  58.739  -16.773 0.0000000000
156040  50.518  50.572  -14.759 0.0000000000
113443  49.949  50.458  -16.698 0.0000000000
113435  51.383  49.963  -14.893 0.0000000000
112053  53.192  48.748  -15.355 0.0000000000
111391  54.104  47.435  -16.438 0.0000000000
110703  55.600  45.935  -17.113 0.0000000000
111381  56.022  47.814  -15.587 0.0000000000
110688  56.668  46.878  -14.558 0.0000000000
108416  56.752  43.652  -5.663 0.0000000000
137577  55.552  42.813  -5.567 0.0000000000
106953  57.124  41.316  -6.366 0.0000000000
106176  56.674  39.929  -7.165 0.0000000000
104723  54.342  38.931  -6.431 0.0000000000
102452  54.777  35.647  -4.884 0.0000000000
102443  52.515  35.490  -4.520 0.0000000000
136416  44.575  39.904  -7.232 0.0000000000
107702  46.082  42.563  -8.028 0.0000000000
135501  45.693  40.717  -7.479 0.0000000000
105459  45.279  39.300  -7.421 0.0000000000
105472  46.958  38.871  -7.959 0.0000000000
104758  47.475  38.302  -8.549 0.0000000000
104766  47.838  37.970  -8.859 0.0000000000
107054  51.451  41.303  -22.258 0.0000000000
106239  49.067  41.321  -20.935 0.0000000000
115599  54.025  52.910  -11.801 0.0000000000
114122  54.610  52.361  -10.812 0.0000000000
116241  53.526  54.059  -10.104 0.0000000000
115553  52.878  54.536  -7.971 0.0000000000
155517  52.323  52.866  -6.688 0.0000000000
113366  51.702  51.253  -6.018 0.0000000000
112642  50.566  49.758  -4.873 0.0000000000
118113  47.857  57.629  -15.986 0.0000000000
116899  47.419  55.668  -16.955 0.0000000000
114924  47.833  52.541  -16.584 0.0000000000
114156  49.295  51.169  -14.892 0.0000000000
114129  51.109  51.639  -12.855 0.0000000000
136352  52.611  52.430  -12.314 0.0000000000
106933  58.458  41.333  -1.719 0.0000000000
105410  57.967  39.484  -3.025 0.0000000000
106152  57.417  39.905  -0.914 0.0000000000
105403  54.672  38.904  -1.000 0.0000000000
103273  54.024  37.322  -0.909 0.0000000000
153991  56.424  38.110  0.509 0.0000000000
103279  55.459  36.658  -1.200 0.0000000000
102425  55.006  35.928  -2.428 0.0000000000
109986  53.263  45.679  -11.790 0.0000000000
131651  52.117  45.599  -10.015 0.0000000000
131653  54.105  45.786  -10.185 0.0000000000
132963  55.245  45.443  -8.597 0.0000000000
109946  56.126  45.236  -8.016 0.0000000000
109958  57.375  45.649  -9.656 0.0000000000
109944  57.302  45.659  -7.877 0.0000000000
109937  56.984  45.027  -6.931 0.0000000000
109150  57.413  44.466  -5.774 0.0000000000
109142  58.105  43.890  -4.625 0.0000000000
140325  58.340  43.262  -3.993 0.0000000000
113397  54.428  51.014  -9.664 0.0000000000
112679  54.499  50.040  -7.382 0.0000000000
111988  55.729  48.777  -5.640 0.0000000000
113350  54.199  50.877  -3.739 0.0000000000
112640  55.152  49.713  -3.916 0.0000000000
111321  56.457  47.513  -4.739 0.0000000000
110640  56.615  46.723  -3.593 0.0000000000
149716  57.379  44.847  -2.291 0.0000000000
131993  58.222  42.867  -2.184 0.0000000000
107655  57.918  42.475  -0.461 0.0000000000
107642  57.661  42.516  1.062 0.0000000000
106900  57.327  41.863  2.382 0.0000000000
109104  55.035  44.230  1.491 0.0000000000
107626  56.165  42.639  2.610 0.0000000000
106114  55.731  41.091  2.708 0.0000000000
105359  55.782  40.046  3.176 0.0000000000
116927  53.620  55.203  -20.822 0.0000000000
114942  54.634  52.561  -20.834 0.0000000000
112102  54.729  49.171  -20.992 0.0000000000
114169  50.052  51.411  -17.980 0.0000000000
115634  52.518  53.325  -19.013 0.0000000000
113480  52.831  50.595  -19.708 0.0000000000
112104  53.676  48.177  -20.217 0.0000000000
110737  53.922  45.986  -21.230 0.0000000000
149289  54.048  43.417  -21.023 0.0000000000
107020  54.265  41.928  -19.813 0.0000000000
107006  54.619  42.230  -18.179 0.0000000000
109303  56.402  43.957  -17.189 0.0000000000
107739  55.807  42.779  -16.913 0.0000000000
108514  54.214  43.022  -16.598 0.0000000000
109273  53.743  44.137  -15.219 0.0000000000
110015  53.219  45.200  -13.564 0.0000000000
109955  51.630  45.026  -8.389 0.0000000000
109164  51.300  44.056  -6.908 0.0000000000
107690  50.663  42.220  -6.642 0.0000000000
107685  53.561  42.607  -5.615 0.0000000000
142383  52.106  41.123  -6.625 0.0000000000
106978  50.330  40.686  -7.370 0.0000000000
105455  50.358  39.609  -8.311 0.0000000000
104756  49.411  38.695  -9.050 0.0000000000
105418  56.329  38.836  -3.837 0.0000000000
104719  54.091  38.507  -4.573 0.0000000000
104724  53.486  38.379  -5.990 0.0000000000
102445  51.025  36.355  -4.638 0.0000000000
104032  51.187  37.629  -7.213 0.0000000000
154735  57.636  34.327  2.557 0.0000000000
135204  58.195  33.818  0.193 0.0000000000
109973  50.798  45.479  -10.537 0.0000000000
130934  50.413  45.306  -9.973 0.0000000000
131448  51.239  45.408  -9.963 0.0000000000
109987  51.550  45.681  -12.127 0.0000000000
131649  50.806  45.629  -11.354 0.0000000000
109988  49.774  45.678  -11.713 0.0000000000
103190  57.522  36.989  4.815 0.0000000000
113412  55.389  51.072  -12.854 0.0000000000
112695  55.573  50.152  -11.719 0.0000000000
113406  55.301  51.169  -12.119 0.0000000000
114127  54.440  51.773  -12.756 0.0000000000
113418  54.709  51.041  -13.535 0.0000000000
114134  54.899  51.394  -13.112 0.0000000000
113417  55.285  50.816  -13.358 0.0000000000
107670  58.714  41.721  -4.086 0.0000000000
139146  58.685  40.299  -4.905 0.0000000000
106164  58.665  40.188  -3.968 0.0000000000
108444  45.161  43.699  -8.950 0.0000000000
106194  48.562  40.281  -7.716 0.0000000000
106193  49.192  40.806  -7.527 0.0000000000
107764  52.402  42.338  -18.659 0.0000000000
107765  51.328  42.136  -19.273 0.0000000000
107753  51.611  42.717  -18.377 0.0000000000
156777  45.674  44.446  -9.596 0.0000000000
109188  45.410  44.731  -10.001 0.0000000000
108461  45.169  44.286  -9.512 0.0000000000
108462  44.408  44.043  -9.362 0.0000000000
116254  49.931  55.079  -10.485 0.0000000000
116870  50.411  55.489  -9.815 0.0000000000
116862  49.932  55.688  -9.117 0.0000000000
116267  48.490  54.573  -11.033 0.0000000000
115589  48.715  53.802  -11.392 0.0000000000
116266  49.368  54.506  -10.956 0.0000000000
116265  50.337  54.392  -10.827 0.0000000000
106127  57.588  40.351  1.372 0.0000000000
144062  57.398  39.917  1.569 0.0000000000
151649  58.621  35.864  -2.322 0.0000000000
109219  56.004  45.286  -12.338 0.0000000000
154808  56.160  45.440  -11.738 0.0000000000
109983  56.460  45.540  -11.461 0.0000000000
111999  56.594  47.933  -7.298 0.0000000000
111328  57.103  47.411  -7.081 0.0000000000
145931  57.116  47.292  -6.402 0.0000000000
111323  57.332  46.842  -5.974 0.0000000000
111324  56.750  47.507  -5.689 0.0000000000
114091  52.902  52.213  -5.987 0.0000000000
114090  53.355  51.923  -5.918 0.0000000000
114084  53.079  51.794  -5.247 0.0000000000
137282  54.388  47.698  -0.410 0.0000000000
111271  55.005  47.643  -0.430 0.0000000000
110614  55.412  46.872  -0.218 0.0000000000
110613  56.064  46.435  -0.637 0.0000000000
110597  55.379  46.242  0.214 0.0000000000
109885  55.893  45.468  0.632 0.0000000000
109886  55.314  45.621  0.679 0.0000000000
106904  52.998  41.951  1.041 0.0000000000
118132  52.689  57.981  -17.870 0.0000000000
118780  52.487  58.618  -18.409 0.0000000000
157113  52.905  57.502  -18.089 0.0000000000
116909  53.338  55.454  -18.781 0.0000000000
157069  53.136  55.195  -18.655 0.0000000000
115627  48.330  52.840  -17.305 0.0000000000
149971  49.071  54.143  -17.968 0.0000000000
114927  48.879  52.307  -17.485 0.0000000000
111400  52.653  46.876  -17.596 0.0000000000
111401  51.858  47.233  -18.097 0.0000000000
110706  52.512  46.540  -18.659 0.0000000000
110065  54.817  44.833  -18.618 0.0000000000
110710  54.180  45.558  -18.335 0.0000000000
109231  56.543  45.216  -13.226 0.0000000000
109246  56.488  44.790  -13.757 0.0000000000
109232  56.096  44.975  -13.027 0.0000000000
135749  55.830  44.899  -13.121 0.0000000000
109161  55.121  44.883  -6.661 0.0000000000
133627  54.273  44.546  -6.370 0.0000000000
109153  55.204  44.336  -5.995 0.0000000000
105452  53.327  39.339  -7.491 0.0000000000
105453  52.509  39.154  -8.052 0.0000000000
104742  51.983  38.489  -7.862 0.0000000000
103282  52.731  36.896  -1.886 0.0000000000
104713  52.677  37.895  -2.005 0.0000000000
103288  52.479  36.468  -2.430 0.0000000000
109204  47.797  45.171  -10.267 0.0000000000
145890  47.963  44.745  -9.455 0.0000000000
109173  49.578  44.500  -8.471 0.0000000000
136290  48.989  43.603  -7.769 0.0000000000
109169  49.785  44.052  -7.767 0.0000000000
133649  52.318  44.319  -15.664 0.0000000000
109291  51.531  44.239  -16.331 0.0000000000
109265  51.415  44.763  -15.339 0.0000000000
110017  49.082  45.503  -13.769 0.0000000000
154267  49.749  45.455  -14.017 0.0000000000
130997  48.138  45.530  -11.317 0.0000000000
109205  46.724  45.148  -10.347 0.0000000000
104663  57.121  39.380  3.500 0.0000000000
104669  57.493  38.547  2.387 0.0000000000
104662  57.514  38.736  3.110 0.0000000000
153845  58.287  35.857  2.343 0.0000000000
155064  58.012  36.563  2.444 0.0000000000
102399  58.403  35.592  1.522 0.0000000000
102405  58.566  35.424  0.683 0.0000000000
142993  58.736  34.702  0.437 0.0000000000
115651  53.926  53.281  -22.117 0.0000000000
115652  52.931  53.469  -22.567 0.0000000000
111362  56.582  47.662  -12.452 0.0000000000
111361  56.839  46.808  -11.948 0.0000000000
111359  56.625  47.624  -11.661 0.0000000000
112016  55.764  48.875  -10.547 0.0000000000
156379  55.999  48.574  -9.733 0.0000000000
112009  55.820  48.705  -8.797 0.0000000000
112641  51.294  49.821  -4.073 0.0000000000
112635  51.929  49.817  -3.226 0.0000000000
112629  52.091  49.365  -2.380 0.0000000000
111927  52.038  47.930  -0.916 0.0000000000
111935  52.597  48.471  -1.151 0.0000000000
111273  52.881  48.079  -0.771 0.0000000000
155097  53.462  48.095  -0.650 0.0000000000
111263  52.896  47.109  -0.422 0.0000000000
110600  53.408  46.677  -0.154 0.0000000000
110601  52.581  46.356  -0.259 0.0000000000
109890  51.821  45.507  -0.260 0.0000000000
109113  51.670  44.592  -0.130 0.0000000000
108381  52.482  43.325  0.501 0.0000000000
108382  51.584  43.800  0.042 0.0000000000
113428  51.251  50.437  -14.503 0.0000000000
143032  50.602  50.269  -15.165 0.0000000000
113427  52.347  50.322  -14.226 0.0000000000
112721  54.680  49.367  -14.749 0.0000000000
112722  53.789  49.388  -14.778 0.0000000000
112052  54.209  48.726  -15.299 0.0000000000
112065  53.595  48.058  -15.918 0.0000000000
112064  54.636  48.061  -15.821 0.0000000000
112063  55.442  47.988  -15.718 0.0000000000
112050  55.685  48.532  -15.156 0.0000000000
112033  56.356  48.590  -13.667 0.0000000000
111375  56.526  47.741  -14.014 0.0000000000
111368  56.568  47.699  -13.231 0.0000000000
110682  56.713  46.814  -13.596 0.0000000000
138021  57.319  43.527  -5.639 0.0000000000
107682  57.136  42.475  -5.753 0.0000000000
106174  58.069  39.789  -6.798 0.0000000000
106175  57.382  40.017  -7.140 0.0000000000
105438  57.177  39.502  -6.945 0.0000000000
105439  56.203  39.547  -6.877 0.0000000000
105430  55.497  39.010  -6.409 0.0000000000
106197  44.810  40.716  -7.403 0.0000000000
107713  46.785  43.100  -8.215 0.0000000000
135932  46.784  41.755  -7.631 0.0000000000
148742  45.327  40.075  -7.337 0.0000000000
134479  46.220  39.693  -7.515 0.0000000000
104744  46.030  38.736  -7.751 0.0000000000
105458  47.331  39.606  -7.743 0.0000000000
105471  47.874  38.912  -8.330 0.0000000000
104757  48.205  38.429  -8.805 0.0000000000
107799  53.463  42.639  -21.891 0.0000000000
106229  51.936  41.081  -21.467 0.0000000000
107024  49.627  41.496  -20.179 0.0000000000
106231  49.489  41.292  -20.666 0.0000000000
154334  49.099  41.434  -20.385 0.0000000000
147002  48.070  41.512  -20.008 0.0000000000
115600  53.535  53.009  -11.824 0.0000000000
115573  53.845  53.656  -10.763 0.0000000000
149923  53.012  54.072  -10.725 0.0000000000
116229  52.441  55.070  -8.384 0.0000000000
115536  52.630  54.090  -7.367 0.0000000000
114093  51.278  51.692  -6.760 0.0000000000
113360  51.137  50.475  -5.569 0.0000000000
118743  47.478  58.891  -14.989 0.0000000000
147248  47.007  58.064  -15.446 0.0000000000
116900  46.627  55.608  -16.483 0.0000000000
116294  46.913  54.768  -16.846 0.0000000000
115632  47.676  54.238  -17.246 0.0000000000
114911  48.329  52.023  -12.995 0.0000000000
114140  48.141  51.876  -13.834 0.0000000000
114151  48.072  51.831  -14.571 0.0000000000
114139  48.886  51.654  -13.578 0.0000000000
114149  49.457  51.287  -14.070 0.0000000000
114130  50.080  51.700  -12.813 0.0000000000
157273  51.525  53.458  -11.303 0.0000000000
114901  51.662  52.260  -12.235 0.0000000000
115601  52.891  53.069  -11.804 0.0000000000
114900  53.372  52.515  -12.339 0.0000000000
106137  58.358  40.982  -1.068 0.0000000000
106151  58.210  40.314  -1.472 0.0000000000
106138  58.020  40.559  -0.389 0.0000000000
105374  55.821  38.991  0.076 0.0000000000
105386  55.576  39.130  -0.538 0.0000000000
105387  55.061  38.835  -0.435 0.0000000000
104009  53.826  38.066  -0.744 0.0000000000
104008  54.566  37.940  -0.349 0.0000000000
103993  57.261  37.675  1.115 0.0000000000
103262  57.021  37.338  0.304 0.0000000000
103286  56.957  36.398  -1.991 0.0000000000
103278  56.396  36.657  -1.225 0.0000000000
102417  55.847  36.247  -1.852 0.0000000000
102418  55.025  36.266  -1.688 0.0000000000
102432  55.429  35.802  -3.408 0.0000000000
102431  56.708  35.979  -3.736 0.0000000000
109971  53.210  45.805  -10.996 0.0000000000
132029  54.168  45.712  -11.420 0.0000000000
109960  56.198  45.316  -10.181 0.0000000000
109961  55.109  45.600  -10.211 0.0000000000
131654  55.465  45.468  -9.512 0.0000000000
111355  57.318  47.002  -10.315 0.0000000000
153272  57.229  45.677  -10.439 0.0000000000
110672  57.561  46.295  -9.973 0.0000000000
110661  57.601  46.224  -7.318 0.0000000000
137401  57.415  45.482  -7.011 0.0000000000
109945  56.908  45.196  -7.549 0.0000000000
109159  57.197  45.062  -6.379 0.0000000000
109925  57.613  45.484  -4.865 0.0000000000
109143  57.740  44.604  -5.168 0.0000000000
109137  57.796  44.774  -4.277 0.0000000000
109136  58.009  44.124  -3.683 0.0000000000
114883  54.255  53.011  -9.995 0.0000000000
114118  54.360  52.076  -9.812 0.0000000000
114114  54.025  51.676  -8.636 0.0000000000
113381  54.084  50.855  -6.779 0.0000000000
113393  53.951  50.840  -7.818 0.0000000000
112666  54.694  50.178  -6.203 0.0000000000
152120  55.118  49.420  -7.083 0.0000000000
152854  55.193  49.571  -5.640 0.0000000000
144254  53.279  50.704  -3.325 0.0000000000
113351  53.557  51.083  -3.771 0.0000000000
113339  53.941  50.458  -2.447 0.0000000000
111303  55.573  48.293  -2.086 0.0000000000
112633  54.959  49.885  -2.940 0.0000000000
111957  55.470  49.017  -3.520 0.0000000000
111973  55.582  48.901  -4.430 0.0000000000
111315  56.251  47.455  -3.800 0.0000000000
109916  56.906  45.480  -1.732 0.0000000000
108400  57.672  43.921  -1.918 0.0000000000
108398  57.836  43.134  -1.131 0.0000000000
109131  57.396  44.058  -0.731 0.0000000000
109109  56.787  44.077  1.175 0.0000000000
108379  57.312  43.398  0.979 0.0000000000
107630  57.214  42.954  1.761 0.0000000000
106899  57.595  42.238  1.795 0.0000000000
107631  56.973  42.652  2.353 0.0000000000
109888  53.891  45.310  0.492 0.0000000000
109883  54.632  45.126  0.855 0.0000000000
140246  54.535  42.239  1.999 0.0000000000
107627  55.464  42.526  2.462 0.0000000000
106895  55.192  41.671  2.458 0.0000000000
106894  55.969  41.938  2.752 0.0000000000
152928  55.488  40.482  2.827 0.0000000000
118141  51.935  57.927  -19.555 0.0000000000
118142  51.005  57.905  -19.524 0.0000000000
118161  51.459  57.237  -19.906 0.0000000000
116919  53.229  55.867  -20.473 0.0000000000
115640  54.060  53.610  -19.619 0.0000000000
115645  54.313  53.725  -19.992 0.0000000000
114191  54.517  52.035  -20.489 0.0000000000
136173  54.834  50.482  -20.927 0.0000000000
113492  54.422  50.550  -20.427 0.0000000000
112735  50.378  49.846  -16.608 0.0000000000
113456  49.692  51.002  -17.118 0.0000000000
113455  50.121  50.473  -17.576 0.0000000000
146353  51.087  49.704  -18.713 0.0000000000
137167  50.720  51.033  -18.435 0.0000000000
149031  51.614  51.600  -19.043 0.0000000000
150100  52.308  52.404  -19.188 0.0000000000
114183  52.757  51.643  -19.527 0.0000000000
140472  53.044  46.474  -20.103 0.0000000000
111422  53.202  47.206  -20.205 0.0000000000
110725  53.646  46.576  -20.687 0.0000000000
111421  54.064  47.421  -20.750 0.0000000000
110079  53.688  44.911  -21.058 0.0000000000
138922  53.906  43.996  -21.077 0.0000000000
108547  55.379  43.240  -18.708 0.0000000000
108548  54.606  43.061  -19.977 0.0000000000
107776  54.805  42.223  -19.135 0.0000000000
153382  54.281  41.939  -18.973 0.0000000000
107763  55.024  42.256  -18.428 0.0000000000
110697  56.465  46.155  -16.133 0.0000000000
110058  56.369  44.824  -17.030 0.0000000000
110043  56.581  45.211  -16.235 0.0000000000
108500  55.995  43.637  -15.516 0.0000000000
108513  56.152  43.315  -16.374 0.0000000000
108501  55.390  43.335  -15.804 0.0000000000
107740  55.104  42.730  -16.702 0.0000000000
134497  54.727  43.256  -16.031 0.0000000000
108502  54.003  43.565  -15.883 0.0000000000
108491  54.758  43.861  -15.185 0.0000000000
109233  54.785  45.244  -12.868 0.0000000000
109249  54.232  44.823  -13.788 0.0000000000
132636  54.051  45.536  -12.285 0.0000000000
110001  53.205  45.466  -12.657 0.0000000000
109963  52.644  45.656  -9.429 0.0000000000
109964  51.686  45.332  -9.219 0.0000000000
109954  52.405  45.395  -8.640 0.0000000000
109163  52.697  44.352  -6.589 0.0000000000
130811  52.079  44.535  -7.081 0.0000000000
108424  52.059  44.061  -6.551 0.0000000000
130864  50.948  43.147  -6.558 0.0000000000
107687  51.783  43.383  -6.258 0.0000000000
146050  55.354  41.684  -5.987 0.0000000000
107684  54.553  42.650  -5.544 0.0000000000
106955  54.167  41.721  -5.859 0.0000000000
106179  52.674  40.362  -7.226 0.0000000000
106967  52.950  41.031  -6.570 0.0000000000
146051  51.814  40.417  -7.268 0.0000000000
106968  51.233  41.283  -6.753 0.0000000000
106180  50.970  40.552  -7.282 0.0000000000
106192  50.697  40.042  -7.826 0.0000000000
155808  51.065  39.473  -8.360 0.0000000000
104755  50.086  38.627  -8.920 0.0000000000
104764  49.286  38.226  -9.027 0.0000000000
137981  48.653  37.908  -8.970 0.0000000000
104063  48.881  37.469  -8.759 0.0000000000
105411  56.988  39.174  -2.637 0.0000000000
105417  57.476  38.993  -3.543 0.0000000000
104721  52.775  38.185  -3.749 0.0000000000
104720  53.456  38.445  -3.898 0.0000000000
148967  53.255  38.285  -4.745 0.0000000000
147637  54.010  38.480  -5.486 0.0000000000
150434  52.628  37.988  -5.313 0.0000000000
154385  52.509  35.423  -5.858 0.0000000000
102444  51.576  35.831  -4.382 0.0000000000
149030  51.591  35.584  -5.896 0.0000000000
109186  48.706  45.037  -9.648 0.0000000000
109966  49.575  45.236  -9.877 0.0000000000
109184  50.125  45.071  -9.423 0.0000000000
109172  50.316  44.810  -8.796 0.0000000000
109250  52.357  45.103  -14.125 0.0000000000
144935  51.426  45.297  -13.925 0.0000000000
110002  50.996  45.579  -13.137 0.0000000000
131645  49.899  45.564  -13.253 0.0000000000
131647  49.581  45.675  -12.496 0.0000000000
109989  49.096  45.594  -11.264 0.0000000000
104647  56.912  38.617  4.696 0.0000000000
103958  57.636  38.065  3.507 0.0000000000
103948  57.368  38.031  4.522 0.0000000000
103211  57.935  36.405  4.209 0.0000000000
102395  58.267  35.342  3.002 0.0000000000
112701  56.000  49.552  -12.814 0.0000000000
112028  56.278  48.514  -12.236 0.0000000000
112690  55.893  49.250  -11.918 0.0000000000
137080  55.420  49.798  -10.915 0.0000000000
113396  54.957  50.385  -10.369 0.0000000000
111947  50.572  48.695  -2.623 0.0000000000
112623  51.304  48.597  -2.012 0.0000000000
111937  50.696  47.944  -1.436 0.0000000000
111275  51.446  47.422  -0.790 0.0000000000
151964  53.206  51.515  -13.170 0.0000000000
114147  52.887  50.909  -13.644 0.0000000000
114146  53.726  51.171  -13.517 0.0000000000
148843  54.727  50.538  -13.936 0.0000000000
112713  55.112  49.885  -14.321 0.0000000000
112040  55.757  49.124  -14.525 0.0000000000
146406  55.585  49.825  -14.057 0.0000000000
112707  56.141  49.288  -13.406 0.0000000000
107680  58.149  42.476  -5.352 0.0000000000
106952  57.758  41.464  -6.148 0.0000000000
137440  58.594  40.956  -5.559 0.0000000000
105427  58.529  40.139  -6.085 0.0000000000
105422  58.169  39.173  -5.219 0.0000000000
108432  48.236  43.200  -7.816 0.0000000000
108433  47.526  42.808  -7.841 0.0000000000
106981  47.624  41.040  -7.461 0.0000000000
106195  47.730  40.186  -7.610 0.0000000000
153929  49.099  39.421  -8.430 0.0000000000
107022  52.950  41.441  -20.272 0.0000000000
107035  52.009  41.175  -20.721 0.0000000000
107023  51.522  41.703  -19.832 0.0000000000
132705  50.647  41.614  -20.004 0.0000000000
107767  49.587  42.242  -19.116 0.0000000000
109978  45.117  45.141  -10.663 0.0000000000
149877  43.940  44.322  -9.665 0.0000000000
116264  51.425  54.182  -10.777 0.0000000000
116252  52.597  54.638  -10.035 0.0000000000
137056  51.783  54.857  -10.167 0.0000000000
116860  51.479  55.546  -9.117 0.0000000000
115602  47.107  53.341  -12.259 0.0000000000
114906  46.897  52.835  -12.899 0.0000000000
115590  47.782  53.645  -11.737 0.0000000000
114894  48.406  53.026  -11.834 0.0000000000
114893  49.208  52.949  -11.669 0.0000000000
114902  50.633  52.196  -12.163 0.0000000000
114892  50.169  52.881  -11.609 0.0000000000
115587  50.721  53.583  -11.202 0.0000000000
106126  57.984  40.867  0.698 0.0000000000
106139  57.275  39.937  0.158 0.0000000000
104679  55.760  38.492  0.265 0.0000000000
103269  58.172  36.266  -0.261 0.0000000000
103270  57.699  36.782  -0.322 0.0000000000
139101  58.122  36.247  -1.061 0.0000000000
103285  58.069  36.249  -2.018 0.0000000000
102423  57.480  36.178  -2.867 0.0000000000
109985  55.167  45.593  -11.506 0.0000000000
146478  55.834  45.439  -11.636 0.0000000000
109984  56.182  45.401  -11.114 0.0000000000
111343  57.056  47.610  -8.848 0.0000000000
111342  57.456  47.037  -8.512 0.0000000000
111334  57.463  46.961  -7.628 0.0000000000
151590  57.549  46.077  -6.410 0.0000000000
110642  57.155  46.276  -4.406 0.0000000000
114858  53.379  53.151  -7.195 0.0000000000
114115  53.728  52.593  -7.825 0.0000000000
114099  53.523  52.257  -6.831 0.0000000000
113365  53.794  51.580  -6.289 0.0000000000
113364  54.352  51.036  -5.350 0.0000000000
112619  54.081  49.286  -1.133 0.0000000000
112618  54.520  49.607  -1.567 0.0000000000
111934  54.584  48.939  -1.077 0.0000000000
111288  55.208  48.251  -1.071 0.0000000000
141031  55.762  47.596  -1.634 0.0000000000
110627  56.250  46.764  -1.659 0.0000000000
109907  56.623  45.535  -0.714 0.0000000000
155568  56.959  44.775  -0.420 0.0000000000
109128  56.502  45.146  0.189 0.0000000000
109110  56.378  44.707  0.918 0.0000000000
109102  56.284  44.219  1.517 0.0000000000
108373  53.482  43.442  0.946 0.0000000000
108372  54.276  43.747  1.363 0.0000000000
118781  51.826  59.016  -18.653 0.0000000000
118793  52.286  58.357  -19.064 0.0000000000
117495  53.166  57.130  -19.383 0.0000000000
117494  53.489  56.233  -19.754 0.0000000000
117491  53.357  56.232  -18.984 0.0000000000
116308  53.678  54.848  -19.206 0.0000000000
114936  53.795  53.039  -19.541 0.0000000000
116906  48.311  55.725  -17.334 0.0000000000
117487  48.981  56.506  -17.115 0.0000000000
116905  49.331  55.732  -17.632 0.0000000000
116299  49.649  54.885  -18.031 0.0000000000
112067  51.344  48.252  -16.914 0.0000000000
112749  50.549  49.585  -17.579 0.0000000000
112076  51.391  47.855  -17.713 0.0000000000
112083  51.516  47.999  -18.605 0.0000000000
113481  51.674  49.590  -19.218 0.0000000000
112094  51.995  48.609  -19.382 0.0000000000
111413  52.033  47.718  -19.276 0.0000000000
110718  52.990  46.112  -19.533 0.0000000000
110067  53.422  45.314  -19.623 0.0000000000
109318  54.051  44.232  -20.214 0.0000000000
110066  53.927  45.029  -19.067 0.0000000000
109311  55.237  44.037  -18.740 0.0000000000
110692  56.849  45.866  -14.877 0.0000000000
110042  56.825  45.055  -15.312 0.0000000000
109259  56.766  44.767  -14.718 0.0000000000
108481  56.327  44.508  -14.279 0.0000000000
108490  55.911  44.220  -14.577 0.0000000000
109261  55.388  44.236  -14.461 0.0000000000
145326  55.779  44.499  -13.895 0.0000000000
157621  55.407  45.063  -12.982 0.0000000000
132962  54.062  45.532  -8.138 0.0000000000
151235  53.045  45.405  -8.178 0.0000000000
131092  53.275  45.132  -7.500 0.0000000000
109162  53.413  44.710  -6.758 0.0000000000
109154  53.460  44.077  -6.083 0.0000000000
106177  54.952  40.147  -6.882 0.0000000000
106966  53.773  40.970  -6.425 0.0000000000
154041  54.190  40.359  -6.846 0.0000000000
106191  52.272  39.683  -7.821 0.0000000000
105454  51.642  39.224  -8.411 0.0000000000
104754  50.960  38.848  -8.539 0.0000000000
144725  50.319  38.123  -8.455 0.0000000000
105413  54.705  39.026  -1.899 0.0000000000
105419  54.921  38.885  -3.026 0.0000000000
104712  53.128  38.414  -2.176 0.0000000000
104717  52.449  37.927  -2.838 0.0000000000
139046  52.088  37.685  -3.768 0.0000000000
109187  46.204  44.666  -9.763 0.0000000000
108459  46.714  44.278  -9.253 0.0000000000
109174  48.651  44.544  -8.841 0.0000000000
108442  48.324  43.908  -8.294 0.0000000000
107699  48.945  42.791  -7.361 0.0000000000
107691  49.754  42.258  -6.958 0.0000000000
108515  52.649  43.320  -17.107 0.0000000000
108531  51.822  43.263  -17.582 0.0000000000
109292  50.515  44.291  -16.752 0.0000000000
110030  50.910  45.175  -14.621 0.0000000000
131436  47.996  45.623  -12.153 0.0000000000
109990  47.326  45.598  -11.906 0.0000000000
109977  46.274  45.398  -11.061 0.0000000000
115591  46.906  54.106  -11.754 0.0000000000
116256  48.123  55.092  -10.529 0.0000000000
105364  57.158  39.987  2.397 0.0000000000
130807  57.239  39.324  1.408 0.0000000000
104670  57.380  39.282  2.530 0.0000000000
103247  57.585  37.038  1.287 0.0000000000
103965  57.715  37.072  2.052 0.0000000000
103260  57.972  36.448  0.613 0.0000000000
103259  58.395  35.894  0.148 0.0000000000
103268  58.609  35.690  -0.642 0.0000000000
109998  56.638  45.670  -12.732 0.0000000000
109982  56.643  45.803  -11.882 0.0000000000
110674  57.015  46.179  -11.516 0.0000000000
111358  57.078  46.895  -11.155 0.0000000000
112023  56.051  48.542  -11.063 0.0000000000
112015  56.354  48.200  -10.183 0.0000000000
111350  56.943  47.621  -9.776 0.0000000000
112003  56.544  48.075  -8.268 0.0000000000
112000  56.133  48.343  -6.537 0.0000000000
113359  51.988  50.923  -5.141 0.0000000000
113358  52.718  51.264  -4.736 0.0000000000
113347  52.745  50.420  -3.288 0.0000000000
131050  53.369  49.667  -1.775 0.0000000000
112622  52.301  48.892  -1.710 0.0000000000
112621  53.049  49.105  -1.436 0.0000000000
112620  53.613  49.269  -1.265 0.0000000000
112614  53.824  48.880  -0.888 0.0000000000
147457  53.829  47.692  -0.449 0.0000000000
111261  54.283  47.112  -0.114 0.0000000000
110598  54.790  46.400  0.261 0.0000000000
110599  54.145  46.481  0.134 0.0000000000
144588  53.582  46.063  0.122 0.0000000000
109111  53.411  44.692  0.510 0.0000000000
108380  52.998  44.019  0.502 0.0000000000
107643  52.302  42.462  0.610 0.0000000000
118123  52.347  57.976  -17.123 0.0000000000
114163  49.211  51.122  -15.748 0.0000000000
138139  49.228  51.242  -16.655 0.0000000000
112725  50.156  50.281  -15.942 0.0000000000
112724  50.730  49.810  -15.636 0.0000000000
141631  51.465  49.405  -15.446 0.0000000000
112715  53.202  49.908  -14.395 0.0000000000
112723  52.250  48.985  -15.409 0.0000000000
112733  51.444  48.802  -16.080 0.0000000000
112066  52.362  48.196  -16.161 0.0000000000
111392  53.009  47.411  -16.701 0.0000000000
111398  54.562  46.888  -16.768 0.0000000000
110704  54.575  46.180  -17.398 0.0000000000
110699  55.313  46.708  -16.684 0.0000000000
110698  56.020  46.511  -16.508 0.0000000000
144679  56.591  46.536  -15.427 0.0000000000
112049  56.159  48.285  -14.991 0.0000000000
157709  56.425  47.813  -14.661 0.0000000000
110687  56.920  46.017  -14.040 0.0000000000
144045  56.823  46.129  -13.139 0.0000000000
109152  56.244  44.348  -5.971 0.0000000000
108417  55.843  43.707  -5.627 0.0000000000
137578  56.369  42.980  -5.595 0.0000000000
107683  56.350  42.079  -5.859 0.0000000000
106954  56.340  41.209  -6.425 0.0000000000
106963  57.779  40.559  -6.771 0.0000000000
106964  56.841  40.496  -6.952 0.0000000000
106965  55.812  40.569  -6.711 0.0000000000
135705  55.876  39.978  -7.051 0.0000000000
105440  54.999  39.661  -6.824 0.0000000000
104732  53.502  38.834  -6.947 0.0000000000
102433  53.315  35.580  -3.400 0.0000000000
154500  52.902  35.482  -4.040 0.0000000000
131715  53.616  35.485  -4.526 0.0000000000
107714  45.973  43.385  -8.575 0.0000000000
107701  46.927  42.475  -7.838 0.0000000000
106982  45.913  41.609  -7.689 0.0000000000
104745  45.170  38.466  -7.700 0.0000000000
104759  46.597  38.135  -8.272 0.0000000000
104052  46.992  37.636  -8.715 0.0000000000
106230  51.030  41.036  -21.083 0.0000000000
106237  50.388  41.090  -21.495 0.0000000000
108532  50.872  43.176  -17.980 0.0000000000
108541  49.771  42.949  -18.289 0.0000000000
114897  54.524  52.052  -12.367 0.0000000000
114886  54.635  52.374  -11.515 0.0000000000
115583  54.080  53.201  -11.398 0.0000000000
115564  53.898  53.640  -10.112 0.0000000000
115551  53.807  53.573  -9.153 0.0000000000
116242  53.090  54.525  -9.668 0.0000000000
116228  53.032  54.697  -8.818 0.0000000000
115552  53.387  54.119  -8.455 0.0000000000
115535  53.186  53.868  -7.573 0.0000000000
114853  52.726  52.874  -6.534 0.0000000000
113354  51.453  50.304  -4.767 0.0000000000
144720  50.510  49.330  -4.028 0.0000000000
118114  47.055  57.136  -16.062 0.0000000000
147477  47.741  56.966  -16.410 0.0000000000
117488  48.015  56.444  -16.876 0.0000000000
116301  47.738  55.046  -17.274 0.0000000000
115628  47.697  53.325  -17.018 0.0000000000
114923  48.416  52.095  -16.779 0.0000000000
114913  46.729  52.488  -13.716 0.0000000000
152255  47.497  52.375  -15.913 0.0000000000
114919  48.028  51.905  -16.001 0.0000000000
114164  48.699  51.540  -16.224 0.0000000000
113419  50.937  50.805  -14.157 0.0000000000
114137  51.530  51.179  -13.498 0.0000000000
114128  52.276  51.710  -12.890 0.0000000000
155385  53.047  51.945  -12.763 0.0000000000
114909  53.947  51.869  -12.829 0.0000000000
106938  58.634  41.018  -2.691 0.0000000000
106158  58.595  40.402  -3.084 0.0000000000
106150  58.531  40.648  -2.082 0.0000000000
105400  57.697  39.703  -1.976 0.0000000000
105401  56.593  39.425  -1.541 0.0000000000
105385  56.419  39.463  -0.627 0.0000000000
105402  55.537  39.197  -1.259 0.0000000000
157563  53.982  38.495  -1.034 0.0000000000
104013  53.374  37.627  -1.147 0.0000000000
103287  53.265  36.366  -1.938 0.0000000000
104678  56.452  38.850  0.719 0.0000000000
103994  55.436  37.961  -0.019 0.0000000000
103271  56.782  36.996  -0.495 0.0000000000
104007  56.069  37.484  -0.136 0.0000000000
103272  55.105  37.313  -0.617 0.0000000000
103280  54.590  36.687  -1.231 0.0000000000
102419  54.241  36.188  -1.814 0.0000000000
102426  53.846  35.845  -2.509 0.0000000000
102442  54.547  35.609  -3.968 0.0000000000
131650  52.323  45.720  -11.384 0.0000000000
150391  52.475  45.741  -10.641 0.0000000000
131652  53.113  45.838  -10.211 0.0000000000
109962  53.475  45.804  -9.631 0.0000000000
109970  54.701  45.696  -10.829 0.0000000000
109953  54.390  45.710  -9.340 0.0000000000
109947  55.141  45.220  -7.557 0.0000000000
109938  56.136  45.041  -7.036 0.0000000000
109968  56.928  45.739  -11.135 0.0000000000
109969  57.000  45.271  -10.138 0.0000000000
109959  56.914  45.262  -9.394 0.0000000000
110670  57.587  46.325  -9.086 0.0000000000
109950  57.313  45.679  -8.780 0.0000000000
109951  56.848  45.328  -8.436 0.0000000000
109151  56.956  44.436  -5.928 0.0000000000
109930  57.457  45.364  -5.822 0.0000000000
109149  57.839  43.493  -5.306 0.0000000000
108412  58.339  42.942  -4.854 0.0000000000
135761  58.547  42.481  -4.294 0.0000000000
133288  58.517  42.481  -3.311 0.0000000000
114121  54.911  51.715  -11.479 0.0000000000
113400  54.751  51.416  -10.647 0.0000000000
112685  54.678  50.061  -9.381 0.0000000000
150681  54.257  50.671  -8.797 0.0000000000
112681  55.063  49.409  -8.914 0.0000000000
112678  55.100  49.290  -8.014 0.0000000000
112665  55.465  49.127  -6.416 0.0000000000
114079  53.373  51.459  -4.514 0.0000000000
114078  53.886  51.282  -4.244 0.0000000000
113357  54.342  51.007  -4.558 0.0000000000
113344  54.685  50.337  -3.545 0.0000000000
153112  55.660  48.829  -5.020 0.0000000000
111972  56.079  48.235  -5.093 0.0000000000
156988  56.306  48.085  -5.896 0.0000000000
110643  56.676  46.935  -4.372 0.0000000000
110635  56.619  46.418  -2.700 0.0000000000
109920  57.079  45.619  -2.765 0.0000000000
134349  57.592  44.886  -3.279 0.0000000000
109133  57.750  44.267  -2.827 0.0000000000
108403  58.116  43.503  -2.983 0.0000000000
107664  58.517  41.882  -2.410 0.0000000000
107661  58.246  42.199  -1.430 0.0000000000
106921  58.212  41.689  -0.739 0.0000000000
106907  57.998  42.060  0.220 0.0000000000
154081  57.549  43.345  -0.086 0.0000000000
107641  57.682  42.728  0.363 0.0000000000
106908  57.951  41.773  0.947 0.0000000000
146703  57.483  41.046  2.217 0.0000000000
109882  55.261  44.984  1.092 0.0000000000
109103  55.752  44.260  1.618 0.0000000000
108370  56.264  43.667  1.977 0.0000000000
152055  55.022  43.230  1.989 0.0000000000
108366  55.777  43.065  2.398 0.0000000000
107625  56.330  43.082  2.360 0.0000000000
106893  56.663  42.232  2.671 0.0000000000
106901  56.695  41.295  2.714 0.0000000000
106113  56.405  40.522  2.903 0.0000000000
105351  56.251  39.647  3.678 0.0000000000
104654  56.702  39.184  4.215 0.0000000000
115648  54.262  53.782  -21.392 0.0000000000
116312  54.083  54.956  -20.420 0.0000000000
153477  54.457  53.491  -20.669 0.0000000000
114946  54.684  52.241  -21.483 0.0000000000
113503  54.901  50.871  -21.345 0.0000000000
142105  54.771  49.146  -21.712 0.0000000000
110736  54.408  46.632  -21.904 0.0000000000
118124  52.055  57.447  -17.093 0.0000000000
117484  51.967  56.832  -17.438 0.0000000000
114170  49.417  51.741  -17.543 0.0000000000
114174  50.011  52.268  -18.254 0.0000000000
113468  50.661  50.108  -18.297 0.0000000000
116911  52.257  55.469  -18.278 0.0000000000
116304  52.788  54.877  -18.625 0.0000000000
136330  53.023  54.166  -18.964 0.0000000000
114929  53.246  53.491  -19.196 0.0000000000
113479  53.687  51.078  -19.928 0.0000000000
112774  52.675  49.558  -19.707 0.0000000000
112786  53.717  49.148  -20.016 0.0000000000
112785  54.395  49.625  -20.415 0.0000000000
112103  54.447  48.259  -20.859 0.0000000000
111429  54.487  47.543  -21.390 0.0000000000
110748  54.071  45.486  -21.943 0.0000000000
110087  53.902  44.496  -21.867 0.0000000000
157791  54.068  42.601  -20.889 0.0000000000
109323  54.306  43.491  -20.419 0.0000000000
108553  54.301  42.878  -20.584 0.0000000000
107021  53.724  41.729  -19.825 0.0000000000
107010  53.848  42.069  -18.554 0.0000000000
136558  53.305  42.389  -18.177 0.0000000000
110060  55.171  45.378  -17.862 0.0000000000
152250  56.146  44.458  -17.620 0.0000000000
107748  56.140  43.251  -17.498 0.0000000000
109289  56.494  43.917  -16.297 0.0000000000
107738  56.120  43.004  -17.047 0.0000000000
107749  55.840  42.776  -17.558 0.0000000000
157611  54.747  42.439  -17.510 0.0000000000
107741  54.387  42.620  -17.186 0.0000000000
108530  53.543  42.824  -17.322 0.0000000000
108503  53.356  43.403  -16.515 0.0000000000
109274  53.148  43.917  -15.805 0.0000000000
132804  53.294  44.658  -14.491 0.0000000000
109262  54.188  44.374  -14.619 0.0000000000
132028  52.517  45.628  -12.198 0.0000000000
109956  51.067  44.972  -8.806 0.0000000000
109171  50.905  44.674  -8.248 0.0000000000
109948  52.349  45.033  -7.783 0.0000000000
109167  51.474  44.627  -7.666 0.0000000000
109168  50.683  44.271  -7.638 0.0000000000
108430  50.421  43.675  -7.132 0.0000000000
108425  50.247  42.965  -6.827 0.0000000000
108418  54.882  43.574  -5.596 0.0000000000
108419  53.955  43.448  -5.595 0.0000000000
107686  52.564  42.704  -5.875 0.0000000000
106956  53.209  41.770  -5.969 0.0000000000
149343  52.462  41.763  -6.209 0.0000000000
107689  51.633  42.228  -6.313 0.0000000000
106969  50.410  41.361  -6.963 0.0000000000
106979  49.741  41.206  -7.232 0.0000000000
142434  49.968  40.340  -7.701 0.0000000000
155115  49.352  39.011  -8.910 0.0000000000
105469  49.863  39.160  -8.801 0.0000000000
104765  48.681  38.277  -9.001 0.0000000000
105416  58.131  39.303  -4.045 0.0000000000
151857  57.544  38.894  -4.387 0.0000000000
105423  57.119  38.814  -5.330 0.0000000000
105425  55.003  38.670  -4.303 0.0000000000
105424  55.889  38.751  -5.368 0.0000000000
105431  54.808  38.653  -5.541 0.0000000000
104733  52.831  38.147  -6.523 0.0000000000
135405  52.269  35.663  -3.775 0.0000000000
103292  51.467  36.647  -3.680 0.0000000000
157918  51.214  36.700  -4.251 0.0000000000
102455  51.210  35.953  -5.206 0.0000000000
103295  50.948  36.554  -5.320 0.0000000000
104024  51.256  37.049  -4.907 0.0000000000
104023  51.910  37.603  -5.702 0.0000000000
149784  52.002  37.887  -6.907 0.0000000000
101575  57.971  34.818  3.628 0.0000000000
136978  58.062  34.628  2.600 0.0000000000
131227  57.965  33.951  0.942 0.0000000000
101590  58.354  34.264  0.962 0.0000000000
100773  57.924  34.225  1.757 0.0000000000
101589  58.610  34.893  1.290 0.0000000000
102427  52.258  35.933  -3.019 0.0000000000
102434  51.664  36.101  -3.604 0.0000000000
102435  51.277  36.281  -4.083 0.0000000000
102440  56.671  35.966  -4.585 0.0000000000
102441  55.677  35.799  -4.433 0.0000000000
102453  53.037  35.436  -5.302 0.0000000000
102454  51.968  35.527  -5.173 0.0000000000
103223  58.118  36.320  3.248 0.0000000000
103234  58.080  36.290  1.750 0.0000000000
103246  57.865  36.561  1.312 0.0000000000
103276  58.527  35.892  -1.667 0.0000000000
103281  53.261  37.029  -1.404 0.0000000000
103947  57.769  37.206  3.856 0.0000000000
103979  57.459  37.851  1.910 0.0000000000
104014  52.849  37.488  -1.642 0.0000000000
104016  52.332  37.209  -2.382 0.0000000000
104018  51.827  37.199  -3.222 0.0000000000
104020  51.903  37.596  -4.642 0.0000000000
104021  51.520  37.157  -4.039 0.0000000000
104696  54.483  38.484  -0.591 0.0000000000
104706  53.884  38.695  -1.619 0.0000000000
104711  53.932  38.770  -2.513 0.0000000000
104716  53.229  38.489  -3.081 0.0000000000
104731  53.982  39.441  -7.008 0.0000000000
105409  58.490  39.873  -3.531 0.0000000000
105421  58.550  39.724  -5.432 0.0000000000
105428  57.725  39.106  -6.310 0.0000000000
106159  58.404  40.056  -2.512 0.0000000000
106173  58.307  40.816  -6.323 0.0000000000
106232  48.768  41.443  -20.470 0.0000000000
106236  51.061  41.067  -21.704 0.0000000000
106238  49.701  41.191  -21.211 0.0000000000
106246  50.623  41.231  -22.098 0.0000000000
106945  58.712  40.814  -3.800 0.0000000000
106949  58.706  41.109  -4.707 0.0000000000
106951  58.208  41.653  -5.750 0.0000000000
107012  48.109  41.723  -19.556 0.0000000000
107025  48.744  41.536  -20.061 0.0000000000
107037  50.244  41.293  -20.524 0.0000000000
107043  53.194  41.843  -21.652 0.0000000000
107053  52.398  41.458  -22.054 0.0000000000
107735  55.753  43.102  -16.279 0.0000000000
107750  55.282  42.474  -17.626 0.0000000000
107751  54.120  42.354  -17.815 0.0000000000
107762  55.289  42.626  -18.616 0.0000000000
107777  50.171  41.935  -19.559 0.0000000000
107778  49.361  41.780  -19.722 0.0000000000
107786  54.146  42.241  -20.496 0.0000000000
107792  53.789  42.280  -21.171 0.0000000000
108369  56.772  43.600  1.672 0.0000000000
108371  55.732  43.608  2.070 0.0000000000
108488  56.483  44.352  -14.993 0.0000000000
108489  56.282  44.223  -14.903 0.0000000000
108498  56.588  44.379  -15.458 0.0000000000
108512  56.298  43.414  -16.900 0.0000000000
108539  55.927  43.757  -18.037 0.0000000000
109105  54.207  44.532  0.947 0.0000000000
109112  52.533  44.721  0.135 0.0000000000
109160  56.633  44.798  -6.463 0.0000000000
109234  53.932  45.322  -13.044 0.0000000000
109245  56.811  44.915  -13.956 0.0000000000
109260  56.549  44.587  -14.413 0.0000000000
109264  51.680  45.033  -14.589 0.0000000000
109288  56.641  44.562  -15.978 0.0000000000
109887  54.773  45.772  0.589 0.0000000000
109917  56.521  46.055  -1.336 0.0000000000
110029  56.953  45.232  -14.356 0.0000000000
110031  49.229  45.446  -14.537 0.0000000000
110054  56.225  45.665  -16.790 0.0000000000
110059  55.947  45.167  -17.471 0.0000000000
110073  54.418  44.352  -19.310 0.0000000000
110074  53.834  44.735  -19.688 0.0000000000
110080  53.590  44.933  -20.203 0.0000000000
110639  56.975  46.109  -3.473 0.0000000000
111272  53.927  48.319  -0.658 0.0000000000
111367  56.744  46.799  -12.756 0.0000000000
111380  56.399  47.432  -15.246 0.0000000000
111388  56.279  47.013  -15.909 0.0000000000
111389  55.765  47.292  -16.151 0.0000000000
111390  55.045  47.436  -16.292 0.0000000000
111399  53.676  46.782  -17.130 0.0000000000
111412  52.492  46.980  -19.542 0.0000000000
111925  54.154  48.777  -0.823 0.0000000000
111933  55.097  49.089  -1.636 0.0000000000
111945  55.765  48.212  -3.141 0.0000000000
111946  55.339  49.083  -2.549 0.0000000000
111956  55.922  48.194  -4.141 0.0000000000
112039  56.266  48.551  -14.345 0.0000000000
112051  55.072  48.672  -15.269 0.0000000000
112112  54.679  48.398  -21.568 0.0000000000
112626  54.439  50.114  -2.249 0.0000000000
112628  52.823  49.592  -2.050 0.0000000000
112682  54.496  49.976  -8.403 0.0000000000
112714  54.251  50.161  -14.263 0.0000000000
112716  52.242  49.630  -14.807 0.0000000000
112748  50.941  48.677  -17.829 0.0000000000
112761  51.212  48.970  -18.736 0.0000000000
112773  53.696  50.089  -20.021 0.0000000000
112784  54.757  49.954  -20.820 0.0000000000
112796  54.913  49.957  -21.415 0.0000000000
113340  53.312  50.257  -2.519 0.0000000000
113345  54.328  50.503  -2.966 0.0000000000
113346  53.770  50.759  -3.090 0.0000000000
113356  54.757  50.350  -4.277 0.0000000000
113394  53.754  51.758  -7.603 0.0000000000
113411  55.671  50.442  -13.043 0.0000000000
113416  55.717  50.022  -13.529 0.0000000000
113420  50.377  51.199  -13.612 0.0000000000
113429  50.045  50.879  -14.488 0.0000000000
113436  49.896  50.671  -15.330 0.0000000000
113444  49.646  50.747  -16.244 0.0000000000
113467  51.368  50.474  -18.976 0.0000000000
113491  54.670  51.173  -20.751 0.0000000000
114082  53.949  51.496  -4.843 0.0000000000
114089  53.914  51.565  -5.548 0.0000000000
114135  54.354  51.519  -13.148 0.0000000000
114138  49.581  51.497  -13.380 0.0000000000
114145  54.213  51.289  -13.430 0.0000000000
114150  48.724  51.562  -14.379 0.0000000000
114157  48.527  51.599  -15.270 0.0000000000
114158  47.594  52.092  -15.147 0.0000000000
114181  54.155  52.328  -20.000 0.0000000000
114182  53.680  52.071  -19.774 0.0000000000
114184  52.108  50.923  -19.376 0.0000000000
114203  54.803  51.714  -21.098 0.0000000000
114213  54.630  51.474  -21.928 0.0000000000
114876  53.654  53.430  -8.111 0.0000000000
114887  54.372  53.096  -10.995 0.0000000000
114889  54.886  51.938  -11.949 0.0000000000
114890  54.396  52.597  -11.858 0.0000000000
114898  54.167  52.281  -12.382 0.0000000000
114899  53.842  52.442  -12.363 0.0000000000
114903  49.648  52.265  -12.176 0.0000000000
114904  48.727  52.396  -12.271 0.0000000000
114910  53.676  51.991  -12.752 0.0000000000
114930  53.097  52.685  -19.349 0.0000000000
114933  49.951  53.114  -18.324 0.0000000000
114935  54.295  52.968  -20.123 0.0000000000
114943  54.507  52.997  -21.462 0.0000000000
114948  53.339  52.613  -22.707 0.0000000000
115530  52.952  53.441  -6.928 0.0000000000
115531  52.339  53.470  -7.004 0.0000000000
115565  53.454  54.146  -9.388 0.0000000000
115584  53.589  53.531  -11.210 0.0000000000
115586  52.044  52.965  -11.747 0.0000000000
115631  49.067  53.222  -17.956 0.0000000000
115641  53.611  54.051  -19.220 0.0000000000
115649  53.612  54.034  -21.852 0.0000000000
116243  52.570  55.078  -9.196 0.0000000000
116251  53.275  54.086  -10.428 0.0000000000
116263  52.387  54.220  -10.664 0.0000000000
116268  47.617  54.600  -11.207 0.0000000000
116311  54.298  54.298  -20.307 0.0000000000
116314  54.061  54.512  -21.087 0.0000000000
116848  51.948  55.426  -8.781 0.0000000000
116849  51.194  55.415  -8.598 0.0000000000
116861  50.801  55.640  -9.108 0.0000000000
116869  51.257  55.377  -9.692 0.0000000000
116871  49.488  55.507  -9.873 0.0000000000
116903  52.594  56.285  -17.991 0.0000000000
116910  53.142  56.065  -18.430 0.0000000000
116915  53.610  55.535  -19.408 0.0000000000
116918  53.826  55.531  -20.100 0.0000000000
117479  47.190  56.370  -16.500 0.0000000000
117492  53.058  56.917  -18.395 0.0000000000
117508  52.834  56.602  -20.145 0.0000000000
118770  52.304  58.696  -17.592 0.0000000000
132522  52.684  41.220  -20.921 0.0000000000
132592  51.723  38.911  -8.304 0.0000000000
132795  54.539  42.472  -19.842 0.0000000000
133263  54.795  44.377  -14.338 0.0000000000
133648  50.056  45.342  -14.619 0.0000000000
133661  51.384  49.168  -2.707 0.0000000000
135126  55.271  49.499  -4.862 0.0000000000
136030  54.233  50.846  -13.752 0.0000000000
136437  52.210  41.550  -20.017 0.0000000000
136670  58.316  34.566  1.772 0.0000000000
136761  52.260  53.631  -11.239 0.0000000000
137059  48.369  53.759  -17.591 0.0000000000
137340  54.427  35.668  -3.128 0.0000000000
137427  53.260  41.772  -19.385 0.0000000000
137983  53.178  43.346  -5.758 0.0000000000
138531  50.207  41.093  -20.949 0.0000000000
138649  55.924  37.014  -0.707 0.0000000000
138815  53.831  36.663  -1.397 0.0000000000
140167  54.090  54.255  -19.597 0.0000000000
140181  52.940  55.563  -18.432 0.0000000000
141029  52.935  49.317  -14.892 0.0000000000
141728  56.274  48.305  -11.537 0.0000000000
141774  52.401  51.214  -13.434 0.0000000000
143300  54.238  46.831  -21.186 0.0000000000
143991  52.411  54.117  -18.763 0.0000000000
145506  52.918  48.659  -19.797 0.0000000000
146338  55.494  42.576  -18.077 0.0000000000
146818  56.526  44.469  -16.575 0.0000000000
149021  55.701  46.379  -0.106 0.0000000000
149962  52.784  41.350  -21.367 0.0000000000
149984  53.217  47.650  -0.536 0.0000000000
152537  52.603  57.771  -19.368 0.0000000000
152618  54.968  42.788  -19.295 0.0000000000
152625  54.212  51.125  -5.992 0.0000000000
152704  48.441  41.492  -20.236 0.0000000000
152753  53.065  42.061  -18.806 0.0000000000
153203  53.868  45.822  -10.718 0.0000000000
153500  50.616  41.155  -20.771 0.0000000000
153745  54.315  48.870  -20.452 0.0000000000
154288  58.341  39.519  -6.072 0.0000000000
154838  51.572  45.669  -11.376 0.0000000000
155216  54.362  54.053  -20.866 0.0000000000
156868  56.555  42.669  2.528 0.0000000000
157196  56.342  40.176  -7.064 0.0000000000
157402  52.970  44.359  -15.221 0.0000000000
157772  50.879  49.325  -16.065 0.0000000000
