#!ascii label  , from subject freesurfer vox2ras=TkReg
1925
48325  13.631  -16.861  53.462 0.0000000000
72516  49.874  5.011  17.138 0.0000000000
52807  34.386  -12.852  39.865 0.0000000000
59592  43.634  -6.745  42.323 0.0000000000
53904  24.872  -11.985  41.617 0.0000000000
144936  22.594  -11.860  52.589 0.0000000000
79267  58.980  11.688  6.803 0.0000000000
78051  60.499  11.004  17.008 0.0000000000
65737  43.652  -0.916  29.810 0.0000000000
151960  61.072  12.849  -2.119 0.0000000000
131509  33.954  -11.669  46.982 0.0000000000
51664  17.580  -13.711  52.229 0.0000000000
79215  60.169  10.519  11.123 0.0000000000
75882  55.375  7.762  12.022 0.0000000000
69100  51.612  2.394  23.045 0.0000000000
73601  55.354  6.469  22.475 0.0000000000
66878  46.401  0.425  23.165 0.0000000000
57209  40.254  -8.176  35.184 0.0000000000
54980  38.861  -10.124  40.691 0.0000000000
53787  29.194  -11.607  48.145 0.0000000000
53725  28.241  -11.694  53.548 0.0000000000
134303  23.752  -12.754  47.396 0.0000000000
51717  18.693  -13.923  46.597 0.0000000000
53918  29.662  -11.729  40.798 0.0000000000
82590  64.093  13.725  5.731 0.0000000000
82534  64.556  13.401  10.909 0.0000000000
138876  54.499  8.114  17.130 0.0000000000
141515  46.187  2.900  29.958 0.0000000000
61789  45.808  -4.738  35.885 0.0000000000
78193  60.471  10.024  2.223 0.0000000000
148823  65.209  12.539  0.527 0.0000000000
80493  66.532  11.474  -3.695 0.0000000000
53747  34.032  -11.576  51.233 0.0000000000
50622  15.447  -15.357  52.222 0.0000000000
52601  16.806  -12.488  56.493 0.0000000000
133662  14.537  -13.969  56.330 0.0000000000
77006  54.868  8.963  10.182 0.0000000000
70168  51.724  2.764  25.918 0.0000000000
71272  54.695  3.856  25.253 0.0000000000
48286  8.796  -17.039  56.924 0.0000000000
66948  46.319  0.375  20.085 0.0000000000
53976  34.455  -11.726  36.556 0.0000000000
56065  37.057  -9.929  37.367 0.0000000000
53914  36.876  -12.226  40.296 0.0000000000
132036  26.547  -11.729  44.648 0.0000000000
156073  26.293  -12.077  47.613 0.0000000000
52744  24.439  -12.590  44.099 0.0000000000
54967  27.333  -11.315  41.422 0.0000000000
53851  29.358  -11.521  44.414 0.0000000000
133419  25.163  -11.540  53.041 0.0000000000
80391  61.282  12.538  6.314 0.0000000000
82564  64.396  13.940  8.310 0.0000000000
81538  61.668  13.272  8.580 0.0000000000
133452  60.404  10.535  14.996 0.0000000000
139388  62.920  12.384  14.787 0.0000000000
73681  49.174  5.919  14.999 0.0000000000
74772  52.048  7.010  14.983 0.0000000000
74742  52.083  6.821  17.221 0.0000000000
150157  41.970  0.190  27.180 0.0000000000
69076  43.906  1.511  27.167 0.0000000000
67924  44.356  1.565  30.174 0.0000000000
146192  42.332  -8.355  38.710 0.0000000000
59667  43.188  -7.189  35.690 0.0000000000
137762  45.494  -6.256  40.009 0.0000000000
78175  57.397  10.192  4.541 0.0000000000
135269  57.825  11.182  2.165 0.0000000000
147750  59.704  10.402  5.085 0.0000000000
79290  62.832  10.949  3.800 0.0000000000
80496  65.025  11.989  -5.194 0.0000000000
79351  63.935  11.624  -3.771 0.0000000000
80461  66.239  12.245  -1.415 0.0000000000
78219  63.076  10.925  -1.321 0.0000000000
52743  33.974  -12.728  43.487 0.0000000000
135751  36.778  -13.388  44.145 0.0000000000
151985  36.909  -12.392  47.249 0.0000000000
53741  20.231  -12.635  52.696 0.0000000000
54819  22.398  -11.670  56.045 0.0000000000
53688  19.386  -11.745  56.387 0.0000000000
79263  56.877  10.481  7.072 0.0000000000
79252  59.181  12.034  8.981 0.0000000000
157721  57.037  10.281  9.600 0.0000000000
76982  58.092  8.769  11.921 0.0000000000
75857  58.354  8.833  14.755 0.0000000000
70265  50.407  3.418  19.654 0.0000000000
72468  52.562  5.360  20.308 0.0000000000
71318  53.637  4.271  22.476 0.0000000000
61827  42.695  -4.042  29.376 0.0000000000
61740  45.854  -4.769  43.359 0.0000000000
47045  12.230  -17.760  54.097 0.0000000000
49508  12.633  -15.600  56.279 0.0000000000
49510  10.914  -15.971  56.969 0.0000000000
70284  48.227  3.029  17.525 0.0000000000
68046  48.659  1.864  19.760 0.0000000000
67993  49.419  1.373  22.838 0.0000000000
69071  49.829  2.238  26.474 0.0000000000
57226  36.749  -8.669  34.284 0.0000000000
134188  39.635  -8.588  37.898 0.0000000000
58451  41.065  -8.362  42.095 0.0000000000
53864  39.121  -11.933  43.939 0.0000000000
57065  40.690  -8.924  45.175 0.0000000000
54857  31.809  -10.936  51.167 0.0000000000
52633  30.798  -12.349  53.507 0.0000000000
149701  29.031  -11.284  51.076 0.0000000000
53750  26.333  -11.804  51.212 0.0000000000
132314  23.129  -12.522  49.968 0.0000000000
52747  21.909  -13.221  44.268 0.0000000000
139030  20.938  -12.966  47.217 0.0000000000
132162  20.497  -12.937  49.316 0.0000000000
51701  17.782  -14.006  49.037 0.0000000000
50640  16.148  -15.120  49.959 0.0000000000
48358  14.585  -16.679  50.352 0.0000000000
52860  32.268  -12.480  37.142 0.0000000000
155157  29.891  -11.773  37.092 0.0000000000
52810  31.943  -12.468  40.701 0.0000000000
53850  31.524  -11.919  44.096 0.0000000000
155138  31.561  -11.577  47.741 0.0000000000
137349  65.692  11.011  9.495 0.0000000000
80342  61.989  13.016  11.271 0.0000000000
74790  52.600  6.800  12.170 0.0000000000
75861  55.303  7.859  14.695 0.0000000000
78054  57.935  9.638  17.623 0.0000000000
75800  54.987  7.977  19.999 0.0000000000
76900  57.164  9.500  19.857 0.0000000000
66881  43.749  0.189  23.560 0.0000000000
69073  46.394  1.665  26.798 0.0000000000
143694  49.184  3.056  29.489 0.0000000000
60805  43.372  -5.351  32.151 0.0000000000
63762  45.626  -2.859  32.981 0.0000000000
62768  46.621  -3.293  39.908 0.0000000000
64720  46.988  -1.857  36.507 0.0000000000
65698  45.728  -0.384  33.063 0.0000000000
69003  46.704  2.566  34.103 0.0000000000
71175  49.177  4.359  33.141 0.0000000000
79317  60.685  11.375  -0.260 0.0000000000
78197  63.051  10.127  0.937 0.0000000000
81585  64.953  12.864  3.184 0.0000000000
150483  34.849  -12.418  51.890 0.0000000000
49550  14.835  -15.781  52.687 0.0000000000
51645  15.239  -14.190  54.733 0.0000000000
50605  14.230  -15.418  54.454 0.0000000000
70151  52.207  3.555  27.281 0.0000000000
71264  53.069  3.838  26.970 0.0000000000
47033  7.591  -18.225  55.794 0.0000000000
52835  34.497  -12.357  38.220 0.0000000000
53946  35.935  -11.872  38.975 0.0000000000
52806  35.978  -12.725  40.314 0.0000000000
53873  25.580  -11.856  43.189 0.0000000000
134180  25.739  -11.959  44.771 0.0000000000
53874  24.899  -12.267  43.485 0.0000000000
131218  25.979  -11.243  39.897 0.0000000000
53903  25.691  -11.684  41.560 0.0000000000
54957  26.865  -11.435  42.638 0.0000000000
132641  24.370  -11.624  53.160 0.0000000000
131878  23.736  -11.580  54.955 0.0000000000
80392  60.531  12.250  6.541 0.0000000000
81548  61.550  13.176  7.677 0.0000000000
80374  60.033  12.664  7.994 0.0000000000
78059  60.403  10.778  15.974 0.0000000000
79178  61.676  11.724  15.876 0.0000000000
72542  49.412  5.723  15.715 0.0000000000
73679  50.663  6.363  15.734 0.0000000000
73661  50.976  6.024  17.304 0.0000000000
64797  42.421  -1.643  28.269 0.0000000000
65744  42.835  -0.188  28.786 0.0000000000
139074  43.305  0.707  28.664 0.0000000000
66812  44.103  0.557  30.395 0.0000000000
58465  43.578  -7.510  40.636 0.0000000000
58501  43.932  -7.698  39.160 0.0000000000
59603  44.471  -6.682  41.285 0.0000000000
79275  58.484  10.913  6.135 0.0000000000
78174  58.229  10.090  4.532 0.0000000000
153348  59.402  10.926  5.747 0.0000000000
79273  60.771  11.390  5.582 0.0000000000
80487  62.485  12.448  -3.881 0.0000000000
80475  62.297  12.130  -2.993 0.0000000000
79327  63.290  11.241  -2.050 0.0000000000
79342  62.025  11.796  -2.173 0.0000000000
53832  34.072  -12.341  45.295 0.0000000000
52711  35.769  -12.544  46.033 0.0000000000
53799  35.197  -11.759  47.341 0.0000000000
52643  18.774  -12.949  52.364 0.0000000000
148936  19.724  -12.059  53.918 0.0000000000
52623  18.594  -12.509  54.479 0.0000000000
53661  16.834  -12.035  58.210 0.0000000000
53672  18.234  -11.845  57.676 0.0000000000
78144  55.254  10.114  7.449 0.0000000000
78136  56.869  10.631  8.420 0.0000000000
78130  55.786  10.110  8.999 0.0000000000
75897  55.275  8.535  10.777 0.0000000000
76993  56.698  8.718  11.170 0.0000000000
155370  56.580  8.216  11.906 0.0000000000
75878  58.202  8.588  13.285 0.0000000000
75869  56.791  8.065  13.613 0.0000000000
70227  50.974  2.859  21.089 0.0000000000
71334  51.948  3.924  21.052 0.0000000000
70200  52.553  3.265  22.551 0.0000000000
78153  56.115  10.148  6.310 0.0000000000
48300  11.653  -16.974  55.602 0.0000000000
47030  10.246  -17.919  55.241 0.0000000000
69174  46.932  2.313  17.080 0.0000000000
69166  47.879  2.239  18.177 0.0000000000
68054  47.486  1.537  18.776 0.0000000000
154344  46.605  0.364  21.611 0.0000000000
68026  47.832  0.858  21.125 0.0000000000
68009  47.990  0.890  22.748 0.0000000000
69092  49.960  1.754  24.651 0.0000000000
67980  48.349  1.200  24.241 0.0000000000
56097  35.586  -9.387  34.534 0.0000000000
55003  37.680  -10.235  38.865 0.0000000000
56063  38.352  -9.051  37.947 0.0000000000
57157  39.368  -9.155  39.512 0.0000000000
156425  40.515  -8.707  39.864 0.0000000000
57145  39.995  -9.133  40.911 0.0000000000
136069  38.146  -12.904  46.069 0.0000000000
52738  38.250  -12.972  44.078 0.0000000000
53830  38.872  -12.478  45.413 0.0000000000
55942  40.563  -9.723  46.506 0.0000000000
57064  41.402  -8.476  45.624 0.0000000000
54881  30.314  -11.246  49.524 0.0000000000
54870  30.480  -10.937  50.872 0.0000000000
54882  29.491  -11.404  49.678 0.0000000000
153098  25.234  -12.601  47.505 0.0000000000
140680  26.005  -12.052  49.012 0.0000000000
53791  25.183  -12.493  48.897 0.0000000000
133410  24.764  -12.040  50.324 0.0000000000
52685  23.407  -12.732  48.234 0.0000000000
52763  21.875  -13.337  43.228 0.0000000000
51724  18.760  -13.982  45.722 0.0000000000
52732  20.180  -13.521  45.879 0.0000000000
51716  19.434  -13.712  46.282 0.0000000000
148499  20.622  -12.975  48.561 0.0000000000
151191  19.567  -13.573  48.181 0.0000000000
52672  19.377  -13.232  49.933 0.0000000000
51710  18.021  -14.028  47.971 0.0000000000
49577  14.996  -16.074  49.885 0.0000000000
53994  32.607  -11.945  35.367 0.0000000000
131817  31.279  -12.191  36.053 0.0000000000
53937  28.754  -11.423  39.452 0.0000000000
139340  29.288  -11.631  38.911 0.0000000000
53948  31.134  -12.337  39.043 0.0000000000
53917  30.444  -11.914  40.964 0.0000000000
52777  31.487  -12.121  42.229 0.0000000000
53885  30.630  -11.851  42.378 0.0000000000
133953  29.205  -11.620  46.099 0.0000000000
53818  30.632  -11.674  46.319 0.0000000000
53804  30.333  -11.644  47.223 0.0000000000
54879  32.125  -11.001  49.522 0.0000000000
137001  29.692  -11.850  53.517 0.0000000000
50570  12.118  -14.672  58.345 0.0000000000
132357  13.389  -13.870  57.943 0.0000000000
82580  65.574  13.240  6.194 0.0000000000
82543  64.488  13.771  9.767 0.0000000000
146841  65.435  12.970  9.095 0.0000000000
80353  65.510  12.044  10.030 0.0000000000
154331  65.413  11.424  11.283 0.0000000000
79226  59.812  11.021  10.393 0.0000000000
80355  60.851  12.061  10.441 0.0000000000
80344  61.119  11.770  11.224 0.0000000000
144942  63.834  12.881  13.700 0.0000000000
74749  53.324  7.498  16.133 0.0000000000
74770  53.724  7.309  14.377 0.0000000000
75847  55.425  8.284  16.270 0.0000000000
75834  56.212  8.548  16.213 0.0000000000
76932  56.629  9.029  17.471 0.0000000000
73611  53.876  6.111  21.062 0.0000000000
73623  53.570  6.421  20.310 0.0000000000
74702  54.872  7.131  21.136 0.0000000000
142770  42.084  0.004  23.277 0.0000000000
134360  44.966  2.202  28.317 0.0000000000
69074  45.468  1.747  26.872 0.0000000000
131015  46.320  2.271  28.120 0.0000000000
69047  47.899  2.369  28.421 0.0000000000
70135  47.613  3.020  29.672 0.0000000000
57239  39.160  -8.104  33.289 0.0000000000
58593  40.496  -7.685  33.667 0.0000000000
60767  45.048  -5.894  36.007 0.0000000000
59676  43.254  -6.275  33.947 0.0000000000
60779  44.827  -5.319  34.518 0.0000000000
61810  44.633  -4.140  32.397 0.0000000000
62800  45.914  -3.718  34.594 0.0000000000
62757  46.036  -4.117  42.067 0.0000000000
157049  47.268  -0.302  36.739 0.0000000000
64730  46.746  -1.447  34.894 0.0000000000
133854  46.862  0.590  35.523 0.0000000000
67896  46.179  1.272  34.078 0.0000000000
68984  46.920  1.984  35.413 0.0000000000
78194  59.407  10.265  2.274 0.0000000000
78207  60.801  10.649  0.527 0.0000000000
78205  62.489  10.371  0.127 0.0000000000
78198  62.377  9.945  1.859 0.0000000000
81579  63.204  12.732  5.101 0.0000000000
79289  63.412  11.741  3.650 0.0000000000
81586  64.587  13.050  4.124 0.0000000000
81583  65.834  13.003  3.796 0.0000000000
80495  65.733  11.775  -4.831 0.0000000000
80447  65.794  12.513  -0.947 0.0000000000
80434  66.942  12.159  0.794 0.0000000000
81599  66.163  12.841  1.421 0.0000000000
54877  34.010  -11.134  49.240 0.0000000000
53772  35.450  -11.547  49.325 0.0000000000
133522  34.825  -11.589  50.681 0.0000000000
51666  16.467  -14.298  52.653 0.0000000000
130971  17.137  -13.009  54.144 0.0000000000
142998  15.846  -13.977  54.100 0.0000000000
52602  15.980  -12.929  56.331 0.0000000000
130892  15.276  -12.826  57.915 0.0000000000
75912  54.163  8.729  9.917 0.0000000000
75891  54.121  7.843  10.978 0.0000000000
69090  51.482  2.332  24.531 0.0000000000
70175  52.904  2.964  24.118 0.0000000000
137108  53.164  3.272  25.633 0.0000000000
157905  54.285  4.608  27.322 0.0000000000
47031  9.258  -18.198  55.231 0.0000000000
47032  8.396  -18.138  55.533 0.0000000000
47016  7.552  -17.867  57.610 0.0000000000
68056  45.718  0.717  18.297 0.0000000000
134304  45.057  -0.121  21.031 0.0000000000
56086  35.877  -9.694  35.332 0.0000000000
55015  35.902  -11.025  37.353 0.0000000000
54992  36.666  -11.202  38.722 0.0000000000
54966  38.355  -10.968  40.956 0.0000000000
132426  27.765  -11.687  46.102 0.0000000000
53807  27.772  -11.738  47.547 0.0000000000
149599  26.985  -11.800  46.265 0.0000000000
53840  25.552  -12.304  45.701 0.0000000000
135845  23.726  -12.852  45.827 0.0000000000
50672  17.369  -14.872  46.336 0.0000000000
157363  16.930  -15.309  45.550 0.0000000000
54994  27.027  -10.900  39.237 0.0000000000
131340  28.042  -11.258  40.938 0.0000000000
53886  29.672  -11.604  42.473 0.0000000000
149660  28.267  -11.336  42.443 0.0000000000
142658  28.020  -11.476  44.435 0.0000000000
148493  26.735  -11.512  53.236 0.0000000000
81569  62.925  13.055  5.746 0.0000000000
82583  64.235  13.993  6.867 0.0000000000
141937  62.511  13.468  7.362 0.0000000000
82566  62.929  13.984  8.779 0.0000000000
82545  63.295  14.040  10.225 0.0000000000
78084  60.573  10.182  13.024 0.0000000000
79206  61.604  11.484  13.028 0.0000000000
79195  61.683  11.522  13.987 0.0000000000
80306  63.024  12.185  15.720 0.0000000000
73698  50.961  6.514  13.481 0.0000000000
73689  50.538  6.469  14.914 0.0000000000
74761  51.996  6.991  15.808 0.0000000000
74733  53.341  7.401  17.778 0.0000000000
74693  56.544  7.631  22.924 0.0000000000
67972  41.699  0.316  25.596 0.0000000000
67986  42.340  0.594  24.889 0.0000000000
155578  42.917  0.861  26.746 0.0000000000
147615  44.124  1.855  29.030 0.0000000000
69040  44.960  2.330  29.884 0.0000000000
58550  41.635  -8.058  36.455 0.0000000000
58567  41.682  -7.778  35.476 0.0000000000
141916  43.062  -7.907  37.500 0.0000000000
59647  44.768  -6.715  37.168 0.0000000000
142686  45.749  -5.683  37.785 0.0000000000
79292  56.423  11.062  3.465 0.0000000000
79299  56.971  11.453  2.608 0.0000000000
78186  57.656  10.296  3.831 0.0000000000
78184  59.311  9.975  3.444 0.0000000000
78183  60.233  9.885  3.142 0.0000000000
151598  61.476  9.897  3.233 0.0000000000
78172  61.206  10.281  4.397 0.0000000000
80408  62.207  11.643  4.948 0.0000000000
80497  62.593  12.842  -4.653 0.0000000000
79360  64.427  11.840  -4.551 0.0000000000
79339  65.403  11.936  -3.400 0.0000000000
80473  66.210  12.037  -2.390 0.0000000000
79325  65.368  12.096  -2.481 0.0000000000
79326  64.435  11.515  -1.572 0.0000000000
152228  64.151  11.127  -0.988 0.0000000000
52774  34.515  -13.101  42.185 0.0000000000
52773  35.291  -13.254  42.354 0.0000000000
52741  35.813  -13.185  44.263 0.0000000000
52725  36.465  -12.905  45.790 0.0000000000
150195  37.679  -12.538  47.436 0.0000000000
53740  21.031  -12.326  52.719 0.0000000000
54832  22.527  -11.668  54.768 0.0000000000
53717  20.970  -11.823  54.280 0.0000000000
54821  20.768  -11.623  56.140 0.0000000000
133424  18.478  -11.887  56.120 0.0000000000
138787  19.047  -11.821  57.822 0.0000000000
133549  58.252  11.341  7.011 0.0000000000
80375  59.252  12.171  8.151 0.0000000000
79254  57.652  11.095  8.270 0.0000000000
78127  58.167  10.814  9.720 0.0000000000
78115  58.500  10.191  10.384 0.0000000000
77017  55.892  9.753  9.716 0.0000000000
77003  57.992  9.575  10.776 0.0000000000
76991  59.668  9.754  11.575 0.0000000000
76967  59.330  9.251  13.072 0.0000000000
78077  59.824  9.872  14.502 0.0000000000
78061  59.221  10.056  16.505 0.0000000000
71375  50.406  4.360  18.589 0.0000000000
72503  51.292  5.306  18.615 0.0000000000
71364  51.328  4.506  19.610 0.0000000000
72454  52.872  5.064  21.073 0.0000000000
72443  54.621  5.396  22.460 0.0000000000
70181  54.202  3.669  24.021 0.0000000000
71299  55.506  4.652  23.938 0.0000000000
72436  55.874  5.540  23.536 0.0000000000
63806  43.690  -2.593  29.810 0.0000000000
142017  45.010  -5.663  42.762 0.0000000000
79285  55.798  10.941  3.990 0.0000000000
78165  56.259  10.184  5.367 0.0000000000
78152  56.961  10.243  6.131 0.0000000000
82628  61.443  15.468  -2.342 0.0000000000
82629  60.809  14.898  -2.057 0.0000000000
48326  12.933  -17.303  53.772 0.0000000000
49515  13.363  -15.786  55.298 0.0000000000
48299  12.430  -16.681  55.322 0.0000000000
49509  11.847  -15.715  56.777 0.0000000000
50571  10.905  -15.227  58.647 0.0000000000
48285  9.669  -16.931  56.732 0.0000000000
71410  48.340  4.804  15.716 0.0000000000
70292  47.555  3.721  15.968 0.0000000000
70283  48.763  3.702  17.276 0.0000000000
133570  49.435  3.262  18.690 0.0000000000
70251  50.049  2.804  20.065 0.0000000000
146160  49.832  1.966  21.093 0.0000000000
68040  47.632  1.009  20.286 0.0000000000
68024  49.318  1.545  21.340 0.0000000000
69113  50.349  1.794  22.579 0.0000000000
156196  50.732  2.121  24.846 0.0000000000
69070  50.825  2.534  26.313 0.0000000000
70153  50.618  3.116  27.933 0.0000000000
57224  38.368  -8.469  34.679 0.0000000000
56085  36.671  -9.256  35.743 0.0000000000
133639  37.971  -8.699  36.093 0.0000000000
57197  39.349  -8.455  36.062 0.0000000000
57168  41.331  -8.487  38.351 0.0000000000
58486  41.950  -8.202  40.306 0.0000000000
58449  42.465  -7.521  41.968 0.0000000000
52772  37.001  -13.029  41.926 0.0000000000
53883  38.523  -12.281  42.348 0.0000000000
56000  39.245  -10.707  42.603 0.0000000000
134059  39.689  -10.962  46.146 0.0000000000
55969  39.704  -10.062  44.214 0.0000000000
55983  39.678  -9.909  43.164 0.0000000000
57100  40.691  -8.738  43.382 0.0000000000
58436  41.790  -7.762  43.588 0.0000000000
59565  43.385  -6.584  44.396 0.0000000000
53749  32.215  -11.558  52.260 0.0000000000
53735  30.964  -11.443  52.483 0.0000000000
53736  30.207  -11.343  52.396 0.0000000000
54848  28.607  -11.415  52.190 0.0000000000
149734  27.884  -11.732  49.267 0.0000000000
158028  27.690  -11.740  50.623 0.0000000000
54849  27.167  -11.530  52.527 0.0000000000
54863  25.423  -11.749  51.941 0.0000000000
53752  23.733  -11.876  51.381 0.0000000000
132247  22.858  -11.998  51.213 0.0000000000
52761  23.402  -12.866  43.418 0.0000000000
52746  22.795  -12.989  44.383 0.0000000000
52714  22.893  -12.905  45.805 0.0000000000
51730  20.302  -13.763  44.061 0.0000000000
147285  21.398  -13.038  45.874 0.0000000000
139617  22.445  -12.820  47.113 0.0000000000
52687  21.880  -12.814  48.456 0.0000000000
53766  21.908  -12.650  50.357 0.0000000000
53753  21.490  -12.613  51.256 0.0000000000
52650  19.959  -12.865  51.335 0.0000000000
51681  18.666  -13.569  50.467 0.0000000000
51672  17.848  -13.731  51.572 0.0000000000
50654  17.364  -14.616  48.285 0.0000000000
50647  16.742  -14.889  49.465 0.0000000000
50629  16.798  -14.501  51.161 0.0000000000
141546  15.882  -14.961  51.762 0.0000000000
49559  14.939  -15.897  51.755 0.0000000000
49560  14.444  -16.508  52.158 0.0000000000
152490  13.445  -17.583  52.127 0.0000000000
154033  12.527  -18.196  52.629 0.0000000000
53993  33.415  -11.738  35.375 0.0000000000
53960  33.818  -12.176  37.038 0.0000000000
149543  33.229  -12.726  38.971 0.0000000000
53962  31.333  -12.399  38.037 0.0000000000
52838  31.990  -12.582  38.808 0.0000000000
52792  33.307  -12.830  41.001 0.0000000000
52775  33.097  -12.715  41.859 0.0000000000
53866  32.643  -12.376  43.441 0.0000000000
53833  32.562  -11.983  45.246 0.0000000000
134527  30.150  -11.628  44.110 0.0000000000
134888  32.003  -11.818  45.778 0.0000000000
53802  32.681  -11.619  47.227 0.0000000000
54878  33.159  -10.995  49.367 0.0000000000
141625  32.606  -10.955  50.921 0.0000000000
50585  13.965  -14.653  56.059 0.0000000000
52583  14.124  -13.446  58.248 0.0000000000
82562  65.391  13.330  7.642 0.0000000000
136817  60.346  12.676  8.849 0.0000000000
81528  61.634  13.123  9.696 0.0000000000
81514  63.045  13.799  10.974 0.0000000000
80323  62.580  12.778  12.933 0.0000000000
81496  63.642  13.405  12.465 0.0000000000
135967  64.804  12.732  11.834 0.0000000000
149087  52.554  7.316  10.585 0.0000000000
136271  54.017  7.185  12.416 0.0000000000
74780  52.916  7.038  13.677 0.0000000000
143699  54.000  7.197  13.369 0.0000000000
74768  55.403  7.681  13.768 0.0000000000
75859  56.936  8.369  14.942 0.0000000000
76939  58.218  9.265  16.050 0.0000000000
78053  58.674  9.995  17.275 0.0000000000
73638  52.620  6.288  19.110 0.0000000000
74734  53.060  6.963  18.632 0.0000000000
75820  54.662  8.183  18.549 0.0000000000
75788  55.922  8.181  21.240 0.0000000000
75799  55.730  8.408  20.284 0.0000000000
76925  55.869  8.792  18.666 0.0000000000
76912  57.172  9.494  18.860 0.0000000000
78046  58.512  10.178  18.789 0.0000000000
65796  43.781  -0.497  21.316 0.0000000000
66879  45.521  0.263  23.319 0.0000000000
67985  43.849  0.881  25.027 0.0000000000
67983  45.701  0.862  24.734 0.0000000000
67982  46.582  0.955  24.597 0.0000000000
134833  48.267  1.914  26.773 0.0000000000
70154  49.343  2.551  27.983 0.0000000000
70132  50.977  3.837  29.639 0.0000000000
59677  42.340  -6.911  34.110 0.0000000000
61816  43.113  -4.729  30.728 0.0000000000
63779  44.255  -3.264  31.052 0.0000000000
64760  44.863  -1.769  31.385 0.0000000000
60716  45.515  -5.672  40.934 0.0000000000
61765  46.124  -4.595  39.950 0.0000000000
61771  46.429  -4.182  37.822 0.0000000000
63729  46.829  -2.717  38.591 0.0000000000
62789  46.567  -3.301  36.158 0.0000000000
63755  46.469  -2.187  34.408 0.0000000000
63768  45.868  -1.952  33.065 0.0000000000
65715  44.806  -0.193  31.572 0.0000000000
66800  45.005  0.536  32.021 0.0000000000
69015  45.509  1.739  32.138 0.0000000000
70103  46.172  2.788  32.119 0.0000000000
150899  47.755  3.302  35.329 0.0000000000
154013  47.430  3.426  33.773 0.0000000000
70113  47.823  3.561  32.129 0.0000000000
71224  49.158  3.740  30.986 0.0000000000
81612  60.082  13.621  -1.335 0.0000000000
79330  60.991  11.827  -0.993 0.0000000000
78213  62.074  10.777  -0.610 0.0000000000
78204  63.311  10.521  -0.009 0.0000000000
79309  64.306  11.513  0.706 0.0000000000
78180  63.152  10.790  2.962 0.0000000000
141912  63.713  11.149  2.177 0.0000000000
80428  65.196  12.737  1.416 0.0000000000
148600  66.086  12.922  2.256 0.0000000000
52630  33.196  -12.867  53.052 0.0000000000
52629  33.946  -13.231  52.833 0.0000000000
49551  14.173  -16.257  53.056 0.0000000000
49540  14.608  -15.613  53.614 0.0000000000
49541  13.891  -16.050  53.906 0.0000000000
71255  51.923  3.849  28.187 0.0000000000
71243  52.628  4.340  28.605 0.0000000000
52821  35.335  -12.606  39.548 0.0000000000
131823  35.096  -12.956  40.481 0.0000000000
53889  25.285  -11.896  42.333 0.0000000000
130926  24.907  -12.159  42.904 0.0000000000
53890  24.530  -12.319  42.330 0.0000000000
53888  26.176  -11.575  42.350 0.0000000000
53727  23.329  -11.759  53.027 0.0000000000
54840  23.765  -11.685  53.689 0.0000000000
54841  23.023  -11.721  54.020 0.0000000000
80393  59.766  11.973  6.687 0.0000000000
80383  60.241  12.479  7.199 0.0000000000
80384  59.488  12.161  7.380 0.0000000000
79172  61.080  11.337  16.341 0.0000000000
79171  61.342  11.483  17.158 0.0000000000
72529  49.662  5.382  16.416 0.0000000000
72528  50.307  5.710  16.853 0.0000000000
72515  50.539  5.355  17.572 0.0000000000
145652  43.076  -0.908  29.176 0.0000000000
147053  42.581  -0.931  28.516 0.0000000000
65738  43.328  -0.146  29.440 0.0000000000
65726  43.833  -0.128  30.114 0.0000000000
59604  43.753  -6.992  41.439 0.0000000000
59617  44.296  -7.039  40.687 0.0000000000
59591  44.312  -6.514  41.942 0.0000000000
79274  59.334  11.454  6.297 0.0000000000
80401  60.085  11.625  6.041 0.0000000000
80476  61.502  12.649  -2.543 0.0000000000
80464  61.195  12.229  -1.785 0.0000000000
53815  34.042  -11.898  46.148 0.0000000000
53814  34.695  -11.841  46.705 0.0000000000
53800  34.502  -11.655  47.403 0.0000000000
52652  18.138  -13.278  52.246 0.0000000000
146111  18.428  -12.821  53.761 0.0000000000
52636  17.699  -13.015  53.561 0.0000000000
132294  55.827  10.266  7.846 0.0000000000
78138  55.312  10.084  8.342 0.0000000000
75889  55.844  8.201  11.467 0.0000000000
75881  56.029  7.932  12.367 0.0000000000
75880  56.919  8.093  12.736 0.0000000000
69127  51.205  2.682  21.760 0.0000000000
70226  51.588  3.236  21.438 0.0000000000
70184  52.219  2.748  22.963 0.0000000000
47047  10.562  -18.404  54.555 0.0000000000
132741  45.839  2.167  16.264 0.0000000000
69175  46.185  1.835  17.045 0.0000000000
69167  46.990  1.813  17.839 0.0000000000
68063  46.239  1.284  17.810 0.0000000000
157471  46.706  0.427  22.443 0.0000000000
66890  47.422  0.634  22.035 0.0000000000
66891  47.222  0.621  22.982 0.0000000000
67995  47.759  0.932  23.600 0.0000000000
151071  38.354  -10.438  40.218 0.0000000000
154231  38.204  -9.828  39.116 0.0000000000
130851  38.706  -9.809  39.757 0.0000000000
56030  39.406  -9.501  40.350 0.0000000000
56015  39.516  -9.748  41.232 0.0000000000
52708  38.321  -12.656  46.961 0.0000000000
53812  39.040  -12.376  46.404 0.0000000000
54897  29.764  -11.476  48.865 0.0000000000
52698  24.551  -12.705  47.379 0.0000000000
53808  24.866  -12.649  48.114 0.0000000000
52684  24.163  -12.705  47.978 0.0000000000
53792  24.263  -12.663  48.773 0.0000000000
51708  19.357  -13.668  47.303 0.0000000000
149875  18.585  -13.905  47.370 0.0000000000
51709  18.869  -13.760  48.076 0.0000000000
53919  28.896  -11.508  40.312 0.0000000000
53936  29.595  -11.753  39.695 0.0000000000
145930  30.371  -11.953  40.211 0.0000000000
53900  30.937  -11.991  41.532 0.0000000000
141154  30.129  -11.789  41.625 0.0000000000
142230  29.146  -11.647  46.765 0.0000000000
53819  29.787  -11.647  46.593 0.0000000000
54911  30.054  -11.574  48.040 0.0000000000
54896  30.632  -11.446  48.737 0.0000000000
53724  29.049  -11.755  53.522 0.0000000000
50563  11.736  -14.861  59.385 0.0000000000
51608  12.253  -14.493  59.021 0.0000000000
82589  64.659  13.660  5.516 0.0000000000
155091  65.232  13.523  5.846 0.0000000000
139368  64.912  13.748  5.993 0.0000000000
155327  64.658  13.512  10.259 0.0000000000
81525  65.358  12.753  9.824 0.0000000000
81512  65.250  12.546  10.640 0.0000000000
143524  65.428  11.929  10.761 0.0000000000
81501  64.836  12.930  11.179 0.0000000000
79225  60.542  11.294  10.768 0.0000000000
79214  60.812  11.000  11.602 0.0000000000
75837  54.040  7.929  16.562 0.0000000000
75848  54.600  8.030  15.971 0.0000000000
75836  54.754  8.144  16.639 0.0000000000
75835  56.020  8.653  16.940 0.0000000000
131318  55.205  8.371  17.252 0.0000000000
73602  54.813  6.150  22.170 0.0000000000
73610  54.538  6.450  21.442 0.0000000000
73609  55.127  6.821  21.894 0.0000000000
66882  41.237  -0.003  23.439 0.0000000000
69039  45.529  2.560  29.592 0.0000000000
146450  45.601  2.218  28.041 0.0000000000
155649  46.151  2.699  29.314 0.0000000000
70146  47.408  2.631  28.949 0.0000000000
70126  46.956  3.112  30.213 0.0000000000
58594  39.733  -8.021  33.821 0.0000000000
58581  40.340  -7.945  34.415 0.0000000000
60755  45.545  -5.457  36.293 0.0000000000
136610  44.609  -5.974  35.383 0.0000000000
61790  45.285  -5.356  35.481 0.0000000000
61801  45.294  -4.348  33.943 0.0000000000
61795  45.581  -4.595  34.969 0.0000000000
66753  47.566  0.148  38.046 0.0000000000
141097  47.032  -0.041  36.011 0.0000000000
136058  47.003  0.722  36.103 0.0000000000
67887  46.900  1.310  35.611 0.0000000000
67877  47.249  1.222  36.445 0.0000000000
79305  59.109  11.025  1.204 0.0000000000
78200  59.932  10.419  1.588 0.0000000000
79304  60.010  10.805  0.890 0.0000000000
78199  60.754  10.217  1.380 0.0000000000
77055  61.452  9.912  2.076 0.0000000000
81568  63.662  13.327  5.384 0.0000000000
81578  63.840  13.014  4.637 0.0000000000
81567  64.338  13.423  5.049 0.0000000000
81577  64.932  13.365  4.761 0.0000000000
80494  66.166  11.614  -4.367 0.0000000000
79349  66.933  11.112  -3.865 0.0000000000
80448  65.294  12.365  -0.438 0.0000000000
80446  66.264  12.414  -0.451 0.0000000000
133328  65.755  12.688  0.007 0.0000000000
80435  66.329  12.595  0.545 0.0000000000
80436  65.678  12.833  0.930 0.0000000000
54867  33.725  -10.956  49.960 0.0000000000
54866  34.651  -11.290  49.839 0.0000000000
50621  15.923  -14.775  52.518 0.0000000000
150996  16.159  -13.933  53.703 0.0000000000
51656  15.934  -14.339  53.336 0.0000000000
51636  14.808  -14.141  55.636 0.0000000000
51635  15.444  -13.785  55.453 0.0000000000
52603  15.258  -13.551  56.226 0.0000000000
52590  15.386  -12.911  57.116 0.0000000000
75913  53.403  8.436  9.622 0.0000000000
75899  53.773  8.080  10.342 0.0000000000
75900  52.952  7.849  10.127 0.0000000000
151439  51.835  2.576  25.199 0.0000000000
69089  52.322  2.677  24.664 0.0000000000
70167  52.445  2.884  25.455 0.0000000000
46012  8.444  -18.549  54.783 0.0000000000
47020  7.460  -17.942  56.723 0.0000000000
47021  6.943  -18.274  57.153 0.0000000000
55028  34.985  -11.131  36.115 0.0000000000
53975  35.210  -11.411  36.923 0.0000000000
53915  36.196  -12.283  39.703 0.0000000000
53932  36.743  -11.697  39.486 0.0000000000
54991  37.346  -10.942  39.332 0.0000000000
53913  37.714  -11.729  40.614 0.0000000000
131821  27.021  -11.721  45.432 0.0000000000
53856  24.953  -12.467  44.916 0.0000000000
53841  24.611  -12.705  45.791 0.0000000000
52728  24.103  -12.780  45.004 0.0000000000
149840  26.798  -11.271  40.832 0.0000000000
148924  26.697  -11.099  40.047 0.0000000000
54983  27.398  -11.156  40.531 0.0000000000
140532  27.435  -10.992  39.825 0.0000000000
54955  28.135  -11.349  41.740 0.0000000000
131228  26.897  -11.546  43.902 0.0000000000
53871  27.693  -11.438  43.840 0.0000000000
53853  27.345  -11.570  44.562 0.0000000000
53838  27.885  -11.576  45.159 0.0000000000
132271  25.808  -11.509  53.179 0.0000000000
132643  25.898  -11.549  53.846 0.0000000000
81570  62.090  12.797  6.026 0.0000000000
81556  62.715  13.286  6.500 0.0000000000
81557  61.828  13.062  6.785 0.0000000000
81547  62.356  13.585  8.224 0.0000000000
82559  63.506  14.086  9.403 0.0000000000
81537  62.279  13.630  9.001 0.0000000000
150358  60.534  10.294  14.009 0.0000000000
79196  61.102  10.851  13.511 0.0000000000
79187  61.040  11.013  14.480 0.0000000000
80307  62.364  12.058  15.404 0.0000000000
73690  49.750  6.222  14.571 0.0000000000
134596  50.395  6.433  14.083 0.0000000000
73667  51.499  6.502  16.921 0.0000000000
73678  51.382  6.616  16.142 0.0000000000
74751  52.018  6.930  16.579 0.0000000000
74741  52.710  7.167  17.029 0.0000000000
150608  40.958  -0.095  25.605 0.0000000000
67960  41.556  0.150  26.117 0.0000000000
67958  42.310  0.553  26.310 0.0000000000
67959  42.124  0.331  26.843 0.0000000000
67925  43.947  1.050  29.922 0.0000000000
156682  43.585  0.983  28.743 0.0000000000
67932  43.975  1.359  29.313 0.0000000000
69041  44.388  1.971  29.705 0.0000000000
69034  44.820  2.085  30.412 0.0000000000
58536  42.214  -8.267  37.713 0.0000000000
152515  42.434  -7.956  36.887 0.0000000000
58520  42.909  -8.128  38.220 0.0000000000
150948  44.535  -7.277  39.367 0.0000000000
59637  44.485  -7.327  38.592 0.0000000000
59636  44.965  -6.764  38.060 0.0000000000
60745  45.365  -6.202  37.516 0.0000000000
60734  45.569  -6.163  38.338 0.0000000000
78187  57.010  10.490  3.888 0.0000000000
78173  59.123  10.049  4.418 0.0000000000
150638  60.186  10.013  4.258 0.0000000000
154780  60.575  10.642  5.026 0.0000000000
151186  60.837  12.006  6.015 0.0000000000
80400  61.562  12.019  5.602 0.0000000000
80399  62.477  12.409  5.406 0.0000000000
79352  63.054  11.794  -3.468 0.0000000000
80486  63.341  12.110  -4.517 0.0000000000
152273  64.748  11.758  -3.837 0.0000000000
79340  64.556  11.700  -2.997 0.0000000000
137895  64.035  11.414  -2.221 0.0000000000
78210  63.739  11.120  -1.495 0.0000000000
79315  64.650  11.725  -0.799 0.0000000000
78211  63.539  10.837  -0.785 0.0000000000
151768  33.757  -12.824  42.574 0.0000000000
52758  34.641  -13.033  42.952 0.0000000000
52742  34.821  -12.896  43.859 0.0000000000
52726  35.738  -12.830  45.287 0.0000000000
52710  36.274  -12.472  46.571 0.0000000000
145568  37.124  -12.856  46.356 0.0000000000
156938  21.140  -11.866  53.821 0.0000000000
53729  20.505  -12.009  53.500 0.0000000000
143400  19.872  -11.824  55.094 0.0000000000
53704  20.004  -11.716  55.815 0.0000000000
54812  20.455  -11.672  56.851 0.0000000000
134277  17.371  -12.787  55.030 0.0000000000
52612  17.887  -12.302  55.565 0.0000000000
53691  17.557  -12.035  56.298 0.0000000000
79262  57.619  11.004  7.400 0.0000000000
79255  57.093  10.759  7.786 0.0000000000
78128  57.372  10.709  9.199 0.0000000000
77018  54.616  9.278  9.477 0.0000000000
77024  55.204  9.747  9.168 0.0000000000
138897  55.225  9.405  9.784 0.0000000000
76992  57.608  8.970  11.252 0.0000000000
132683  57.165  9.399  10.559 0.0000000000
150955  58.275  9.165  11.351 0.0000000000
77002  58.857  9.565  11.125 0.0000000000
135609  58.736  9.124  11.810 0.0000000000
78096  59.927  9.664  12.562 0.0000000000
76981  58.617  8.860  12.639 0.0000000000
75867  58.231  8.642  13.985 0.0000000000
76957  59.309  9.301  13.963 0.0000000000
76948  59.052  9.380  14.904 0.0000000000
78068  59.656  10.101  15.596 0.0000000000
78069  58.891  9.572  15.832 0.0000000000
71365  50.716  4.090  19.281 0.0000000000
71351  51.018  3.828  19.988 0.0000000000
71319  52.912  3.963  22.157 0.0000000000
71333  52.597  4.302  21.407 0.0000000000
71332  53.248  4.683  21.777 0.0000000000
72444  53.940  5.026  22.118 0.0000000000
71317  54.345  4.627  22.826 0.0000000000
151409  53.609  3.342  25.095 0.0000000000
70182  53.483  3.357  23.656 0.0000000000
70173  54.200  3.602  24.823 0.0000000000
71285  55.851  4.533  24.805 0.0000000000
72427  56.171  5.010  24.214 0.0000000000
72426  56.647  5.664  24.173 0.0000000000
62829  42.709  -3.291  28.879 0.0000000000
63826  42.531  -2.485  28.387 0.0000000000
62828  43.244  -3.333  29.576 0.0000000000
78177  55.596  10.535  4.661 0.0000000000
79268  57.661  10.738  6.637 0.0000000000
47061  12.437  -18.011  53.291 0.0000000000
48311  12.689  -17.015  54.576 0.0000000000
48283  11.351  -16.546  56.335 0.0000000000
49496  11.407  -15.540  57.524 0.0000000000
49497  10.664  -15.679  57.954 0.0000000000
47018  9.076  -17.613  56.188 0.0000000000
70302  47.683  4.420  15.457 0.0000000000
69182  47.426  2.957  16.669 0.0000000000
70293  46.832  3.174  15.782 0.0000000000
70291  48.238  3.722  16.650 0.0000000000
134854  49.030  3.487  17.958 0.0000000000
69156  48.259  2.007  19.008 0.0000000000
69155  48.848  2.333  19.232 0.0000000000
69154  49.364  2.392  19.785 0.0000000000
69140  49.757  2.276  20.444 0.0000000000
69141  49.150  1.786  20.566 0.0000000000
68048  46.145  0.562  19.195 0.0000000000
131316  47.034  0.914  19.594 0.0000000000
132475  48.272  1.014  21.944 0.0000000000
68025  48.679  1.274  21.216 0.0000000000
68007  49.044  1.291  21.971 0.0000000000
69129  49.791  1.624  21.895 0.0000000000
69091  50.766  2.008  24.090 0.0000000000
156262  50.134  1.644  23.563 0.0000000000
69083  49.443  1.861  25.584 0.0000000000
69082  50.323  2.135  25.550 0.0000000000
69055  50.782  2.862  27.149 0.0000000000
157009  50.351  2.550  26.844 0.0000000000
57241  37.359  -8.535  33.513 0.0000000000
138635  38.123  -8.447  33.962 0.0000000000
57225  37.575  -8.546  34.459 0.0000000000
56075  36.152  -10.017  36.147 0.0000000000
130808  36.835  -9.665  36.593 0.0000000000
57183  38.020  -8.916  37.020 0.0000000000
57182  38.893  -8.685  37.423 0.0000000000
57198  38.759  -8.589  36.512 0.0000000000
133906  39.697  -8.474  36.883 0.0000000000
57181  40.505  -8.462  37.604 0.0000000000
57169  40.304  -8.594  38.526 0.0000000000
57144  40.594  -8.745  40.570 0.0000000000
58487  41.162  -8.514  40.073 0.0000000000
58468  41.319  -8.331  41.081 0.0000000000
58467  42.203  -7.891  41.185 0.0000000000
147012  41.733  -7.927  41.917 0.0000000000
52756  36.479  -13.397  43.427 0.0000000000
131825  35.947  -13.177  41.716 0.0000000000
135174  37.026  -13.292  42.788 0.0000000000
152004  38.733  -12.502  43.767 0.0000000000
52754  38.372  -12.757  43.219 0.0000000000
132738  38.892  -12.122  43.179 0.0000000000
155492  38.954  -11.580  42.645 0.0000000000
54943  39.168  -11.305  43.332 0.0000000000
55954  40.380  -9.483  45.651 0.0000000000
55943  39.923  -10.126  45.910 0.0000000000
55955  39.958  -9.825  45.116 0.0000000000
57101  40.156  -9.323  43.727 0.0000000000
57119  40.146  -9.191  42.734 0.0000000000
57082  40.697  -8.824  44.259 0.0000000000
58424  41.750  -7.850  44.373 0.0000000000
59579  42.412  -7.250  43.488 0.0000000000
135504  31.607  -11.570  52.509 0.0000000000
54846  31.546  -11.028  51.958 0.0000000000
139616  29.664  -10.996  51.003 0.0000000000
54859  30.118  -10.989  51.656 0.0000000000
54860  29.237  -11.217  51.611 0.0000000000
54847  29.424  -11.329  52.260 0.0000000000
54861  28.502  -11.450  51.504 0.0000000000
147456  26.973  -11.840  47.589 0.0000000000
53789  27.384  -11.790  48.376 0.0000000000
53773  26.286  -11.893  49.853 0.0000000000
53760  27.175  -11.809  50.061 0.0000000000
54873  27.082  -11.800  50.933 0.0000000000
54850  26.421  -11.579  52.573 0.0000000000
53751  25.662  -11.807  51.422 0.0000000000
53775  23.953  -12.385  49.979 0.0000000000
132642  24.799  -11.835  51.389 0.0000000000
53764  23.413  -12.134  50.629 0.0000000000
53765  22.675  -12.430  50.529 0.0000000000
150890  22.621  -13.102  43.658 0.0000000000
135115  23.262  -12.902  45.064 0.0000000000
52729  22.401  -12.959  45.060 0.0000000000
51739  19.613  -13.996  43.453 0.0000000000
51731  19.410  -13.984  44.391 0.0000000000
52731  20.886  -13.356  45.481 0.0000000000
52717  20.857  -13.150  46.335 0.0000000000
52716  21.681  -12.905  46.619 0.0000000000
52700  21.749  -12.849  47.593 0.0000000000
52688  21.228  -12.844  48.926 0.0000000000
52670  21.237  -12.811  49.772 0.0000000000
52660  21.162  -12.783  50.505 0.0000000000
52649  20.646  -12.829  50.952 0.0000000000
52671  20.012  -12.933  49.818 0.0000000000
51690  18.588  -13.711  49.538 0.0000000000
131899  19.230  -12.993  50.870 0.0000000000
51682  18.108  -13.752  50.882 0.0000000000
51691  17.920  -13.889  50.066 0.0000000000
50665  16.888  -15.102  46.913 0.0000000000
50664  17.454  -14.708  47.375 0.0000000000
50648  16.226  -15.429  49.044 0.0000000000
144044  16.697  -15.007  48.565 0.0000000000
50639  16.797  -14.704  50.370 0.0000000000
50630  16.126  -14.906  50.959 0.0000000000
49568  15.662  -15.607  50.432 0.0000000000
49569  14.967  -15.942  50.803 0.0000000000
48348  14.541  -16.579  51.248 0.0000000000
145868  13.974  -16.953  50.738 0.0000000000
47098  13.174  -17.836  51.377 0.0000000000
47082  12.803  -17.977  52.055 0.0000000000
47099  12.521  -18.472  51.247 0.0000000000
53978  32.163  -12.293  36.180 0.0000000000
53961  33.007  -12.329  36.682 0.0000000000
52850  33.114  -12.524  37.638 0.0000000000
52837  32.824  -12.662  38.540 0.0000000000
53980  30.481  -11.954  36.450 0.0000000000
53963  30.517  -12.042  37.501 0.0000000000
53934  30.961  -12.209  39.810 0.0000000000
52825  31.788  -12.481  39.834 0.0000000000
52824  32.790  -12.723  39.443 0.0000000000
52809  32.619  -12.684  40.396 0.0000000000
52793  32.480  -12.596  41.234 0.0000000000
131864  31.987  -12.117  43.581 0.0000000000
53884  32.074  -12.278  42.861 0.0000000000
53849  32.425  -12.159  44.307 0.0000000000
53869  29.492  -11.504  43.501 0.0000000000
53868  30.346  -11.699  43.246 0.0000000000
53803  31.147  -11.648  47.133 0.0000000000
53834  31.214  -11.769  45.606 0.0000000000
53817  31.536  -11.712  46.410 0.0000000000
53816  32.346  -11.723  46.517 0.0000000000
54909  32.236  -11.520  47.886 0.0000000000
54894  32.613  -11.293  48.658 0.0000000000
151113  31.481  -10.943  50.037 0.0000000000
150272  32.036  -10.927  50.441 0.0000000000
149964  32.343  -11.154  51.612 0.0000000000
134093  32.820  -11.578  51.992 0.0000000000
52632  31.573  -12.486  53.294 0.0000000000
54826  22.088  -11.641  55.454 0.0000000000
134241  22.951  -11.621  55.349 0.0000000000
53702  23.205  -11.710  56.032 0.0000000000
50593  13.295  -15.379  55.837 0.0000000000
50586  13.077  -14.949  56.478 0.0000000000
51606  13.661  -13.755  59.439 0.0000000000
52575  14.232  -13.313  58.983 0.0000000000
52574  14.963  -12.948  59.224 0.0000000000
51597  15.216  -13.400  59.892 0.0000000000
82572  64.608  13.929  7.449 0.0000000000
82571  65.049  13.723  7.172 0.0000000000
82563  64.924  13.741  8.013 0.0000000000
143403  65.625  11.580  9.531 0.0000000000
156007  59.723  12.386  8.651 0.0000000000
80367  59.892  12.188  9.345 0.0000000000
80343  61.474  12.474  10.827 0.0000000000
80354  61.235  12.706  10.041 0.0000000000
81516  61.899  13.171  10.393 0.0000000000
81504  62.693  13.396  11.565 0.0000000000
80324  62.172  12.180  13.492 0.0000000000
80335  61.940  12.225  12.555 0.0000000000
80315  62.867  12.700  13.892 0.0000000000
81485  63.765  13.135  13.170 0.0000000000
81484  64.109  12.870  13.203 0.0000000000
81495  64.081  13.205  12.471 0.0000000000
80322  64.688  12.123  12.946 0.0000000000
80333  64.964  12.247  12.228 0.0000000000
74791  51.858  6.669  11.706 0.0000000000
74812  51.717  7.031  10.793 0.0000000000
74801  52.603  6.977  11.315 0.0000000000
132197  53.351  7.061  11.844 0.0000000000
131489  51.325  6.706  14.351 0.0000000000
73697  51.882  6.720  13.436 0.0000000000
74781  52.188  6.975  14.225 0.0000000000
74758  54.401  7.719  15.103 0.0000000000
74769  54.611  7.506  14.123 0.0000000000
74779  54.795  7.412  13.383 0.0000000000
75860  56.236  8.024  14.276 0.0000000000
131634  56.026  8.223  15.392 0.0000000000
76931  57.353  9.248  17.145 0.0000000000
76940  57.495  9.053  16.317 0.0000000000
76930  58.050  9.474  16.819 0.0000000000
152175  58.614  9.671  16.493 0.0000000000
72485  52.242  5.626  19.531 0.0000000000
73651  51.868  5.860  18.664 0.0000000000
74713  53.906  7.104  19.998 0.0000000000
73637  53.279  6.711  19.540 0.0000000000
74724  54.354  7.632  19.629 0.0000000000
75808  54.171  7.820  18.902 0.0000000000
75807  54.769  8.107  19.283 0.0000000000
131073  56.913  9.211  20.580 0.0000000000
75798  56.434  8.768  20.875 0.0000000000
76901  56.374  9.031  20.052 0.0000000000
76902  55.812  8.742  19.468 0.0000000000
76913  56.474  9.131  19.215 0.0000000000
76924  56.551  9.096  18.338 0.0000000000
66894  43.458  -0.092  22.797 0.0000000000
156532  44.188  0.030  22.931 0.0000000000
66893  44.912  0.052  22.694 0.0000000000
66880  44.637  0.211  23.488 0.0000000000
67957  43.424  1.141  26.629 0.0000000000
135210  42.957  0.829  25.305 0.0000000000
67970  43.580  1.089  25.852 0.0000000000
67954  45.870  1.390  26.154 0.0000000000
67968  45.340  1.137  25.502 0.0000000000
67953  46.759  1.392  26.032 0.0000000000
154761  47.496  1.427  25.857 0.0000000000
69072  47.414  1.679  26.676 0.0000000000
132780  48.348  2.715  29.071 0.0000000000
69046  48.621  2.393  28.184 0.0000000000
70145  49.209  2.742  28.695 0.0000000000
131877  49.904  2.949  28.307 0.0000000000
70133  50.053  3.450  29.807 0.0000000000
58566  42.418  -7.318  35.111 0.0000000000
58580  41.643  -7.495  34.595 0.0000000000
135617  43.365  -5.797  33.079 0.0000000000
59689  42.606  -6.413  33.265 0.0000000000
60806  42.677  -6.015  32.466 0.0000000000
59702  42.681  -5.746  31.789 0.0000000000
60817  42.951  -5.273  31.329 0.0000000000
62806  45.223  -3.756  33.088 0.0000000000
62816  44.154  -4.077  31.597 0.0000000000
156096  44.640  -3.518  31.769 0.0000000000
63778  44.818  -2.707  31.583 0.0000000000
61741  45.356  -5.322  43.432 0.0000000000
60707  45.297  -5.567  41.934 0.0000000000
61746  45.694  -4.970  42.598 0.0000000000
62762  46.538  -3.326  40.764 0.0000000000
62763  46.101  -4.038  41.191 0.0000000000
62769  46.267  -3.996  40.348 0.0000000000
132901  46.117  -4.856  39.159 0.0000000000
62776  46.421  -4.031  39.515 0.0000000000
141851  47.167  -1.482  37.790 0.0000000000
64710  46.963  -1.955  38.614 0.0000000000
63733  46.894  -2.460  37.803 0.0000000000
154514  46.747  -3.015  37.472 0.0000000000
63740  46.830  -2.677  36.882 0.0000000000
63747  46.463  -2.977  35.140 0.0000000000
63746  46.828  -2.451  35.913 0.0000000000
65684  46.627  -0.632  34.638 0.0000000000
64731  46.430  -1.277  34.130 0.0000000000
64740  45.999  -1.166  33.410 0.0000000000
64748  45.625  -1.156  32.612 0.0000000000
65707  45.279  -0.291  32.321 0.0000000000
66792  45.488  0.417  32.769 0.0000000000
142481  46.077  1.670  33.581 0.0000000000
67908  45.834  1.708  32.906 0.0000000000
69014  45.976  2.267  32.547 0.0000000000
69024  45.674  2.242  31.792 0.0000000000
70092  46.417  2.824  32.919 0.0000000000
70061  47.768  3.046  36.099 0.0000000000
71146  48.184  3.677  36.217 0.0000000000
71165  48.084  3.804  34.780 0.0000000000
71176  48.511  4.051  33.508 0.0000000000
70101  47.746  3.575  33.109 0.0000000000
71189  48.514  4.001  32.622 0.0000000000
71206  48.659  3.848  31.642 0.0000000000
71188  49.330  4.244  32.311 0.0000000000
82630  60.370  14.643  -1.557 0.0000000000
80449  60.277  12.354  -0.787 0.0000000000
79316  61.385  11.168  -0.637 0.0000000000
79310  63.743  10.666  0.526 0.0000000000
79303  63.748  10.772  1.303 0.0000000000
78181  62.421  10.307  3.464 0.0000000000
77048  61.977  9.938  3.083 0.0000000000
80421  64.016  12.347  3.128 0.0000000000
79298  63.709  11.617  2.872 0.0000000000
80420  64.592  12.622  2.714 0.0000000000
142064  64.676  12.478  1.918 0.0000000000
81593  65.117  12.812  2.281 0.0000000000
81600  65.617  12.925  1.820 0.0000000000
81592  65.557  12.932  2.809 0.0000000000
81582  66.362  12.618  3.517 0.0000000000
135629  64.088  12.338  -5.354 0.0000000000
80503  63.776  13.067  -6.079 0.0000000000
80502  64.733  12.559  -5.990 0.0000000000
52648  34.302  -12.027  52.001 0.0000000000
50613  15.225  -14.969  53.178 0.0000000000
51657  15.485  -14.543  53.942 0.0000000000
133575  14.863  -14.893  54.159 0.0000000000
50604  14.483  -14.756  55.048 0.0000000000
70162  51.570  3.038  26.770 0.0000000000
70161  52.516  3.246  26.342 0.0000000000
53959  34.625  -11.951  37.452 0.0000000000
53958  35.419  -11.649  37.678 0.0000000000
53933  35.148  -12.265  38.675 0.0000000000
53854  26.068  -11.758  43.956 0.0000000000
53855  25.265  -12.138  44.078 0.0000000000
54969  26.040  -11.401  40.689 0.0000000000
54968  26.497  -11.434  41.484 0.0000000000
134401  26.892  -11.408  42.052 0.0000000000
53872  26.462  -11.562  43.203 0.0000000000
54839  25.010  -11.492  53.714 0.0000000000
150604  24.276  -11.600  53.865 0.0000000000
54825  24.403  -11.616  54.956 0.0000000000
53701  23.973  -11.682  55.589 0.0000000000
81558  60.976  12.820  6.988 0.0000000000
81549  60.703  12.884  7.609 0.0000000000
81539  60.870  13.017  8.292 0.0000000000
79179  61.009  11.193  15.433 0.0000000000
155302  61.702  11.724  16.616 0.0000000000
73680  49.901  6.172  15.363 0.0000000000
73669  50.065  6.024  16.140 0.0000000000
73668  50.807  6.212  16.521 0.0000000000
73660  51.777  6.351  17.764 0.0000000000
65752  41.840  -0.338  27.671 0.0000000000
66838  42.115  0.119  27.679 0.0000000000
67941  42.513  0.407  27.547 0.0000000000
66837  42.778  0.341  28.263 0.0000000000
66822  43.664  0.488  29.653 0.0000000000
58502  42.556  -8.167  39.620 0.0000000000
135083  43.159  -8.068  38.962 0.0000000000
139750  43.378  -7.851  39.823 0.0000000000
150696  44.143  -7.491  39.972 0.0000000000
59616  44.964  -6.496  40.749 0.0000000000
78163  57.942  10.188  5.330 0.0000000000
78162  58.805  10.305  5.245 0.0000000000
78161  60.110  10.973  5.546 0.0000000000
79341  63.598  11.540  -2.849 0.0000000000
145853  62.803  11.547  -2.570 0.0000000000
79328  62.574  11.240  -1.768 0.0000000000
53848  34.050  -12.582  44.378 0.0000000000
52727  34.904  -12.693  44.824 0.0000000000
53831  34.956  -12.284  45.840 0.0000000000
53813  35.487  -12.078  46.612 0.0000000000
53798  36.013  -11.945  47.271 0.0000000000
52634  19.471  -12.848  52.600 0.0000000000
53730  19.681  -12.569  53.325 0.0000000000
145934  18.949  -12.828  53.174 0.0000000000
131598  19.302  -11.967  54.615 0.0000000000
130883  19.256  -11.846  55.528 0.0000000000
53674  16.747  -12.093  57.386 0.0000000000
134318  17.260  -11.942  56.936 0.0000000000
78143  55.984  10.232  7.179 0.0000000000
78137  56.481  10.452  7.792 0.0000000000
137065  56.131  10.323  8.429 0.0000000000
78129  56.525  10.289  9.197 0.0000000000
77005  55.581  9.137  10.296 0.0000000000
76994  55.944  8.771  10.832 0.0000000000
75888  57.321  8.441  11.913 0.0000000000
75879  57.799  8.459  12.678 0.0000000000
75868  57.536  8.318  13.572 0.0000000000
75858  57.655  8.486  14.488 0.0000000000
70250  50.721  3.123  20.343 0.0000000000
70249  51.323  3.531  20.698 0.0000000000
70225  52.241  3.587  21.804 0.0000000000
70199  53.233  3.615  22.892 0.0000000000
133745  55.271  4.136  25.242 0.0000000000
47046  11.414  -18.117  54.352 0.0000000000
48312  11.950  -17.379  54.871 0.0000000000
47029  11.134  -17.697  55.109 0.0000000000
48301  10.826  -17.247  55.834 0.0000000000
69183  46.552  2.497  16.376 0.0000000000
151790  47.512  2.445  17.441 0.0000000000
66932  46.284  0.277  20.866 0.0000000000
68027  47.005  0.587  20.703 0.0000000000
150073  47.225  0.587  21.370 0.0000000000
67994  48.583  1.140  23.330 0.0000000000
67979  49.246  1.376  23.933 0.0000000000
69093  48.966  1.484  24.883 0.0000000000
69084  48.696  1.639  25.612 0.0000000000
152647  36.031  -8.879  34.203 0.0000000000
56054  37.370  -10.081  38.132 0.0000000000
56064  37.695  -9.488  37.646 0.0000000000
56053  37.980  -9.622  38.443 0.0000000000
57158  38.722  -9.275  38.828 0.0000000000
57170  39.499  -8.809  38.721 0.0000000000
134390  39.941  -8.932  40.090 0.0000000000
57130  40.582  -8.779  41.431 0.0000000000
52739  37.496  -13.276  44.525 0.0000000000
52755  37.514  -13.265  43.524 0.0000000000
52723  38.210  -12.991  45.005 0.0000000000
53847  38.794  -12.509  44.494 0.0000000000
54926  39.256  -11.772  44.807 0.0000000000
55930  41.017  -9.675  47.154 0.0000000000
54869  31.279  -10.928  50.686 0.0000000000
54858  31.015  -10.936  51.385 0.0000000000
145982  29.998  -11.056  50.275 0.0000000000
54871  29.233  -11.344  50.452 0.0000000000
52697  25.812  -12.359  47.214 0.0000000000
53790  26.551  -11.937  48.329 0.0000000000
146319  25.739  -12.396  48.115 0.0000000000
53774  25.436  -12.125  49.721 0.0000000000
53762  25.682  -11.888  50.629 0.0000000000
141983  24.627  -12.460  49.529 0.0000000000
157758  24.082  -12.586  49.390 0.0000000000
52668  23.464  -12.652  49.233 0.0000000000
52764  21.097  -13.546  43.686 0.0000000000
150152  18.869  -14.096  44.982 0.0000000000
51723  19.476  -13.806  45.372 0.0000000000
52718  20.174  -13.414  46.815 0.0000000000
52701  20.253  -13.302  47.841 0.0000000000
52689  20.010  -13.312  48.696 0.0000000000
137663  19.826  -13.212  49.332 0.0000000000
52690  19.263  -13.574  48.944 0.0000000000
51700  18.491  -13.799  48.726 0.0000000000
49576  15.708  -15.783  49.513 0.0000000000
48366  14.546  -16.856  49.396 0.0000000000
154024  31.670  -12.007  35.239 0.0000000000
53950  29.566  -11.689  38.006 0.0000000000
53949  30.466  -12.043  38.465 0.0000000000
53935  30.404  -11.994  39.342 0.0000000000
53916  31.161  -12.202  40.634 0.0000000000
52794  31.705  -12.324  41.396 0.0000000000
53867  31.263  -11.931  43.174 0.0000000000
53836  29.277  -11.576  45.286 0.0000000000
53835  30.014  -11.649  44.970 0.0000000000
134912  29.903  -11.635  45.795 0.0000000000
54910  30.889  -11.580  47.917 0.0000000000
54895  31.603  -11.409  48.569 0.0000000000
54880  31.156  -11.161  49.410 0.0000000000
50580  12.037  -14.936  57.490 0.0000000000
134456  12.837  -14.709  57.187 0.0000000000
51612  12.747  -14.080  58.540 0.0000000000
51607  12.867  -13.966  59.283 0.0000000000
82557  64.719  13.747  8.918 0.0000000000
82556  65.216  13.412  8.602 0.0000000000
81526  65.010  13.403  9.567 0.0000000000
79224  65.542  11.323  10.316 0.0000000000
79241  59.443  11.569  9.714 0.0000000000
79240  60.176  11.780  10.081 0.0000000000
140050  61.698  12.312  11.665 0.0000000000
80305  63.380  12.347  14.822 0.0000000000
157374  63.302  12.654  14.313 0.0000000000
73712  51.910  6.600  12.542 0.0000000000
74760  52.726  7.220  15.528 0.0000000000
74771  52.851  7.168  14.678 0.0000000000
74759  53.499  7.447  15.269 0.0000000000
151172  55.147  8.033  15.484 0.0000000000
72467  53.224  5.741  20.676 0.0000000000
73624  52.883  6.063  19.932 0.0000000000
73622  54.209  6.796  20.727 0.0000000000
74712  54.612  7.394  20.365 0.0000000000
78022  57.966  10.021  20.227 0.0000000000
66895  42.602  -0.237  22.698 0.0000000000
146227  42.839  0.107  23.479 0.0000000000
152259  44.295  1.901  27.640 0.0000000000
69075  44.611  1.746  26.984 0.0000000000
69060  45.056  2.065  27.582 0.0000000000
69059  45.955  2.030  27.462 0.0000000000
69058  46.864  1.999  27.477 0.0000000000
69057  47.894  2.097  27.580 0.0000000000
69048  47.168  2.291  28.233 0.0000000000
70134  48.444  3.161  29.956 0.0000000000
59666  43.911  -6.633  35.464 0.0000000000
131102  43.185  -6.754  34.817 0.0000000000
60780  43.961  -6.085  34.654 0.0000000000
60792  44.016  -5.565  33.797 0.0000000000
61802  44.079  -4.957  32.932 0.0000000000
60791  44.624  -4.946  33.659 0.0000000000
62805  45.759  -3.400  33.742 0.0000000000
62750  46.163  -4.207  42.932 0.0000000000
62749  46.703  -3.621  43.265 0.0000000000
62756  46.508  -3.387  41.618 0.0000000000
63714  46.825  -2.630  41.166 0.0000000000
142553  47.157  -1.427  37.012 0.0000000000
64726  46.933  -1.617  35.703 0.0000000000
65671  46.905  -0.788  35.441 0.0000000000
66772  46.763  0.014  35.132 0.0000000000
66781  46.452  0.086  34.492 0.0000000000
66782  46.089  0.544  34.027 0.0000000000
66773  46.540  0.882  34.780 0.0000000000
149533  46.443  1.450  34.479 0.0000000000
68995  46.852  2.282  34.812 0.0000000000
78195  58.515  10.419  2.722 0.0000000000
148384  58.555  10.886  1.887 0.0000000000
79311  60.149  11.251  0.278 0.0000000000
78206  61.525  10.647  0.005 0.0000000000
150550  61.829  10.069  0.968 0.0000000000
79283  62.832  11.545  4.383 0.0000000000
80406  63.358  12.321  4.435 0.0000000000
80413  63.947  12.617  3.883 0.0000000000
80412  64.452  12.743  3.399 0.0000000000
154186  65.700  12.973  3.368 0.0000000000
81584  65.320  13.041  3.805 0.0000000000
136810  65.544  12.153  -5.735 0.0000000000
79359  66.345  11.498  -5.043 0.0000000000
151401  67.200  11.729  0.399 0.0000000000
54907  33.900  -11.519  47.849 0.0000000000
53786  34.784  -11.545  48.121 0.0000000000
53785  34.740  -11.386  48.971 0.0000000000
53758  35.581  -11.667  50.159 0.0000000000
133535  34.858  -11.940  51.404 0.0000000000
51665  17.007  -13.853  52.632 0.0000000000
52637  17.121  -13.547  53.450 0.0000000000
51655  16.536  -13.644  54.081 0.0000000000
52613  16.549  -12.956  55.561 0.0000000000
52626  16.021  -13.576  54.911 0.0000000000
52589  16.227  -12.649  57.042 0.0000000000
53662  16.048  -12.566  57.829 0.0000000000
145790  16.208  -12.584  58.574 0.0000000000
75898  54.520  8.321  10.574 0.0000000000
75890  54.860  7.905  11.359 0.0000000000
69099  52.127  2.572  23.764 0.0000000000
132526  53.022  3.035  24.901 0.0000000000
71273  53.983  3.707  25.679 0.0000000000
70160  53.355  3.606  26.271 0.0000000000
71263  54.008  4.106  26.666 0.0000000000
47048  9.773  -18.531  54.656 0.0000000000
47019  8.255  -17.711  56.406 0.0000000000
48287  8.138  -17.460  57.264 0.0000000000
47014  7.710  -18.079  58.499 0.0000000000
66933  45.678  0.093  20.548 0.0000000000
66910  45.752  0.116  21.399 0.0000000000
66892  45.860  0.174  22.377 0.0000000000
55027  35.706  -10.752  36.520 0.0000000000
55026  36.406  -10.357  36.961 0.0000000000
55004  36.035  -11.387  38.146 0.0000000000
55014  36.678  -10.672  37.877 0.0000000000
154853  37.159  -10.628  38.579 0.0000000000
56031  38.005  -10.346  39.585 0.0000000000
53806  28.646  -11.664  47.339 0.0000000000
135236  28.022  -11.687  46.863 0.0000000000
53821  27.337  -11.786  46.864 0.0000000000
53822  26.523  -11.947  46.855 0.0000000000
53839  26.224  -11.876  45.328 0.0000000000
134927  26.357  -11.929  46.021 0.0000000000
53823  25.889  -12.229  46.485 0.0000000000
52712  25.139  -12.609  46.665 0.0000000000
52713  24.165  -12.774  46.620 0.0000000000
51732  18.242  -14.488  45.108 0.0000000000
51725  18.110  -14.396  46.018 0.0000000000
51718  18.062  -14.332  46.957 0.0000000000
54993  27.937  -10.973  39.149 0.0000000000
54982  28.138  -11.184  40.123 0.0000000000
53902  28.781  -11.463  41.159 0.0000000000
53901  29.421  -11.616  41.622 0.0000000000
54954  28.848  -11.452  42.059 0.0000000000
53887  28.816  -11.355  42.911 0.0000000000
53870  28.578  -11.415  43.856 0.0000000000
54956  27.547  -11.341  42.367 0.0000000000
54944  28.035  -11.267  43.101 0.0000000000
53852  28.613  -11.503  44.793 0.0000000000
53820  28.563  -11.647  46.473 0.0000000000
81555  63.477  13.574  6.098 0.0000000000
147458  64.465  13.888  6.165 0.0000000000
156701  63.935  13.889  6.327 0.0000000000
82584  63.433  13.782  6.967 0.0000000000
82573  63.952  14.014  7.686 0.0000000000
82574  63.129  13.907  7.929 0.0000000000
82565  63.713  14.048  8.558 0.0000000000
82558  64.185  13.995  9.186 0.0000000000
82544  63.997  14.046  10.040 0.0000000000
82535  64.331  13.740  10.545 0.0000000000
78095  60.443  10.239  12.039 0.0000000000
79207  61.004  10.863  12.541 0.0000000000
80316  62.297  12.128  14.453 0.0000000000
79186  61.658  11.639  14.953 0.0000000000
153270  50.233  6.371  13.368 0.0000000000
73688  51.315  6.713  15.321 0.0000000000
74750  52.625  7.201  16.281 0.0000000000
74740  53.390  7.555  16.913 0.0000000000
75829  53.952  7.901  17.390 0.0000000000
73596  55.808  6.404  23.034 0.0000000000
74694  55.800  7.119  22.472 0.0000000000
67988  40.949  0.065  24.564 0.0000000000
67998  41.215  0.156  24.239 0.0000000000
67987  41.616  0.372  24.898 0.0000000000
144031  42.834  0.922  26.081 0.0000000000
67945  43.362  1.134  27.296 0.0000000000
67940  43.143  0.838  28.125 0.0000000000
69062  43.369  1.120  27.827 0.0000000000
69061  43.775  1.535  27.820 0.0000000000
69050  44.201  2.001  28.362 0.0000000000
141123  44.782  2.221  29.124 0.0000000000
70127  45.532  2.587  30.448 0.0000000000
58568  40.890  -8.093  35.789 0.0000000000
134261  40.981  -7.880  34.950 0.0000000000
135107  42.458  -7.687  36.020 0.0000000000
58549  43.293  -7.571  36.623 0.0000000000
58519  43.700  -7.794  38.206 0.0000000000
58535  43.737  -7.607  37.363 0.0000000000
137718  43.816  -7.047  36.165 0.0000000000
59656  44.534  -6.560  36.225 0.0000000000
60756  45.182  -6.093  36.704 0.0000000000
60744  45.683  -5.578  37.087 0.0000000000
139297  57.166  10.783  3.352 0.0000000000
79291  57.756  10.674  3.051 0.0000000000
78185  58.431  10.120  3.687 0.0000000000
77049  61.046  9.861  2.857 0.0000000000
144365  61.004  9.910  3.652 0.0000000000
78182  61.728  10.064  3.733 0.0000000000
78171  62.126  10.732  4.306 0.0000000000
79284  61.417  11.063  5.013 0.0000000000
80407  62.857  12.112  4.906 0.0000000000
135388  63.140  12.888  -5.347 0.0000000000
79350  65.290  11.803  -4.299 0.0000000000
80485  65.864  11.834  -3.828 0.0000000000
80484  66.177  11.791  -3.340 0.0000000000
80483  66.546  11.666  -2.852 0.0000000000
80474  65.890  12.081  -2.877 0.0000000000
80462  65.853  12.324  -1.919 0.0000000000
142776  64.724  11.818  -2.188 0.0000000000
80463  65.217  12.170  -1.489 0.0000000000
138236  64.708  11.966  0.045 0.0000000000
52791  34.197  -12.959  40.764 0.0000000000
52790  34.957  -13.142  41.447 0.0000000000
52757  35.525  -13.282  43.247 0.0000000000
52740  36.602  -13.198  44.926 0.0000000000
52724  37.368  -13.133  45.457 0.0000000000
52709  37.632  -12.721  46.836 0.0000000000
150940  35.323  -11.546  48.645 0.0000000000
135754  35.635  -11.663  48.026 0.0000000000
53784  36.449  -11.878  48.013 0.0000000000
53770  37.213  -12.031  49.121 0.0000000000
52683  37.320  -12.203  48.170 0.0000000000
53891  24.096  -12.480  41.516 0.0000000000
53739  21.821  -11.974  52.643 0.0000000000
53728  22.297  -11.843  53.390 0.0000000000
53716  21.603  -11.825  53.991 0.0000000000
54833  21.642  -11.726  54.793 0.0000000000
137839  21.364  -11.657  55.556 0.0000000000
131445  20.205  -11.865  54.419 0.0000000000
53703  20.692  -11.749  55.167 0.0000000000
54820  21.621  -11.650  56.121 0.0000000000
54811  21.209  -11.750  56.894 0.0000000000
143128  17.901  -12.814  54.338 0.0000000000
53705  18.543  -12.031  55.150 0.0000000000
53690  17.951  -11.876  56.939 0.0000000000
53689  18.794  -11.778  57.034 0.0000000000
53671  19.732  -11.711  57.193 0.0000000000
80385  58.735  11.823  7.553 0.0000000000
79253  58.503  11.658  8.423 0.0000000000
79243  58.031  11.232  9.019 0.0000000000
79242  58.692  11.416  9.337 0.0000000000
79227  58.969  10.934  10.103 0.0000000000
78114  59.369  10.256  10.718 0.0000000000
77016  56.714  9.932  9.969 0.0000000000
77004  56.340  9.268  10.401 0.0000000000
78116  57.541  10.174  10.065 0.0000000000
76968  58.757  8.907  13.525 0.0000000000
78060  59.876  10.482  16.489 0.0000000000
71385  50.068  4.697  17.906 0.0000000000
72504  50.734  5.046  18.282 0.0000000000
72487  50.991  4.776  18.949 0.0000000000
72486  51.624  5.163  19.207 0.0000000000
72469  51.915  4.956  19.966 0.0000000000
71350  51.645  4.228  20.321 0.0000000000
71349  52.238  4.665  20.701 0.0000000000
72453  53.584  5.384  21.390 0.0000000000
72452  54.214  5.768  21.782 0.0000000000
72442  55.214  5.860  22.837 0.0000000000
70183  52.774  3.051  23.316 0.0000000000
71301  53.975  3.904  23.229 0.0000000000
71286  54.965  4.034  24.510 0.0000000000
71300  54.725  4.248  23.591 0.0000000000
72437  55.079  5.025  23.166 0.0000000000
73595  56.470  6.383  23.632 0.0000000000
63827  42.004  -2.041  27.812 0.0000000000
64787  42.880  -1.707  28.820 0.0000000000
64786  43.495  -1.743  29.435 0.0000000000
60691  43.816  -6.276  43.650 0.0000000000
60700  44.213  -6.196  42.780 0.0000000000
60681  45.072  -5.506  44.229 0.0000000000
78176  56.497  10.425  4.418 0.0000000000
78164  57.106  10.157  5.285 0.0000000000
79276  57.644  10.380  5.951 0.0000000000
81621  60.918  13.615  -2.375 0.0000000000
49526  13.651  -15.920  54.711 0.0000000000
48310  13.376  -16.619  54.278 0.0000000000
49527  13.020  -16.274  54.940 0.0000000000
49516  12.812  -15.963  55.605 0.0000000000
49517  12.082  -16.177  55.938 0.0000000000
50581  11.386  -15.084  58.143 0.0000000000
48302  9.958  -17.477  55.995 0.0000000000
49511  10.161  -16.343  57.305 0.0000000000
49486  10.278  -15.732  58.810 0.0000000000
49478  10.858  -15.675  59.898 0.0000000000
72543  48.736  5.397  15.340 0.0000000000
72530  49.004  5.092  16.032 0.0000000000
71398  49.244  4.710  16.698 0.0000000000
71400  48.088  4.223  16.026 0.0000000000
71399  48.637  4.441  16.324 0.0000000000
71386  49.389  4.221  17.427 0.0000000000
71376  49.734  3.952  18.255 0.0000000000
71366  50.071  3.696  18.976 0.0000000000
70276  48.711  2.713  18.520 0.0000000000
70266  49.767  3.047  19.374 0.0000000000
69139  50.341  2.503  20.754 0.0000000000
69128  50.540  2.207  21.632 0.0000000000
68055  46.623  1.111  18.569 0.0000000000
68047  47.926  1.414  19.619 0.0000000000
68039  48.341  1.330  20.405 0.0000000000
69112  51.081  2.302  22.405 0.0000000000
132999  51.386  2.232  23.728 0.0000000000
69081  51.158  2.378  25.401 0.0000000000
70152  51.387  3.293  27.611 0.0000000000
70143  51.189  3.454  28.308 0.0000000000
57240  38.345  -8.357  33.142 0.0000000000
141038  38.925  -8.316  34.044 0.0000000000
57223  39.636  -8.230  34.608 0.0000000000
56096  36.273  -9.024  34.886 0.0000000000
57213  37.035  -8.740  35.074 0.0000000000
56084  37.337  -9.073  36.376 0.0000000000
57212  37.335  -8.832  35.728 0.0000000000
135272  37.824  -8.601  35.259 0.0000000000
57211  38.691  -8.510  35.538 0.0000000000
57210  39.512  -8.374  35.362 0.0000000000
57196  40.075  -8.341  35.991 0.0000000000
58551  40.700  -8.322  36.666 0.0000000000
57180  41.387  -8.343  37.302 0.0000000000
58504  40.849  -8.597  39.253 0.0000000000
58503  41.708  -8.444  39.386 0.0000000000
58485  42.779  -7.871  40.488 0.0000000000
58466  42.981  -7.498  41.287 0.0000000000
59605  43.079  -7.077  41.931 0.0000000000
157584  35.695  -12.970  41.005 0.0000000000
52805  36.517  -12.844  41.037 0.0000000000
52789  37.429  -12.463  41.145 0.0000000000
52771  37.780  -12.947  42.580 0.0000000000
52788  37.861  -12.602  41.843 0.0000000000
53899  38.189  -11.958  41.426 0.0000000000
53898  38.796  -11.375  41.878 0.0000000000
56016  39.059  -10.458  41.589 0.0000000000
53829  39.400  -11.707  45.720 0.0000000000
54925  39.561  -10.740  45.167 0.0000000000
54934  39.356  -11.038  44.160 0.0000000000
54942  39.434  -10.577  43.493 0.0000000000
55999  39.632  -9.882  42.176 0.0000000000
57131  40.044  -9.251  41.774 0.0000000000
57118  40.498  -8.847  42.152 0.0000000000
58412  41.264  -8.373  44.749 0.0000000000
58437  41.263  -8.184  42.970 0.0000000000
154864  41.489  -7.995  42.427 0.0000000000
58450  41.976  -7.636  42.725 0.0000000000
138062  42.818  -6.976  42.700 0.0000000000
59578  43.071  -6.726  43.582 0.0000000000
52642  32.884  -12.065  52.635 0.0000000000
53722  31.263  -11.839  53.067 0.0000000000
134192  30.791  -10.995  52.004 0.0000000000
53723  30.377  -11.764  53.131 0.0000000000
54837  29.590  -11.555  52.954 0.0000000000
54838  28.787  -11.511  52.878 0.0000000000
53788  28.291  -11.683  48.274 0.0000000000
54883  28.655  -11.586  49.878 0.0000000000
54872  28.423  -11.567  50.714 0.0000000000
151075  26.876  -11.854  49.160 0.0000000000
54884  27.964  -11.701  50.106 0.0000000000
141982  27.765  -11.655  51.291 0.0000000000
133409  27.818  -11.507  52.053 0.0000000000
132784  27.819  -11.509  52.862 0.0000000000
54851  25.644  -11.632  52.532 0.0000000000
53737  24.913  -11.702  52.399 0.0000000000
53738  24.050  -11.772  52.247 0.0000000000
131931  23.130  -11.830  52.073 0.0000000000
52760  24.273  -12.551  43.192 0.0000000000
154689  23.920  -12.725  43.749 0.0000000000
156477  23.099  -12.976  43.930 0.0000000000
52745  23.575  -12.855  44.244 0.0000000000
150359  23.209  -12.825  46.654 0.0000000000
51738  20.338  -13.768  43.132 0.0000000000
52748  21.014  -13.488  44.622 0.0000000000
52749  20.208  -13.637  44.973 0.0000000000
52730  21.602  -13.140  45.179 0.0000000000
141649  22.039  -12.936  45.800 0.0000000000
52715  22.427  -12.877  46.357 0.0000000000
154649  23.061  -12.772  47.492 0.0000000000
52699  22.530  -12.786  47.953 0.0000000000
52686  22.670  -12.739  48.786 0.0000000000
52669  22.754  -12.668  49.460 0.0000000000
133141  21.099  -12.891  48.093 0.0000000000
131932  22.024  -12.745  49.381 0.0000000000
53776  22.498  -12.623  49.941 0.0000000000
133160  22.231  -12.382  51.041 0.0000000000
132043  22.203  -12.043  51.813 0.0000000000
132412  21.484  -12.392  52.097 0.0000000000
53754  20.708  -12.726  51.898 0.0000000000
53755  19.939  -12.840  52.051 0.0000000000
130868  19.319  -12.912  51.772 0.0000000000
52651  18.618  -13.333  51.468 0.0000000000
51702  17.225  -14.618  49.030 0.0000000000
51692  17.340  -14.407  49.795 0.0000000000
51683  17.366  -14.078  50.788 0.0000000000
51673  17.052  -13.956  51.729 0.0000000000
51674  16.502  -14.595  51.881 0.0000000000
49558  15.575  -15.496  51.332 0.0000000000
48339  13.793  -16.986  52.563 0.0000000000
48349  13.835  -17.147  51.547 0.0000000000
48340  13.156  -17.602  52.882 0.0000000000
144532  11.858  -18.620  52.750 0.0000000000
47062  11.674  -18.477  53.548 0.0000000000
46036  10.933  -18.952  52.839 0.0000000000
53992  34.246  -11.488  35.723 0.0000000000
53977  33.660  -11.914  36.223 0.0000000000
52849  33.970  -12.391  37.746 0.0000000000
52836  33.683  -12.616  38.481 0.0000000000
52823  33.662  -12.774  39.330 0.0000000000
53979  31.388  -12.338  36.969 0.0000000000
155286  31.779  -12.492  37.528 0.0000000000
52851  32.197  -12.582  37.947 0.0000000000
52808  33.486  -12.841  40.140 0.0000000000
131824  33.967  -12.973  41.634 0.0000000000
149050  33.301  -12.587  43.228 0.0000000000
52776  32.275  -12.436  42.040 0.0000000000
52759  32.853  -12.529  42.666 0.0000000000
53865  33.276  -12.471  43.956 0.0000000000
131820  33.260  -12.317  44.834 0.0000000000
133416  33.303  -11.952  45.674 0.0000000000
144234  33.197  -11.734  46.547 0.0000000000
132075  30.833  -11.784  43.868 0.0000000000
157898  30.527  -11.709  45.480 0.0000000000
131818  30.859  -11.789  44.726 0.0000000000
131819  31.758  -11.923  44.955 0.0000000000
53801  33.354  -11.607  47.319 0.0000000000
54893  33.487  -11.304  48.613 0.0000000000
54868  32.849  -10.922  50.166 0.0000000000
54856  33.433  -11.038  50.702 0.0000000000
53748  33.126  -11.362  51.408 0.0000000000
150556  23.216  -11.628  54.692 0.0000000000
155222  23.460  -11.638  55.472 0.0000000000
50592  13.806  -15.282  55.220 0.0000000000
51618  13.170  -14.222  57.429 0.0000000000
51617  14.115  -13.687  57.522 0.0000000000
150728  14.674  -13.539  56.950 0.0000000000
52591  14.691  -13.127  57.702 0.0000000000
144685  15.526  -12.764  58.573 0.0000000000
82581  65.140  13.642  6.461 0.0000000000
81546  65.691  12.963  6.936 0.0000000000
81529  61.133  12.965  9.187 0.0000000000
80366  60.604  12.395  9.661 0.0000000000
147537  61.781  13.293  9.215 0.0000000000
81515  62.589  13.707  10.295 0.0000000000
155390  64.262  13.599  11.214 0.0000000000
79213  61.377  11.584  12.090 0.0000000000
80334  62.260  12.907  12.080 0.0000000000
81480  63.470  12.920  13.783 0.0000000000
81486  63.237  13.107  13.135 0.0000000000
81497  62.958  13.304  12.348 0.0000000000
81503  63.421  13.639  11.708 0.0000000000
81502  64.024  13.603  11.792 0.0000000000
131130  64.425  13.243  11.709 0.0000000000
80341  65.196  12.273  11.447 0.0000000000
74800  53.389  7.422  10.929 0.0000000000
74799  54.096  7.424  11.599 0.0000000000
74789  54.727  7.473  12.165 0.0000000000
73696  52.522  6.807  12.915 0.0000000000
130981  53.242  7.011  12.733 0.0000000000
153603  54.591  7.308  12.832 0.0000000000
74778  55.313  7.565  12.822 0.0000000000
75870  56.121  7.861  13.267 0.0000000000
136530  57.047  8.218  14.185 0.0000000000
75846  56.860  8.644  15.823 0.0000000000
75845  57.731  8.783  15.412 0.0000000000
76949  58.471  9.130  15.403 0.0000000000
78052  59.617  10.510  17.380 0.0000000000
72514  51.171  5.700  18.048 0.0000000000
73650  52.375  6.480  18.387 0.0000000000
73659  52.545  6.889  17.799 0.0000000000
75821  54.032  7.886  18.162 0.0000000000
75828  54.581  8.184  17.782 0.0000000000
74701  55.532  7.485  21.595 0.0000000000
74711  55.278  7.766  20.766 0.0000000000
75787  56.605  8.550  21.724 0.0000000000
75806  55.316  8.344  19.598 0.0000000000
75819  55.266  8.468  18.961 0.0000000000
75827  55.238  8.482  18.175 0.0000000000
76933  55.927  8.718  17.810 0.0000000000
76923  57.246  9.385  17.982 0.0000000000
78034  57.846  9.935  19.317 0.0000000000
78047  57.843  9.786  18.439 0.0000000000
138152  58.386  10.021  18.045 0.0000000000
131282  59.026  10.361  18.136 0.0000000000
150540  59.696  10.729  18.295 0.0000000000
79156  60.352  11.004  17.998 0.0000000000
66911  44.484  -0.269  21.418 0.0000000000
137630  45.035  -0.035  21.854 0.0000000000
66868  42.032  0.257  24.130 0.0000000000
66867  43.133  0.467  24.399 0.0000000000
66866  44.227  0.501  24.248 0.0000000000
67969  44.447  1.136  25.649 0.0000000000
67984  44.792  0.859  24.864 0.0000000000
66865  45.168  0.505  24.115 0.0000000000
67997  46.063  0.593  23.969 0.0000000000
67996  46.930  0.734  23.811 0.0000000000
67981  47.463  1.072  24.453 0.0000000000
67965  48.035  1.356  25.203 0.0000000000
132035  48.881  1.958  26.284 0.0000000000
132637  48.981  2.215  27.254 0.0000000000
69056  49.974  2.620  27.427 0.0000000000
70144  50.581  3.329  28.868 0.0000000000
144771  40.980  -7.660  34.267 0.0000000000
58592  41.356  -7.275  33.696 0.0000000000
59678  41.930  -6.806  33.338 0.0000000000
61822  43.179  -4.072  30.130 0.0000000000
61811  43.975  -4.654  32.106 0.0000000000
62817  43.719  -4.068  30.852 0.0000000000
143371  43.740  -3.357  30.289 0.0000000000
63790  44.059  -2.671  30.452 0.0000000000
63789  44.455  -2.301  30.895 0.0000000000
150093  44.448  -1.546  30.819 0.0000000000
60699  44.747  -6.021  42.189 0.0000000000
60708  44.899  -6.170  41.512 0.0000000000
61752  45.786  -4.893  41.583 0.0000000000
61759  45.947  -4.769  40.681 0.0000000000
139850  45.896  -5.372  40.007 0.0000000000
60733  45.929  -5.380  38.402 0.0000000000
151183  46.221  -4.700  38.329 0.0000000000
61783  46.256  -4.338  37.140 0.0000000000
63719  46.808  -2.582  40.337 0.0000000000
64705  47.042  -1.539  39.387 0.0000000000
63724  46.849  -2.473  39.420 0.0000000000
62775  46.688  -3.333  39.030 0.0000000000
62781  46.696  -3.347  38.070 0.0000000000
62785  46.569  -3.575  37.135 0.0000000000
62790  46.207  -4.112  36.427 0.0000000000
62793  46.090  -3.904  35.529 0.0000000000
154351  46.161  -2.984  34.297 0.0000000000
63761  46.030  -2.544  33.690 0.0000000000
156064  46.197  -1.830  33.721 0.0000000000
63769  45.381  -2.110  32.200 0.0000000000
64761  44.145  -0.904  30.500 0.0000000000
65716  44.320  -0.137  30.838 0.0000000000
66811  44.606  0.578  31.172 0.0000000000
67917  44.463  1.160  30.673 0.0000000000
67909  45.432  1.153  32.449 0.0000000000
67916  44.990  1.277  31.565 0.0000000000
133749  44.829  1.689  30.923 0.0000000000
69033  45.274  2.210  31.101 0.0000000000
70115  45.882  2.699  31.313 0.0000000000
144802  46.339  3.008  30.749 0.0000000000
68969  47.669  2.472  36.481 0.0000000000
153908  47.310  2.554  35.570 0.0000000000
70080  47.134  2.896  34.728 0.0000000000
71157  48.206  3.885  35.482 0.0000000000
70079  47.551  3.385  34.438 0.0000000000
133340  46.993  3.101  34.011 0.0000000000
70102  46.958  3.187  32.427 0.0000000000
70114  46.582  3.067  31.563 0.0000000000
135654  47.119  3.198  31.003 0.0000000000
70125  47.758  3.227  30.488 0.0000000000
70124  48.520  3.453  30.779 0.0000000000
70123  49.217  3.396  30.307 0.0000000000
71205  49.586  4.078  31.505 0.0000000000
71223  49.846  3.813  30.730 0.0000000000
81622  60.469  13.966  -1.897 0.0000000000
141628  60.708  13.095  -1.798 0.0000000000
80465  60.607  12.570  -1.340 0.0000000000
79329  61.779  11.366  -1.323 0.0000000000
78220  62.467  10.949  -1.126 0.0000000000
78212  62.859  10.653  -0.622 0.0000000000
78203  64.109  11.059  -0.215 0.0000000000
156270  64.735  12.151  0.592 0.0000000000
152150  61.999  9.886  2.498 0.0000000000
78192  62.534  10.103  2.653 0.0000000000
78191  63.191  10.290  1.982 0.0000000000
79302  64.208  11.763  1.592 0.0000000000
135623  64.732  12.283  1.122 0.0000000000
81591  66.589  12.544  1.894 0.0000000000
137172  66.015  12.921  3.061 0.0000000000
144266  66.501  12.556  2.682 0.0000000000
48284  10.519  -16.799  56.568 0.0000000000
50562  12.389  -14.587  59.682 0.0000000000
50579  12.704  -14.403  57.843 0.0000000000
51605  14.435  -13.537  59.610 0.0000000000
51611  13.502  -13.757  58.736 0.0000000000
51624  14.005  -13.956  56.786 0.0000000000
51625  13.468  -14.456  56.899 0.0000000000
52582  14.759  -12.940  58.481 0.0000000000
52614  15.853  -13.366  55.698 0.0000000000
52624  18.065  -12.504  54.933 0.0000000000
52625  16.718  -13.169  54.739 0.0000000000
52635  19.138  -12.503  53.902 0.0000000000
52644  17.644  -13.442  52.859 0.0000000000
52661  19.954  -12.891  50.546 0.0000000000
52822  34.469  -12.631  39.004 0.0000000000
53714  26.101  -11.679  54.563 0.0000000000
53759  34.139  -11.239  50.470 0.0000000000
53761  26.505  -11.853  50.527 0.0000000000
53763  24.123  -11.949  50.718 0.0000000000
53805  29.525  -11.641  47.351 0.0000000000
53837  28.554  -11.590  45.653 0.0000000000
53931  37.307  -11.525  39.967 0.0000000000
53947  35.016  -11.977  38.071 0.0000000000
53981  29.680  -11.655  36.454 0.0000000000
54813  20.069  -11.651  56.490 0.0000000000
54831  24.382  -11.589  54.375 0.0000000000
54842  22.213  -11.766  54.203 0.0000000000
54862  26.971  -11.663  51.818 0.0000000000
54892  34.185  -11.385  48.573 0.0000000000
54898  28.881  -11.575  49.018 0.0000000000
54908  33.040  -11.488  47.931 0.0000000000
54945  27.257  -11.399  43.181 0.0000000000
54981  37.815  -10.961  40.135 0.0000000000
56074  37.380  -9.390  37.000 0.0000000000
57083  40.255  -9.390  44.604 0.0000000000
57156  40.055  -8.749  39.331 0.0000000000
58425  41.240  -8.285  43.884 0.0000000000
59566  42.664  -6.988  44.242 0.0000000000
59577  43.511  -6.582  43.012 0.0000000000
59627  44.820  -6.937  39.992 0.0000000000
59648  44.342  -7.306  37.693 0.0000000000
59657  44.111  -7.185  36.860 0.0000000000
59697  41.988  -6.522  32.657 0.0000000000
60724  45.797  -5.864  39.185 0.0000000000
61772  46.489  -4.089  38.655 0.0000000000
61777  46.009  -4.948  37.611 0.0000000000
62811  45.098  -3.208  32.316 0.0000000000
62839  42.198  -3.327  28.227 0.0000000000
63754  46.751  -2.151  35.192 0.0000000000
63807  43.118  -2.530  29.140 0.0000000000
64715  46.979  -1.977  37.201 0.0000000000
64749  45.146  -1.061  31.843 0.0000000000
64772  44.034  -1.815  30.222 0.0000000000
65653  47.309  -0.824  37.209 0.0000000000
65662  47.130  -0.982  36.367 0.0000000000
65685  46.149  -0.372  33.889 0.0000000000
65745  42.296  -0.270  28.165 0.0000000000
66791  45.838  0.257  33.412 0.0000000000
66829  43.230  0.406  29.009 0.0000000000
67901  45.823  1.038  33.320 0.0000000000
67933  43.643  0.831  29.191 0.0000000000
67939  43.750  1.363  28.467 0.0000000000
67946  42.824  0.708  27.266 0.0000000000
67955  44.980  1.414  26.272 0.0000000000
67956  44.139  1.350  26.440 0.0000000000
67966  47.097  1.224  25.254 0.0000000000
67967  46.230  1.152  25.382 0.0000000000
67971  42.248  0.634  25.531 0.0000000000
67973  41.051  0.074  25.127 0.0000000000
68008  48.665  1.136  22.569 0.0000000000
68970  47.190  1.922  36.095 0.0000000000
68985  46.671  1.659  34.878 0.0000000000
68996  46.429  1.909  34.187 0.0000000000
69004  46.269  2.286  33.400 0.0000000000
69025  45.223  1.832  31.525 0.0000000000
69049  45.695  2.424  28.762 0.0000000000
69085  48.143  1.621  26.081 0.0000000000
69101  50.885  2.053  23.231 0.0000000000
70051  47.992  3.139  36.871 0.0000000000
70090  46.979  3.185  33.316 0.0000000000
70091  46.626  2.825  33.557 0.0000000000
70136  46.806  2.887  29.467 0.0000000000
70174  53.591  3.289  24.426 0.0000000000
70201  51.802  2.858  22.266 0.0000000000
71177  47.968  3.746  33.983 0.0000000000
71387  48.853  4.158  16.879 0.0000000000
74725  53.739  7.289  19.206 0.0000000000
75849  53.958  7.773  15.802 0.0000000000
76941  56.750  8.893  16.646 0.0000000000
76980  59.263  9.285  12.219 0.0000000000
77052  61.600  9.872  2.759 0.0000000000
78085  59.949  9.715  13.524 0.0000000000
79261  58.154  11.419  7.717 0.0000000000
79297  64.141  12.079  2.389 0.0000000000
80365  65.621  12.214  9.086 0.0000000000
81478  64.087  12.552  13.950 0.0000000000
81479  63.658  12.636  14.208 0.0000000000
81494  64.521  12.752  12.532 0.0000000000
81513  64.956  13.145  10.418 0.0000000000
81527  62.147  13.514  9.688 0.0000000000
82536  63.830  13.916  10.968 0.0000000000
82560  62.765  13.925  9.568 0.0000000000
82570  65.354  13.425  6.881 0.0000000000
82582  64.774  13.884  6.674 0.0000000000
82588  65.121  13.532  5.335 0.0000000000
130857  16.524  -13.929  53.306 0.0000000000
131343  38.998  -8.802  38.190 0.0000000000
131432  21.403  -11.926  53.334 0.0000000000
131433  20.567  -12.855  50.163 0.0000000000
131826  36.215  -13.352  42.565 0.0000000000
132272  23.748  -11.630  54.285 0.0000000000
132313  26.082  -11.718  51.929 0.0000000000
133538  18.210  -12.953  52.962 0.0000000000
133605  13.590  -13.977  57.301 0.0000000000
133669  49.220  2.752  19.123 0.0000000000
134352  44.156  -0.184  22.145 0.0000000000
136214  36.005  -11.631  48.732 0.0000000000
136613  11.515  -14.865  58.844 0.0000000000
137292  53.673  7.469  18.531 0.0000000000
137705  45.163  -6.718  39.082 0.0000000000
139216  47.430  -0.110  37.366 0.0000000000
139280  29.867  -11.812  38.875 0.0000000000
139749  46.552  -3.511  42.458 0.0000000000
140056  32.972  -12.063  35.959 0.0000000000
140681  30.791  -10.962  50.137 0.0000000000
143098  44.653  -0.928  31.142 0.0000000000
146048  31.921  -11.639  47.156 0.0000000000
147648  53.014  7.357  16.589 0.0000000000
148442  44.795  -4.450  33.192 0.0000000000
148543  47.862  3.409  31.293 0.0000000000
148607  64.398  12.500  13.304 0.0000000000
148752  43.584  -4.726  31.453 0.0000000000
148882  39.543  -11.692  46.449 0.0000000000
150099  59.150  9.380  11.676 0.0000000000
150151  41.061  -9.190  46.766 0.0000000000
150452  12.467  -15.172  56.840 0.0000000000
151120  46.594  2.541  28.806 0.0000000000
152093  40.721  -8.662  42.675 0.0000000000
152139  32.695  -11.817  45.958 0.0000000000
152165  17.259  -12.566  55.812 0.0000000000
152961  39.037  -8.411  34.838 0.0000000000
153598  66.119  12.847  3.980 0.0000000000
154082  36.686  -11.830  48.755 0.0000000000
154224  49.787  3.107  29.032 0.0000000000
154335  35.527  -11.844  38.308 0.0000000000
154462  41.924  -8.200  37.077 0.0000000000
154700  45.929  -4.862  36.735 0.0000000000
154820  41.329  0.091  25.607 0.0000000000
155191  40.328  -9.402  45.133 0.0000000000
155574  44.592  2.089  27.971 0.0000000000
155727  58.757  8.989  14.232 0.0000000000
155891  47.266  3.275  31.689 0.0000000000
155897  28.462  -11.381  40.637 0.0000000000
156368  62.449  13.432  10.901 0.0000000000
157010  42.187  -7.466  44.083 0.0000000000
157077  16.772  -14.151  52.213 0.0000000000
