#!ascii label  , from subject freesurfer vox2ras=TkReg
1198
57343  35.383  -7.812  28.352 0.0000000000
75929  50.223  8.967  8.421 0.0000000000
65850  40.344  -0.542  18.095 0.0000000000
52766  14.927  -12.942  43.202 0.0000000000
57230  29.599  -8.117  33.750 0.0000000000
71402  40.210  5.404  15.922 0.0000000000
55021  21.426  -10.998  37.062 0.0000000000
51756  19.422  -14.159  41.626 0.0000000000
55047  25.519  -10.079  35.254 0.0000000000
78139  54.668  9.943  7.797 0.0000000000
62842  37.472  -3.617  27.949 0.0000000000
63886  37.220  -2.483  24.275 0.0000000000
59726  40.568  -6.151  29.149 0.0000000000
81573  52.041  13.839  5.677 0.0000000000
80414  56.053  12.008  2.783 0.0000000000
133310  46.225  10.633  11.635 0.0000000000
73714  49.629  6.236  12.743 0.0000000000
72568  45.093  5.909  13.161 0.0000000000
69175  46.185  1.835  17.045 0.0000000000
56098  34.843  -9.720  34.129 0.0000000000
48380  14.066  -17.072  47.175 0.0000000000
132560  10.041  -16.993  49.593 0.0000000000
49528  8.854  -15.248  53.999 0.0000000000
59716  32.088  -6.873  30.725 0.0000000000
54008  29.933  -11.597  34.132 0.0000000000
68010  34.738  1.883  21.890 0.0000000000
67998  41.215  0.156  24.239 0.0000000000
83587  58.510  16.093  0.666 0.0000000000
77027  52.649  9.105  8.052 0.0000000000
75900  52.952  7.849  10.127 0.0000000000
60864  36.997  -6.243  27.158 0.0000000000
60875  38.438  -5.840  26.084 0.0000000000
58658  38.421  -7.521  28.391 0.0000000000
79258  49.045  11.487  8.159 0.0000000000
80377  51.267  13.991  8.500 0.0000000000
79270  50.318  11.595  6.749 0.0000000000
78169  52.736  10.689  5.798 0.0000000000
46025  7.990  -18.721  54.193 0.0000000000
74808  44.424  8.514  11.971 0.0000000000
74773  42.445  8.365  13.952 0.0000000000
69186  40.697  2.145  15.595 0.0000000000
69193  43.063  2.151  15.415 0.0000000000
66994  43.148  0.361  17.072 0.0000000000
65827  43.528  -0.628  19.566 0.0000000000
51749  16.887  -14.175  41.751 0.0000000000
51731  19.410  -13.984  44.391 0.0000000000
50684  16.615  -15.337  43.735 0.0000000000
49591  16.348  -15.647  46.936 0.0000000000
49606  14.316  -16.016  44.983 0.0000000000
50658  11.345  -15.221  48.219 0.0000000000
48350  9.467  -16.432  51.313 0.0000000000
57259  31.101  -7.927  32.307 0.0000000000
147602  30.448  -10.271  31.175 0.0000000000
148677  28.433  -10.096  32.048 0.0000000000
55009  25.038  -11.159  37.915 0.0000000000
55006  27.156  -10.709  37.884 0.0000000000
64816  40.990  -2.005  26.702 0.0000000000
66871  39.017  -0.768  23.904 0.0000000000
73682  41.982  8.037  16.370 0.0000000000
154153  40.481  4.895  18.524 0.0000000000
68068  38.392  2.172  17.077 0.0000000000
52826  23.181  -12.786  38.887 0.0000000000
52779  22.484  -13.167  41.805 0.0000000000
52828  20.220  -13.033  38.729 0.0000000000
53925  17.401  -12.039  40.248 0.0000000000
53875  16.451  -10.833  42.764 0.0000000000
57247  26.320  -8.233  33.133 0.0000000000
58573  24.174  -7.142  35.082 0.0000000000
55034  23.321  -10.892  35.606 0.0000000000
65747  36.027  -1.296  29.287 0.0000000000
64819  34.402  -1.182  26.512 0.0000000000
147555  36.297  -3.164  25.785 0.0000000000
61861  39.715  -4.456  25.764 0.0000000000
82599  55.471  15.518  2.864 0.0000000000
80409  54.012  12.922  3.612 0.0000000000
78178  54.834  10.684  4.809 0.0000000000
77020  47.876  9.563  9.244 0.0000000000
74814  50.211  7.230  10.213 0.0000000000
74805  46.823  7.438  10.779 0.0000000000
73702  46.939  6.043  12.651 0.0000000000
72545  47.085  4.741  14.747 0.0000000000
72558  42.646  5.346  13.935 0.0000000000
70304  45.437  3.367  14.926 0.0000000000
147446  35.228  -8.573  31.291 0.0000000000
57254  38.168  -8.330  32.058 0.0000000000
78109  47.980  11.735  10.992 0.0000000000
52734  13.984  -13.050  45.301 0.0000000000
155338  12.362  -15.189  46.072 0.0000000000
47129  12.030  -17.867  48.281 0.0000000000
47099  12.521  -18.472  51.247 0.0000000000
46055  10.179  -19.389  52.071 0.0000000000
47101  8.463  -18.499  52.135 0.0000000000
48329  7.252  -17.300  53.691 0.0000000000
49532  5.780  -15.743  54.545 0.0000000000
58645  33.658  -7.010  29.403 0.0000000000
56142  33.155  -9.182  31.128 0.0000000000
54019  32.924  -11.247  33.818 0.0000000000
55060  27.716  -10.622  34.553 0.0000000000
66953  36.937  0.472  18.931 0.0000000000
65786  34.911  -1.123  23.228 0.0000000000
66918  37.055  -0.559  21.206 0.0000000000
65799  40.822  -0.820  21.072 0.0000000000
156230  40.862  -7.004  32.395 0.0000000000
81613  59.599  14.348  -0.849 0.0000000000
81594  56.788  13.301  1.255 0.0000000000
80429  58.720  12.083  0.540 0.0000000000
77029  50.838  9.354  7.911 0.0000000000
75927  52.162  8.658  8.620 0.0000000000
75915  51.674  8.218  9.167 0.0000000000
58678  35.891  -7.022  27.662 0.0000000000
58676  36.907  -7.096  27.095 0.0000000000
58659  36.798  -7.908  28.151 0.0000000000
78140  49.083  10.574  8.158 0.0000000000
79264  49.642  11.774  7.551 0.0000000000
77039  50.443  10.013  7.479 0.0000000000
78147  51.654  10.186  6.809 0.0000000000
46026  7.258  -18.514  54.473 0.0000000000
157849  43.776  9.729  13.950 0.0000000000
75853  43.932  9.736  15.162 0.0000000000
68066  40.163  0.696  16.766 0.0000000000
66996  41.567  0.673  16.571 0.0000000000
66980  41.773  0.077  17.243 0.0000000000
65847  43.408  -0.491  18.739 0.0000000000
135251  41.975  -0.829  18.835 0.0000000000
51750  16.068  -13.801  42.034 0.0000000000
50691  17.117  -14.959  43.200 0.0000000000
146722  15.758  -15.104  43.364 0.0000000000
49609  15.792  -15.654  44.187 0.0000000000
50694  14.460  -14.581  43.575 0.0000000000
152919  30.296  -8.175  33.371 0.0000000000
57284  29.374  -9.203  31.556 0.0000000000
57246  28.494  -8.364  32.365 0.0000000000
53938  25.364  -11.608  40.067 0.0000000000
69065  35.170  2.646  27.532 0.0000000000
65760  40.990  -0.474  26.662 0.0000000000
135199  38.978  3.992  17.197 0.0000000000
69160  38.610  4.114  18.454 0.0000000000
52853  21.983  -12.544  37.500 0.0000000000
156117  21.658  -13.230  38.795 0.0000000000
53954  20.527  -11.824  37.896 0.0000000000
53923  18.686  -10.980  39.447 0.0000000000
54972  18.097  -10.221  41.127 0.0000000000
53906  16.954  -11.514  40.998 0.0000000000
59670  26.209  -6.480  34.916 0.0000000000
56069  22.013  -9.420  36.954 0.0000000000
57206  22.431  -8.802  36.502 0.0000000000
53986  21.985  -11.008  36.374 0.0000000000
53967  22.810  -11.915  36.723 0.0000000000
63846  35.897  -2.567  27.156 0.0000000000
62852  37.140  -3.672  27.167 0.0000000000
60861  39.985  -5.943  27.460 0.0000000000
155448  38.966  -5.469  25.881 0.0000000000
151665  40.527  -5.377  27.613 0.0000000000
61845  41.368  -4.270  27.753 0.0000000000
136332  41.584  -4.980  28.830 0.0000000000
81562  51.202  13.685  6.567 0.0000000000
81580  53.816  14.137  3.883 0.0000000000
80410  53.224  13.432  4.173 0.0000000000
78156  53.705  10.200  6.102 0.0000000000
78167  54.324  10.506  5.371 0.0000000000
78155  54.618  10.150  6.079 0.0000000000
75920  46.761  9.429  9.956 0.0000000000
75902  47.293  8.486  9.936 0.0000000000
74818  46.424  8.465  10.400 0.0000000000
73704  44.446  6.810  12.595 0.0000000000
74792  45.703  7.115  11.624 0.0000000000
72567  46.170  5.831  13.137 0.0000000000
72566  47.286  5.679  13.462 0.0000000000
72555  45.737  5.271  13.725 0.0000000000
73674  40.935  6.714  15.753 0.0000000000
73683  41.389  7.329  15.256 0.0000000000
72559  41.584  5.398  14.433 0.0000000000
69185  44.508  2.015  15.809 0.0000000000
70305  43.930  3.184  14.812 0.0000000000
69184  45.273  2.230  15.863 0.0000000000
70293  46.832  3.174  15.782 0.0000000000
56121  35.079  -8.807  32.725 0.0000000000
57243  35.856  -8.666  32.918 0.0000000000
131454  47.252  11.342  12.666 0.0000000000
78110  47.317  11.332  11.544 0.0000000000
78118  47.696  11.371  9.876 0.0000000000
51745  21.020  -13.651  41.771 0.0000000000
52781  21.073  -13.554  42.721 0.0000000000
49592  15.602  -16.178  46.834 0.0000000000
50655  16.052  -15.718  47.942 0.0000000000
49584  15.483  -16.221  48.193 0.0000000000
48374  14.349  -16.990  48.343 0.0000000000
51711  13.623  -12.840  47.201 0.0000000000
51720  13.095  -14.051  45.584 0.0000000000
50666  12.456  -14.136  47.185 0.0000000000
48368  10.744  -15.889  48.668 0.0000000000
49587  11.089  -15.981  47.896 0.0000000000
47131  10.713  -17.493  48.595 0.0000000000
47118  12.428  -18.121  49.072 0.0000000000
46090  11.373  -18.723  50.023 0.0000000000
46072  11.476  -18.908  50.985 0.0000000000
47110  9.683  -17.980  50.062 0.0000000000
49553  9.369  -16.014  52.235 0.0000000000
48352  8.661  -17.548  51.903 0.0000000000
48327  8.390  -16.565  52.988 0.0000000000
47064  7.611  -18.176  53.214 0.0000000000
49544  8.321  -16.028  53.600 0.0000000000
60824  33.414  -5.577  31.268 0.0000000000
60844  33.789  -6.209  29.886 0.0000000000
59715  32.650  -6.392  30.516 0.0000000000
153897  33.215  -7.802  30.246 0.0000000000
57304  32.440  -7.910  30.444 0.0000000000
54035  30.503  -11.199  32.467 0.0000000000
54033  31.575  -11.109  32.456 0.0000000000
54006  31.490  -11.788  34.263 0.0000000000
155626  25.632  -9.334  34.131 0.0000000000
55071  26.796  -9.666  33.591 0.0000000000
55046  26.398  -10.193  35.512 0.0000000000
53964  28.635  -11.231  37.639 0.0000000000
151706  49.977  6.667  10.981 0.0000000000
74802  50.985  6.616  11.356 0.0000000000
73729  51.171  6.468  12.179 0.0000000000
69132  35.547  3.122  20.857 0.0000000000
68050  36.204  2.175  19.210 0.0000000000
68041  35.656  1.470  19.808 0.0000000000
63888  35.538  -2.417  24.717 0.0000000000
65779  34.187  -1.117  24.669 0.0000000000
65778  35.416  -1.626  23.705 0.0000000000
66884  39.659  -0.349  23.849 0.0000000000
157722  37.504  -0.809  22.554 0.0000000000
147739  39.524  -0.233  22.679 0.0000000000
65801  38.685  -0.732  20.829 0.0000000000
66915  40.252  -0.405  22.032 0.0000000000
66913  42.258  -0.580  21.929 0.0000000000
58615  39.442  -7.700  32.039 0.0000000000
82615  59.283  14.933  -0.443 0.0000000000
81587  55.016  13.556  2.849 0.0000000000
82606  55.961  15.125  1.955 0.0000000000
80423  56.445  12.573  2.021 0.0000000000
79306  58.110  11.779  1.234 0.0000000000
79305  59.109  11.025  1.204 0.0000000000
56060  21.315  -9.689  38.182 0.0000000000
54998  20.718  -10.220  38.333 0.0000000000
77036  53.135  9.511  7.452 0.0000000000
77025  54.451  9.586  8.554 0.0000000000
77019  53.849  9.052  9.149 0.0000000000
61838  37.589  -4.344  27.862 0.0000000000
61846  37.434  -4.767  26.751 0.0000000000
60863  37.508  -5.690  26.468 0.0000000000
59747  38.418  -7.094  27.424 0.0000000000
59727  39.846  -6.782  29.122 0.0000000000
80371  51.127  13.596  9.624 0.0000000000
80379  49.768  12.686  8.016 0.0000000000
80388  50.039  12.607  7.271 0.0000000000
80395  50.896  12.897  6.138 0.0000000000
136042  52.255  12.019  5.009 0.0000000000
78157  51.849  10.749  6.150 0.0000000000
78146  52.720  10.040  6.630 0.0000000000
46024  8.934  -18.858  54.173 0.0000000000
76986  45.476  10.303  12.329 0.0000000000
75893  44.929  8.975  11.476 0.0000000000
76988  44.452  9.695  12.688 0.0000000000
75884  43.655  8.397  12.622 0.0000000000
73705  43.417  6.908  13.037 0.0000000000
69196  40.263  3.193  15.437 0.0000000000
70307  41.790  3.271  14.845 0.0000000000
68088  41.664  1.879  15.551 0.0000000000
68086  43.134  1.507  15.931 0.0000000000
68064  44.682  0.938  17.110 0.0000000000
66963  44.822  0.176  18.464 0.0000000000
66934  44.997  -0.158  20.218 0.0000000000
55043  34.746  -10.853  35.301 0.0000000000
51757  18.336  -14.044  41.018 0.0000000000
51747  19.614  -14.040  42.581 0.0000000000
51748  18.374  -14.550  42.692 0.0000000000
50683  17.575  -14.956  44.246 0.0000000000
50677  17.510  -14.901  45.329 0.0000000000
49598  15.834  -15.940  45.997 0.0000000000
48395  13.853  -16.455  45.562 0.0000000000
50656  12.442  -13.852  48.171 0.0000000000
50642  11.286  -14.625  50.070 0.0000000000
49571  10.270  -16.062  50.063 0.0000000000
48360  9.678  -16.736  50.375 0.0000000000
49562  10.162  -15.765  50.958 0.0000000000
49542  9.818  -15.204  52.795 0.0000000000
50616  9.537  -14.847  53.588 0.0000000000
58609  31.442  -7.463  31.637 0.0000000000
56162  31.149  -9.129  30.598 0.0000000000
56144  30.475  -9.359  30.867 0.0000000000
55103  29.583  -10.204  31.454 0.0000000000
54036  29.127  -10.965  32.692 0.0000000000
145458  25.082  -10.768  36.470 0.0000000000
55031  26.495  -10.428  36.357 0.0000000000
140441  25.828  -10.753  37.831 0.0000000000
73699  49.620  6.230  13.737 0.0000000000
69102  34.953  2.627  23.657 0.0000000000
137350  39.136  -1.969  24.893 0.0000000000
147469  37.734  -1.502  23.804 0.0000000000
65768  40.025  -0.761  25.342 0.0000000000
66852  40.509  -0.456  25.503 0.0000000000
83579  57.975  16.720  1.667 0.0000000000
46028  5.979  -18.791  54.258 0.0000000000
72532  42.316  7.035  17.827 0.0000000000
71401  40.739  6.093  17.073 0.0000000000
70286  39.891  4.957  17.083 0.0000000000
69176  39.205  3.349  16.414 0.0000000000
68079  39.410  2.229  16.237 0.0000000000
66983  38.661  0.891  17.338 0.0000000000
136891  23.834  -12.493  39.714 0.0000000000
155317  23.649  -12.705  41.058 0.0000000000
52812  22.377  -13.237  39.946 0.0000000000
51763  21.515  -13.559  40.314 0.0000000000
51765  19.462  -13.764  40.097 0.0000000000
53941  19.261  -11.554  38.852 0.0000000000
52830  18.894  -13.085  39.475 0.0000000000
51766  18.523  -13.516  40.148 0.0000000000
52798  16.922  -12.614  40.833 0.0000000000
53907  16.346  -12.140  41.437 0.0000000000
52765  15.456  -12.349  42.727 0.0000000000
58597  28.026  -7.888  32.919 0.0000000000
59683  26.693  -6.993  33.728 0.0000000000
58585  25.243  -7.149  33.968 0.0000000000
56101  24.360  -9.130  34.269 0.0000000000
58557  23.975  -6.963  35.970 0.0000000000
56091  23.251  -9.296  34.904 0.0000000000
55048  24.545  -10.443  35.387 0.0000000000
53983  24.046  -11.541  36.804 0.0000000000
53940  23.892  -12.294  38.716 0.0000000000
66839  35.601  -0.309  29.634 0.0000000000
66845  34.543  0.427  27.704 0.0000000000
65755  34.828  -0.832  27.732 0.0000000000
63861  35.518  -2.717  26.153 0.0000000000
63873  36.707  -2.961  24.668 0.0000000000
61864  37.933  -4.781  25.438 0.0000000000
62869  37.751  -4.046  24.974 0.0000000000
63871  39.240  -2.984  24.921 0.0000000000
63859  40.845  -2.989  26.490 0.0000000000
63843  41.985  -2.793  27.845 0.0000000000
82596  54.519  15.500  4.258 0.0000000000
81588  54.388  13.842  3.327 0.0000000000
79294  54.759  12.151  3.475 0.0000000000
79278  53.070  11.664  4.728 0.0000000000
140524  54.205  11.907  3.894 0.0000000000
75931  48.554  9.030  9.039 0.0000000000
75917  49.886  8.328  9.101 0.0000000000
138719  49.016  8.359  9.280 0.0000000000
146438  48.563  7.294  10.372 0.0000000000
73732  48.238  6.434  11.494 0.0000000000
74806  45.956  7.825  11.001 0.0000000000
73733  47.262  6.721  11.337 0.0000000000
73715  48.578  6.123  12.400 0.0000000000
73692  48.180  5.796  13.848 0.0000000000
72552  48.456  5.621  14.617 0.0000000000
74764  42.022  8.281  15.152 0.0000000000
73706  42.511  7.200  13.529 0.0000000000
72557  43.731  5.320  13.772 0.0000000000
70317  42.304  3.737  14.540 0.0000000000
71420  43.412  4.541  14.125 0.0000000000
71418  45.336  4.629  14.153 0.0000000000
154230  46.491  4.159  14.785 0.0000000000
57325  35.230  -8.262  29.279 0.0000000000
57323  37.214  -8.423  29.990 0.0000000000
57278  36.656  -8.546  31.549 0.0000000000
57255  37.603  -8.486  32.653 0.0000000000
140038  48.491  11.982  9.493 0.0000000000
78132  47.897  10.616  9.131 0.0000000000
53877  15.255  -11.991  43.645 0.0000000000
53843  15.094  -11.587  45.708 0.0000000000
52751  14.132  -13.179  44.456 0.0000000000
51726  13.565  -13.865  44.745 0.0000000000
49607  13.433  -15.767  45.022 0.0000000000
48389  13.238  -16.742  46.203 0.0000000000
50657  11.879  -14.674  47.699 0.0000000000
48382  12.025  -17.017  47.020 0.0000000000
48375  13.500  -17.511  47.870 0.0000000000
47117  13.261  -17.783  49.488 0.0000000000
47108  13.505  -17.711  50.530 0.0000000000
46037  10.035  -19.346  52.981 0.0000000000
47111  9.335  -18.292  50.913 0.0000000000
46075  8.863  -19.110  51.938 0.0000000000
46038  9.153  -19.287  53.207 0.0000000000
46039  8.235  -18.950  53.374 0.0000000000
46040  7.502  -18.508  53.825 0.0000000000
47066  6.485  -17.915  54.091 0.0000000000
49530  7.314  -15.663  54.480 0.0000000000
48314  6.953  -16.517  54.200 0.0000000000
47049  6.017  -17.463  54.233 0.0000000000
59749  35.215  -6.862  28.227 0.0000000000
59730  34.242  -6.385  29.387 0.0000000000
57344  34.690  -7.589  28.571 0.0000000000
57302  34.412  -8.243  30.131 0.0000000000
56141  33.978  -8.887  31.534 0.0000000000
56109  33.841  -9.901  32.830 0.0000000000
55100  31.888  -10.122  31.130 0.0000000000
55080  33.086  -10.328  32.373 0.0000000000
55058  33.699  -10.878  34.142 0.0000000000
56125  27.503  -9.146  32.544 0.0000000000
150505  27.927  -10.368  33.116 0.0000000000
54009  29.218  -11.353  34.221 0.0000000000
55030  27.241  -10.585  36.418 0.0000000000
53982  28.964  -11.309  36.093 0.0000000000
53996  29.847  -11.686  35.604 0.0000000000
74813  51.080  7.375  10.113 0.0000000000
69161  37.744  3.586  18.471 0.0000000000
68059  37.329  2.243  18.097 0.0000000000
65852  38.528  -0.329  18.562 0.0000000000
67975  34.052  0.841  25.498 0.0000000000
138857  34.011  0.805  24.624 0.0000000000
66903  34.520  0.382  22.439 0.0000000000
65784  37.139  -1.270  23.213 0.0000000000
66902  35.458  -0.417  21.746 0.0000000000
66919  35.872  -0.256  20.938 0.0000000000
66935  36.748  -0.255  20.296 0.0000000000
65814  38.303  -0.767  19.924 0.0000000000
65830  40.370  -0.946  18.950 0.0000000000
65810  42.197  -0.897  20.477 0.0000000000
57299  38.030  -8.157  30.296 0.0000000000
138983  39.558  -7.375  30.723 0.0000000000
59704  40.802  -6.626  30.918 0.0000000000
59697  41.988  -6.522  32.657 0.0000000000
60818  42.278  -5.735  31.150 0.0000000000
82613  60.572  16.002  -0.689 0.0000000000
83580  56.767  15.962  1.754 0.0000000000
82604  57.461  15.539  0.888 0.0000000000
80422  57.242  12.130  1.659 0.0000000000
80431  57.516  12.871  0.845 0.0000000000
81605  58.587  14.384  -0.189 0.0000000000
81604  59.069  13.739  -0.437 0.0000000000
80449  60.277  12.354  -0.787 0.0000000000
75928  51.236  8.730  8.471 0.0000000000
58660  35.994  -7.534  27.856 0.0000000000
141682  36.672  -7.459  27.544 0.0000000000
57342  36.092  -8.172  28.611 0.0000000000
77030  49.474  9.704  8.205 0.0000000000
77040  49.762  10.299  7.768 0.0000000000
147340  50.151  9.662  7.943 0.0000000000
46027  6.549  -18.597  54.571 0.0000000000
65868  40.290  -0.002  17.381 0.0000000000
66981  40.949  0.302  16.986 0.0000000000
65867  41.067  -0.278  17.661 0.0000000000
65866  41.892  -0.436  18.003 0.0000000000
65849  41.148  -0.740  18.461 0.0000000000
52783  15.366  -13.401  42.471 0.0000000000
50700  15.643  -14.430  42.660 0.0000000000
51741  14.859  -13.959  42.973 0.0000000000
50693  15.133  -14.691  43.189 0.0000000000
57245  29.439  -8.243  32.706 0.0000000000
53920  25.196  -11.783  40.877 0.0000000000
67947  35.087  2.169  28.479 0.0000000000
154053  21.621  -11.903  37.180 0.0000000000
52854  21.189  -12.297  37.662 0.0000000000
53969  21.079  -11.624  37.499 0.0000000000
56070  21.516  -9.983  37.340 0.0000000000
55036  21.873  -10.300  36.560 0.0000000000
53968  22.089  -11.586  36.707 0.0000000000
63844  37.100  -3.068  27.967 0.0000000000
60850  40.549  -5.739  28.267 0.0000000000
60849  41.122  -5.032  28.157 0.0000000000
140159  41.137  -5.496  28.932 0.0000000000
81561  51.800  14.147  6.477 0.0000000000
81560  52.492  14.597  6.244 0.0000000000
81572  52.586  13.985  5.045 0.0000000000
78145  54.452  9.940  6.922 0.0000000000
78154  55.285  10.120  6.567 0.0000000000
47047  10.562  -18.404  54.555 0.0000000000
76996  46.574  10.510  10.517 0.0000000000
76997  45.955  9.666  10.625 0.0000000000
73703  45.362  6.287  12.644 0.0000000000
72534  40.528  6.142  15.932 0.0000000000
72546  40.934  5.954  15.051 0.0000000000
144778  40.750  5.271  15.000 0.0000000000
68074  45.184  1.620  16.515 0.0000000000
132741  45.839  2.167  16.264 0.0000000000
56108  34.577  -9.436  33.258 0.0000000000
56107  35.423  -8.999  33.652 0.0000000000
51755  20.139  -13.921  41.084 0.0000000000
51746  20.287  -13.853  42.172 0.0000000000
140263  14.897  -16.686  46.885 0.0000000000
155881  15.433  -16.355  47.530 0.0000000000
49593  14.926  -16.675  47.829 0.0000000000
49585  15.137  -16.374  48.857 0.0000000000
51712  13.053  -13.619  46.659 0.0000000000
48369  10.426  -16.888  48.853 0.0000000000
47120  10.364  -17.898  49.225 0.0000000000
134874  10.973  -18.051  48.820 0.0000000000
46091  10.484  -18.735  50.108 0.0000000000
49543  9.049  -15.789  53.124 0.0000000000
48341  8.713  -16.644  52.398 0.0000000000
59700  32.147  -6.073  31.813 0.0000000000
60825  32.686  -5.639  31.579 0.0000000000
59705  32.254  -6.118  31.045 0.0000000000
60837  32.864  -5.816  30.769 0.0000000000
58628  32.568  -7.096  30.393 0.0000000000
58629  32.016  -7.571  30.568 0.0000000000
54022  30.252  -11.518  33.380 0.0000000000
54021  31.108  -11.599  33.338 0.0000000000
54007  30.684  -11.741  34.131 0.0000000000
152832  30.977  -11.894  34.794 0.0000000000
53995  30.751  -11.956  35.493 0.0000000000
56088  25.953  -9.798  34.682 0.0000000000
73730  50.286  6.337  11.917 0.0000000000
73713  50.601  6.394  12.752 0.0000000000
69114  34.981  2.541  22.269 0.0000000000
70212  35.478  3.305  21.872 0.0000000000
69133  35.031  2.421  21.412 0.0000000000
69149  35.795  2.717  19.956 0.0000000000
68042  35.191  2.013  20.537 0.0000000000
63887  36.298  -2.506  24.433 0.0000000000
64832  34.866  -1.916  24.532 0.0000000000
64831  35.877  -2.053  24.095 0.0000000000
66883  40.465  -0.020  23.903 0.0000000000
152643  39.138  -0.344  23.146 0.0000000000
66897  40.338  -0.113  23.036 0.0000000000
66896  41.747  -0.295  22.659 0.0000000000
83586  59.387  16.367  0.546 0.0000000000
83585  59.918  16.328  0.263 0.0000000000
82609  59.061  15.610  0.049 0.0000000000
80415  55.296  12.538  3.002 0.0000000000
80424  55.666  13.080  2.371 0.0000000000
56047  21.790  -9.031  38.795 0.0000000000
56048  21.098  -9.466  39.047 0.0000000000
56036  21.729  -8.957  39.725 0.0000000000
57177  22.334  -8.481  38.398 0.0000000000
77026  53.530  9.247  8.272 0.0000000000
75914  52.548  8.244  9.388 0.0000000000
75913  53.403  8.436  9.622 0.0000000000
61839  37.393  -5.345  27.291 0.0000000000
58675  37.480  -7.479  27.629 0.0000000000
59765  37.656  -6.872  26.868 0.0000000000
59746  39.207  -7.035  28.240 0.0000000000
58642  39.172  -7.345  29.178 0.0000000000
79248  48.861  12.157  8.991 0.0000000000
79256  50.098  13.026  8.994 0.0000000000
79257  49.381  12.365  8.443 0.0000000000
80396  50.468  12.466  6.561 0.0000000000
79269  51.052  11.718  6.020 0.0000000000
78158  50.990  10.893  6.489 0.0000000000
77037  52.210  9.580  7.352 0.0000000000
46012  8.444  -18.549  54.783 0.0000000000
76973  45.742  10.572  13.411 0.0000000000
76974  44.891  10.126  12.928 0.0000000000
75864  43.139  9.247  14.041 0.0000000000
75871  43.586  9.214  13.196 0.0000000000
75872  43.094  8.627  13.276 0.0000000000
73719  43.673  7.534  12.636 0.0000000000
74782  42.991  7.863  13.021 0.0000000000
69195  41.240  2.716  15.213 0.0000000000
66995  42.438  0.478  16.817 0.0000000000
68076  42.233  1.163  16.080 0.0000000000
68075  43.150  0.890  16.531 0.0000000000
136540  44.058  1.311  16.340 0.0000000000
68065  43.827  0.652  17.046 0.0000000000
66977  44.336  0.355  17.672 0.0000000000
66951  44.176  -0.317  19.033 0.0000000000
65826  44.283  -0.414  19.895 0.0000000000
65808  44.376  -0.391  20.726 0.0000000000
133658  46.429  10.925  12.935 0.0000000000
132191  17.847  -14.391  41.771 0.0000000000
50698  17.470  -14.671  42.499 0.0000000000
157363  16.930  -15.309  45.550 0.0000000000
50678  16.832  -15.465  44.684 0.0000000000
49610  14.609  -15.532  44.169 0.0000000000
49605  15.282  -15.989  45.017 0.0000000000
142923  14.894  -16.492  45.846 0.0000000000
49570  10.747  -15.460  49.622 0.0000000000
49561  10.764  -15.173  50.558 0.0000000000
50633  10.640  -14.875  51.479 0.0000000000
58596  31.586  -7.745  33.159 0.0000000000
146294  31.569  -7.409  32.430 0.0000000000
58608  31.828  -6.774  32.087 0.0000000000
57282  30.908  -8.236  31.400 0.0000000000
56146  29.058  -9.622  31.574 0.0000000000
56145  29.754  -9.550  31.199 0.0000000000
55104  28.806  -10.007  31.714 0.0000000000
55083  29.672  -10.859  32.140 0.0000000000
132471  28.952  -10.466  32.008 0.0000000000
55019  25.339  -10.868  37.243 0.0000000000
55008  25.690  -11.002  38.610 0.0000000000
69095  34.928  2.697  24.588 0.0000000000
64823  39.835  -1.953  25.530 0.0000000000
64824  39.542  -1.227  25.176 0.0000000000
64817  40.498  -1.324  26.247 0.0000000000
66843  41.592  -0.104  27.210 0.0000000000
66851  40.942  -0.160  26.109 0.0000000000
66850  41.516  0.035  26.685 0.0000000000
46029  5.381  -18.498  53.934 0.0000000000
72520  41.869  6.424  17.944 0.0000000000
70296  39.552  3.886  16.155 0.0000000000
70287  39.604  4.563  17.391 0.0000000000
69169  38.669  3.774  17.614 0.0000000000
69177  38.822  2.777  16.705 0.0000000000
68067  39.261  1.410  16.662 0.0000000000
52811  23.232  -12.862  40.491 0.0000000000
136111  23.005  -12.927  39.612 0.0000000000
51780  21.077  -13.214  38.727 0.0000000000
51772  21.635  -13.390  39.355 0.0000000000
51773  20.788  -13.531  39.412 0.0000000000
51764  20.464  -13.763  40.199 0.0000000000
51774  19.820  -13.424  39.382 0.0000000000
155065  19.891  -10.253  39.112 0.0000000000
54999  20.019  -10.943  38.472 0.0000000000
55000  19.414  -10.549  39.209 0.0000000000
53924  18.031  -11.484  39.829 0.0000000000
53942  18.630  -12.069  39.268 0.0000000000
52813  18.112  -12.586  39.797 0.0000000000
52814  17.627  -13.158  40.350 0.0000000000
53892  16.646  -11.126  41.844 0.0000000000
53893  16.040  -11.743  42.283 0.0000000000
52782  15.856  -12.784  41.960 0.0000000000
58584  27.458  -7.069  34.053 0.0000000000
59685  24.908  -6.807  34.704 0.0000000000
59684  25.674  -6.687  34.408 0.0000000000
58586  24.496  -7.445  34.342 0.0000000000
58601  24.973  -7.882  33.784 0.0000000000
57232  24.211  -8.334  34.211 0.0000000000
55050  22.798  -9.998  35.390 0.0000000000
56092  22.683  -9.081  35.617 0.0000000000
55049  23.525  -10.139  35.055 0.0000000000
55033  24.204  -11.144  36.218 0.0000000000
53984  23.425  -11.522  36.385 0.0000000000
52852  22.911  -12.425  37.430 0.0000000000
53953  23.769  -12.167  37.855 0.0000000000
52839  23.292  -12.590  38.171 0.0000000000
66844  34.972  0.078  28.666 0.0000000000
65754  35.486  -0.983  28.733 0.0000000000
63860  36.243  -3.058  26.462 0.0000000000
63874  35.975  -2.882  25.160 0.0000000000
62870  36.890  -3.513  25.148 0.0000000000
60876  37.911  -5.504  25.878 0.0000000000
61854  37.593  -4.949  25.932 0.0000000000
60885  39.072  -4.916  25.502 0.0000000000
61862  39.195  -4.338  25.257 0.0000000000
62868  38.354  -3.589  24.733 0.0000000000
62866  39.620  -3.766  25.383 0.0000000000
63870  40.103  -2.987  25.670 0.0000000000
62857  40.296  -3.804  26.087 0.0000000000
61835  42.250  -3.965  28.680 0.0000000000
62851  41.609  -3.446  27.586 0.0000000000
82591  54.898  16.247  5.088 0.0000000000
82601  54.298  14.695  3.785 0.0000000000
80416  54.687  12.969  3.209 0.0000000000
137756  52.700  11.295  5.253 0.0000000000
79277  54.032  11.249  4.573 0.0000000000
136654  54.961  11.258  4.091 0.0000000000
75918  48.106  8.529  9.516 0.0000000000
74817  47.254  7.802  10.349 0.0000000000
74816  47.975  7.808  10.101 0.0000000000
74804  47.848  7.115  10.729 0.0000000000
74803  48.877  6.763  10.911 0.0000000000
75892  45.521  8.809  10.938 0.0000000000
74807  45.145  8.115  11.402 0.0000000000
145413  45.993  6.349  12.301 0.0000000000
73717  46.644  6.475  11.834 0.0000000000
73716  47.591  6.177  12.100 0.0000000000
73701  47.895  5.950  12.996 0.0000000000
72553  47.635  5.378  14.267 0.0000000000
72544  47.974  5.106  15.043 0.0000000000
143761  42.544  8.641  16.033 0.0000000000
72571  41.920  6.429  14.081 0.0000000000
72570  43.013  6.157  13.505 0.0000000000
70306  42.902  2.982  14.903 0.0000000000
134807  44.676  3.402  14.754 0.0000000000
70315  44.104  3.867  14.396 0.0000000000
71419  44.398  4.591  14.111 0.0000000000
70314  44.981  3.951  14.464 0.0000000000
71411  45.815  4.019  14.593 0.0000000000
135384  35.184  -8.492  30.450 0.0000000000
57301  35.848  -8.541  30.152 0.0000000000
57279  35.895  -8.583  31.014 0.0000000000
57242  36.345  -8.663  33.533 0.0000000000
57256  36.715  -8.573  32.595 0.0000000000
79233  49.312  12.466  10.160 0.0000000000
134819  48.527  12.060  10.381 0.0000000000
78133  47.422  10.413  9.567 0.0000000000
77031  48.574  9.910  8.640 0.0000000000
52795  23.226  -12.876  41.474 0.0000000000
52778  23.633  -12.743  42.390 0.0000000000
156750  23.020  -12.954  42.091 0.0000000000
51739  19.613  -13.996  43.453 0.0000000000
141637  16.770  -15.083  47.674 0.0000000000
53857  15.728  -11.150  44.131 0.0000000000
52720  14.346  -12.316  45.930 0.0000000000
52719  14.728  -11.774  46.536 0.0000000000
52733  14.502  -12.338  45.016 0.0000000000
132303  12.532  -14.505  46.232 0.0000000000
136553  12.721  -15.208  45.477 0.0000000000
49599  13.026  -16.183  45.483 0.0000000000
49600  12.348  -15.945  46.012 0.0000000000
137711  11.874  -14.393  48.664 0.0000000000
47140  11.579  -17.327  47.674 0.0000000000
48383  11.400  -16.504  47.387 0.0000000000
48381  12.974  -17.240  46.986 0.0000000000
47139  12.497  -17.582  47.642 0.0000000000
47128  12.955  -17.770  48.514 0.0000000000
46089  12.187  -18.606  50.383 0.0000000000
47109  12.712  -18.174  49.941 0.0000000000
138993  12.831  -18.141  50.709 0.0000000000
46073  10.333  -19.160  51.124 0.0000000000
46054  11.154  -18.990  51.941 0.0000000000
46036  10.933  -18.952  52.839 0.0000000000
48361  9.348  -17.386  50.748 0.0000000000
48351  9.089  -17.462  51.351 0.0000000000
47100  8.907  -18.434  51.532 0.0000000000
46057  8.626  -19.168  52.589 0.0000000000
47084  8.112  -18.617  52.711 0.0000000000
48328  7.842  -16.996  53.290 0.0000000000
47065  7.052  -18.021  53.831 0.0000000000
49529  8.061  -15.466  54.284 0.0000000000
49531  6.580  -15.786  54.589 0.0000000000
48315  6.206  -16.600  54.332 0.0000000000
48316  5.511  -16.768  54.232 0.0000000000
59728  35.908  -6.470  28.455 0.0000000000
59731  33.787  -6.568  29.460 0.0000000000
60835  34.209  -6.113  30.053 0.0000000000
58662  34.007  -6.897  28.865 0.0000000000
59750  34.361  -6.691  28.796 0.0000000000
58644  34.061  -7.265  28.893 0.0000000000
57326  34.267  -7.813  29.357 0.0000000000
57327  33.700  -7.497  29.650 0.0000000000
56160  32.849  -8.504  30.572 0.0000000000
57281  33.718  -8.539  30.745 0.0000000000
56123  33.527  -9.604  31.945 0.0000000000
55114  30.782  -9.775  30.775 0.0000000000
55113  31.463  -9.612  30.697 0.0000000000
55101  31.144  -10.244  31.017 0.0000000000
54020  32.042  -11.509  33.523 0.0000000000
55069  32.568  -10.953  32.888 0.0000000000
55068  33.407  -10.631  33.277 0.0000000000
54003  34.005  -11.209  34.919 0.0000000000
54004  33.269  -11.479  34.607 0.0000000000
57264  26.976  -8.076  32.844 0.0000000000
58610  27.639  -8.207  32.635 0.0000000000
56126  26.984  -8.583  32.814 0.0000000000
55070  27.390  -10.257  33.727 0.0000000000
56110  27.349  -9.728  33.012 0.0000000000
155151  28.028  -10.671  33.839 0.0000000000
54024  28.650  -10.941  33.450 0.0000000000
55059  28.505  -10.993  34.417 0.0000000000
55017  26.847  -10.552  37.112 0.0000000000
55016  27.789  -10.820  37.200 0.0000000000
53950  29.566  -11.689  38.006 0.0000000000
140577  28.548  -11.121  36.847 0.0000000000
148965  29.218  -11.473  37.025 0.0000000000
53981  29.680  -11.655  36.454 0.0000000000
74827  49.607  7.759  9.712 0.0000000000
74826  50.460  7.789  9.613 0.0000000000
69146  38.516  4.466  19.222 0.0000000000
69147  37.494  4.053  19.285 0.0000000000
68049  36.726  1.575  18.631 0.0000000000
66968  37.388  0.959  18.244 0.0000000000
66967  38.155  0.425  17.996 0.0000000000
66952  37.699  0.019  18.700 0.0000000000
65762  34.352  -0.263  27.018 0.0000000000
66853  34.290  0.613  26.573 0.0000000000
65763  34.120  -0.318  26.330 0.0000000000
65787  34.218  -0.532  23.804 0.0000000000
66861  33.901  -0.081  24.844 0.0000000000
66873  34.019  0.317  24.058 0.0000000000
66888  34.201  0.334  23.285 0.0000000000
66887  34.574  -0.394  22.841 0.0000000000
65775  38.745  -1.161  24.160 0.0000000000
65776  37.981  -1.242  23.606 0.0000000000
66900  37.701  -0.612  22.116 0.0000000000
66901  36.506  -0.715  21.936 0.0000000000
65800  39.747  -0.806  20.979 0.0000000000
65813  39.259  -0.953  20.071 0.0000000000
134903  39.665  -0.970  19.369 0.0000000000
65812  40.354  -1.054  20.028 0.0000000000
65829  41.227  -0.981  19.376 0.0000000000
65811  41.417  -0.969  20.312 0.0000000000
66912  43.193  -0.451  22.003 0.0000000000
57277  37.510  -8.395  31.092 0.0000000000
57276  38.418  -8.077  31.184 0.0000000000
131430  40.223  -7.341  32.116 0.0000000000
151567  39.711  -7.447  31.496 0.0000000000
58614  40.200  -7.100  31.268 0.0000000000
58625  40.143  -6.949  30.567 0.0000000000
59699  40.775  -6.850  31.760 0.0000000000
59703  41.974  -6.193  31.837 0.0000000000
156916  42.571  -5.285  30.675 0.0000000000
82614  59.930  15.472  -0.584 0.0000000000
82623  60.129  15.021  -1.108 0.0000000000
81612  60.082  13.621  -1.335 0.0000000000
82595  55.096  15.968  3.898 0.0000000000
81595  56.065  13.803  1.744 0.0000000000
82605  56.632  14.685  1.239 0.0000000000
81602  57.315  14.159  0.653 0.0000000000
80430  58.132  12.669  0.552 0.0000000000
81601  57.964  13.673  0.262 0.0000000000
80439  58.558  13.167  0.047 0.0000000000
77028  51.724  9.157  7.932 0.0000000000
59767  36.568  -6.826  27.252 0.0000000000
58677  36.372  -7.139  27.410 0.0000000000
58643  37.642  -7.929  28.666 0.0000000000
78150  49.451  10.988  7.703 0.0000000000
78149  50.037  10.858  7.200 0.0000000000
78159  50.500  10.937  6.810 0.0000000000
78148  50.805  10.433  7.015 0.0000000000
77038  51.272  9.733  7.385 0.0000000000
75863  44.354  10.068  14.272 0.0000000000
68078  40.170  1.540  16.136 0.0000000000
68077  41.178  1.320  15.989 0.0000000000
66997  40.809  0.872  16.460 0.0000000000
66979  42.692  -0.069  17.568 0.0000000000
66978  43.553  0.110  17.578 0.0000000000
65848  42.676  -0.530  18.386 0.0000000000
65828  42.762  -0.783  19.208 0.0000000000
50699  16.557  -14.601  42.441 0.0000000000
50692  16.335  -14.934  43.045 0.0000000000
50685  15.109  -15.241  43.606 0.0000000000
137211  11.059  -14.230  51.894 0.0000000000
57260  30.256  -8.304  32.206 0.0000000000
57261  29.340  -8.696  31.915 0.0000000000
146829  28.698  -9.041  31.853 0.0000000000
54997  25.114  -11.430  38.710 0.0000000000
54996  25.537  -11.359  39.318 0.0000000000
69078  35.072  2.609  26.658 0.0000000000
64806  41.505  -1.608  27.295 0.0000000000
64807  41.056  -1.205  26.863 0.0000000000
147415  41.964  -1.059  27.901 0.0000000000
69168  39.730  4.603  18.328 0.0000000000
134586  39.359  4.518  18.614 0.0000000000
52840  22.570  -12.827  38.166 0.0000000000
52827  22.320  -13.151  38.979 0.0000000000
52841  21.612  -12.947  38.213 0.0000000000
52842  20.699  -12.644  38.188 0.0000000000
143324  19.108  -10.155  40.010 0.0000000000
54986  18.313  -10.502  40.231 0.0000000000
53905  17.584  -10.962  40.558 0.0000000000
59672  24.698  -6.622  35.571 0.0000000000
57191  22.337  -8.597  37.454 0.0000000000
57190  22.826  -8.019  36.980 0.0000000000
56079  22.271  -9.703  36.072 0.0000000000
55035  22.392  -10.585  35.908 0.0000000000
53985  22.654  -11.338  36.195 0.0000000000
157798  22.254  -12.134  37.042 0.0000000000
64800  36.065  -1.720  28.709 0.0000000000
64808  36.503  -2.380  28.104 0.0000000000
63845  36.627  -3.108  27.183 0.0000000000
62859  36.804  -3.658  26.182 0.0000000000
60862  39.296  -5.920  26.554 0.0000000000
137304  40.131  -5.340  26.891 0.0000000000
61853  40.289  -4.592  26.494 0.0000000000
61852  40.958  -3.890  26.940 0.0000000000
60860  40.753  -4.761  27.306 0.0000000000
61836  41.733  -4.475  28.445 0.0000000000
60841  42.096  -4.599  29.130 0.0000000000
80386  51.519  14.202  7.442 0.0000000000
81552  52.376  14.689  7.385 0.0000000000
82597  54.021  15.128  4.522 0.0000000000
81571  53.384  14.624  4.741 0.0000000000
78168  53.432  10.881  5.277 0.0000000000
78166  55.290  10.234  5.558 0.0000000000
77021  47.288  9.701  9.608 0.0000000000
75919  47.415  9.107  9.571 0.0000000000
74793  44.819  7.506  11.965 0.0000000000
73718  45.246  6.784  12.191 0.0000000000
72554  46.715  5.258  13.923 0.0000000000
71417  46.216  4.661  14.293 0.0000000000
73673  41.533  7.323  16.709 0.0000000000
73684  41.269  6.323  14.795 0.0000000000
153538  43.740  1.870  15.736 0.0000000000
140232  43.850  2.447  15.269 0.0000000000
69192  44.826  2.720  15.231 0.0000000000
70294  45.897  2.767  15.608 0.0000000000
57258  34.796  -8.674  31.859 0.0000000000
57257  35.751  -8.596  32.013 0.0000000000
76985  47.964  11.658  12.638 0.0000000000
78119  47.209  11.063  10.308 0.0000000000
77007  46.982  10.224  9.880 0.0000000000
52797  21.726  -13.474  41.346 0.0000000000
52780  21.825  -13.389  42.275 0.0000000000
147663  15.731  -15.887  48.723 0.0000000000
48366  14.546  -16.856  49.396 0.0000000000
138299  14.201  -12.285  46.833 0.0000000000
51719  13.675  -13.067  46.138 0.0000000000
156785  13.504  -13.462  45.411 0.0000000000
48376  10.902  -16.825  48.112 0.0000000000
47130  11.252  -17.659  48.337 0.0000000000
47119  11.596  -18.218  48.844 0.0000000000
46105  11.914  -18.536  49.542 0.0000000000
46092  9.757  -18.772  50.616 0.0000000000
138608  9.060  -16.764  51.845 0.0000000000
48342  8.154  -17.604  52.588 0.0000000000
48313  7.643  -16.331  53.945 0.0000000000
59714  33.295  -6.214  30.193 0.0000000000
58646  33.222  -6.733  30.060 0.0000000000
57328  33.165  -7.310  30.069 0.0000000000
56143  32.270  -9.398  30.800 0.0000000000
54034  30.897  -10.737  31.672 0.0000000000
54005  32.441  -11.735  34.529 0.0000000000
154024  31.670  -12.007  35.239 0.0000000000
56112  25.987  -8.883  33.581 0.0000000000
56111  26.740  -9.041  33.086 0.0000000000
155625  26.439  -9.257  33.538 0.0000000000
55061  26.843  -10.071  34.532 0.0000000000
55005  27.947  -10.928  38.181 0.0000000000
53951  28.689  -11.332  38.556 0.0000000000
133601  50.805  6.945  10.678 0.0000000000
70237  36.154  4.024  21.355 0.0000000000
70259  36.303  3.757  20.415 0.0000000000
69148  36.578  3.405  19.547 0.0000000000
66954  36.262  0.976  19.272 0.0000000000
64826  34.427  -1.655  25.478 0.0000000000
65770  34.039  -0.759  25.615 0.0000000000
136782  34.613  -1.304  23.967 0.0000000000
66870  39.904  -0.542  24.468 0.0000000000
66872  38.021  -0.930  23.172 0.0000000000
66885  38.896  -0.591  23.393 0.0000000000
139053  38.363  -0.592  22.832 0.0000000000
66899  38.659  -0.410  22.421 0.0000000000
66917  38.122  -0.550  21.544 0.0000000000
66916  39.140  -0.450  21.798 0.0000000000
66914  41.320  -0.565  21.916 0.0000000000
57275  38.822  -7.975  31.831 0.0000000000
57253  38.957  -8.030  32.545 0.0000000000
58607  39.829  -7.780  32.908 0.0000000000
58606  40.693  -7.361  32.942 0.0000000000
82608  59.729  15.775  -0.180 0.0000000000
81596  55.410  14.303  2.394 0.0000000000
79312  59.470  11.579  0.419 0.0000000000
55010  21.132  -10.410  37.723 0.0000000000
55011  20.787  -11.039  37.796 0.0000000000
54984  20.366  -9.923  39.113 0.0000000000
57176  22.889  -7.965  37.932 0.0000000000
56059  21.876  -9.189  37.880 0.0000000000
77035  53.977  9.653  7.644 0.0000000000
75926  53.034  8.776  8.849 0.0000000000
144298  37.401  -4.108  27.210 0.0000000000
59782  37.824  -6.192  26.375 0.0000000000
59766  37.252  -6.516  26.877 0.0000000000
59781  38.451  -6.484  26.685 0.0000000000
59764  39.242  -6.558  27.378 0.0000000000
59745  39.919  -6.402  28.256 0.0000000000
80378  50.394  13.316  8.259 0.0000000000
80387  50.656  13.452  7.201 0.0000000000
80394  51.496  13.373  5.826 0.0000000000
80403  52.005  13.039  5.142 0.0000000000
79280  51.550  12.385  5.535 0.0000000000
79279  51.995  11.414  5.568 0.0000000000
135085  53.616  9.802  6.924 0.0000000000
76998  45.330  9.726  11.400 0.0000000000
76987  44.702  9.563  12.108 0.0000000000
76975  44.254  9.836  13.323 0.0000000000
75883  44.105  9.214  12.564 0.0000000000
74794  44.126  7.774  12.263 0.0000000000
72569  44.082  6.047  13.281 0.0000000000
70295  39.951  4.504  15.805 0.0000000000
143256  40.546  4.596  15.121 0.0000000000
70308  40.792  3.695  15.006 0.0000000000
69194  42.196  2.432  15.210 0.0000000000
68087  42.466  1.803  15.612 0.0000000000
135424  45.539  1.134  17.399 0.0000000000
68056  45.718  0.717  18.297 0.0000000000
66962  45.456  0.286  19.000 0.0000000000
66964  43.946  -0.112  18.243 0.0000000000
66950  44.899  -0.058  19.385 0.0000000000
66949  45.602  0.151  19.726 0.0000000000
55057  34.456  -10.526  34.508 0.0000000000
55056  35.166  -10.107  34.924 0.0000000000
55042  35.465  -10.454  35.711 0.0000000000
138688  18.820  -14.377  42.085 0.0000000000
150727  19.095  -14.301  42.886 0.0000000000
51740  18.887  -14.404  43.545 0.0000000000
50690  18.011  -14.715  43.411 0.0000000000
50682  18.542  -14.511  44.288 0.0000000000
49597  16.651  -15.510  46.180 0.0000000000
49604  16.262  -15.772  45.242 0.0000000000
48388  14.215  -16.768  46.320 0.0000000000
50649  11.912  -14.190  49.602 0.0000000000
50650  11.318  -14.949  49.143 0.0000000000
49578  10.383  -16.259  49.322 0.0000000000
49552  10.019  -15.448  51.892 0.0000000000
59706  31.826  -6.745  31.284 0.0000000000
57305  31.627  -8.333  30.586 0.0000000000
58617  31.524  -7.679  30.875 0.0000000000
57306  30.922  -8.631  30.798 0.0000000000
57283  30.121  -8.916  31.351 0.0000000000
55115  30.209  -9.864  31.035 0.0000000000
55102  30.207  -10.693  31.723 0.0000000000
135684  29.804  -11.229  32.814 0.0000000000
54023  29.488  -11.324  33.445 0.0000000000
55032  25.673  -10.410  36.003 0.0000000000
55018  25.956  -10.543  36.986 0.0000000000
142525  26.458  -10.638  37.671 0.0000000000
54995  26.237  -10.992  39.280 0.0000000000
55007  26.525  -10.793  38.456 0.0000000000
152426  27.320  -10.842  38.595 0.0000000000
70192  35.369  3.279  22.965 0.0000000000
144325  34.865  2.434  22.940 0.0000000000
63872  38.283  -2.497  24.468 0.0000000000
64829  37.959  -1.737  24.125 0.0000000000
64825  38.893  -1.460  24.538 0.0000000000
65769  39.508  -0.935  24.795 0.0000000000
66860  39.519  -0.813  24.481 0.0000000000
65761  40.441  -0.595  25.939 0.0000000000
66859  40.038  -0.661  24.948 0.0000000000
66858  40.505  -0.348  25.040 0.0000000000
66869  40.429  -0.214  24.513 0.0000000000
79292  56.423  11.062  3.465 0.0000000000
73672  42.366  7.645  17.315 0.0000000000
72533  41.176  6.705  16.971 0.0000000000
71391  40.321  5.450  17.021 0.0000000000
69187  39.800  2.632  15.831 0.0000000000
66982  39.505  0.393  17.246 0.0000000000
150710  24.573  -12.148  40.999 0.0000000000
53922  24.018  -12.468  40.682 0.0000000000
52796  22.432  -13.209  40.905 0.0000000000
51754  20.991  -13.706  40.953 0.0000000000
52843  19.905  -12.156  38.359 0.0000000000
52829  19.372  -12.589  38.909 0.0000000000
155961  19.151  -13.982  40.751 0.0000000000
51758  17.279  -13.667  41.082 0.0000000000
52799  16.450  -13.237  41.387 0.0000000000
57231  28.749  -7.983  33.195 0.0000000000
58583  28.100  -7.555  33.624 0.0000000000
58598  27.300  -7.522  33.162 0.0000000000
58599  26.466  -7.516  33.267 0.0000000000
153429  26.262  -6.722  34.217 0.0000000000
59693  25.980  -6.991  33.724 0.0000000000
58600  25.731  -7.613  33.486 0.0000000000
57248  25.566  -8.244  33.484 0.0000000000
56100  25.079  -8.777  33.976 0.0000000000
56089  24.993  -9.650  34.558 0.0000000000
57205  22.902  -8.219  36.035 0.0000000000
58574  23.477  -7.712  35.444 0.0000000000
58587  23.899  -7.757  34.714 0.0000000000
56102  23.803  -9.005  34.449 0.0000000000
56090  24.010  -9.702  34.608 0.0000000000
55020  24.699  -11.232  36.999 0.0000000000
53965  24.297  -11.673  37.485 0.0000000000
53966  23.552  -11.932  37.074 0.0000000000
53952  24.508  -11.792  38.335 0.0000000000
53939  24.706  -11.851  39.314 0.0000000000
53921  24.610  -12.029  40.282 0.0000000000
146410  34.786  1.110  28.376 0.0000000000
64809  35.632  -1.761  27.942 0.0000000000
64810  35.044  -1.967  27.002 0.0000000000
147717  34.785  -2.071  26.124 0.0000000000
63875  35.098  -2.365  25.364 0.0000000000
141522  37.288  -4.258  26.380 0.0000000000
62858  37.430  -4.245  25.537 0.0000000000
60886  38.427  -5.193  25.591 0.0000000000
62875  37.477  -3.237  24.616 0.0000000000
134158  40.454  -2.265  26.131 0.0000000000
154934  41.228  -3.238  27.066 0.0000000000
63858  41.478  -2.602  27.243 0.0000000000
82600  54.796  14.803  3.245 0.0000000000
80402  52.700  12.696  4.582 0.0000000000
79286  53.484  12.266  4.161 0.0000000000
79293  55.545  11.616  3.441 0.0000000000
75930  49.255  9.002  8.704 0.0000000000
74828  48.766  7.798  9.865 0.0000000000
74815  49.336  7.207  10.331 0.0000000000
73731  49.277  6.321  11.711 0.0000000000
73734  46.453  7.074  11.266 0.0000000000
73700  48.810  6.048  13.345 0.0000000000
73691  48.986  5.991  14.210 0.0000000000
75854  42.762  9.066  15.097 0.0000000000
74774  41.896  7.553  14.292 0.0000000000
71422  41.412  4.305  14.626 0.0000000000
71421  42.380  4.490  14.269 0.0000000000
70316  43.163  3.767  14.435 0.0000000000
72556  44.747  5.295  13.706 0.0000000000
70303  46.278  3.523  15.113 0.0000000000
151760  46.990  3.951  15.306 0.0000000000
70302  47.683  4.420  15.457 0.0000000000
57324  36.330  -8.471  29.559 0.0000000000
57300  36.599  -8.535  30.561 0.0000000000
151824  37.349  -8.493  31.988 0.0000000000
132286  48.053  11.511  9.431 0.0000000000
78131  48.412  11.164  8.710 0.0000000000
52762  22.687  -13.056  42.704 0.0000000000
51738  20.338  -13.768  43.132 0.0000000000
53876  15.836  -11.405  43.191 0.0000000000
53858  15.162  -11.755  44.617 0.0000000000
52750  14.643  -12.554  44.073 0.0000000000
51733  14.379  -13.510  43.636 0.0000000000
51734  14.039  -13.975  44.078 0.0000000000
50686  13.872  -14.730  44.206 0.0000000000
49611  13.820  -15.450  44.518 0.0000000000
50679  13.300  -14.857  44.808 0.0000000000
50667  12.021  -15.143  46.700 0.0000000000
49586  11.459  -15.588  47.348 0.0000000000
49594  11.782  -16.155  46.696 0.0000000000
48390  12.413  -16.676  46.484 0.0000000000
48367  13.841  -17.459  48.917 0.0000000000
48359  13.941  -17.221  49.907 0.0000000000
145868  13.974  -16.953  50.738 0.0000000000
47083  12.118  -18.603  51.963 0.0000000000
47063  10.771  -18.771  53.717 0.0000000000
46023  9.845  -18.865  53.845 0.0000000000
46074  9.488  -19.134  51.466 0.0000000000
46056  9.366  -19.365  52.366 0.0000000000
46041  6.797  -18.307  54.182 0.0000000000
48330  6.647  -17.352  54.112 0.0000000000
46042  6.170  -18.195  54.166 0.0000000000
65746  36.364  -1.235  29.926 0.0000000000
59748  36.265  -6.697  27.726 0.0000000000
58661  35.178  -7.256  28.030 0.0000000000
59729  34.918  -6.497  28.888 0.0000000000
151930  34.504  -7.050  28.458 0.0000000000
57303  33.671  -8.058  30.102 0.0000000000
57280  34.537  -8.553  30.992 0.0000000000
56122  34.285  -9.159  32.387 0.0000000000
56161  31.886  -8.844  30.517 0.0000000000
55082  31.549  -10.587  31.600 0.0000000000
55081  32.254  -10.569  31.947 0.0000000000
55099  32.713  -9.933  31.488 0.0000000000
55067  34.142  -10.187  33.689 0.0000000000
57262  27.946  -8.809  32.251 0.0000000000
56124  28.324  -9.536  32.028 0.0000000000
55085  27.925  -9.917  32.431 0.0000000000
55084  28.448  -10.501  32.560 0.0000000000
150211  29.686  -11.572  34.789 0.0000000000
55045  27.340  -10.552  35.520 0.0000000000
55029  28.037  -10.869  36.246 0.0000000000
55044  28.284  -10.943  35.332 0.0000000000
53997  29.082  -11.353  35.086 0.0000000000
132967  30.315  -11.758  34.834 0.0000000000
75916  50.785  8.274  9.019 0.0000000000
74825  51.205  7.849  9.560 0.0000000000
75901  51.985  7.647  9.934 0.0000000000
74812  51.717  7.031  10.793 0.0000000000
149087  52.554  7.316  10.585 0.0000000000
137158  51.313  6.518  12.874 0.0000000000
69170  37.958  2.995  17.713 0.0000000000
69162  36.886  2.914  18.728 0.0000000000
68058  37.921  1.521  17.655 0.0000000000
66966  38.992  0.022  17.872 0.0000000000
65869  39.725  -0.213  17.796 0.0000000000
67948  34.790  1.645  27.366 0.0000000000
67961  34.577  1.712  26.118 0.0000000000
66854  33.960  0.062  25.790 0.0000000000
67974  34.374  1.745  24.917 0.0000000000
67990  34.162  1.185  23.856 0.0000000000
67999  34.312  1.118  22.879 0.0000000000
66921  34.575  1.156  22.063 0.0000000000
65777  36.723  -1.611  23.557 0.0000000000
65785  36.027  -1.338  23.090 0.0000000000
66886  36.778  -1.025  22.711 0.0000000000
65791  35.501  -0.810  22.479 0.0000000000
152531  34.860  -0.264  22.133 0.0000000000
66920  34.923  0.337  21.521 0.0000000000
68028  34.843  1.422  21.277 0.0000000000
66937  35.271  0.804  20.578 0.0000000000
66936  35.978  0.367  19.992 0.0000000000
130908  36.624  0.171  19.583 0.0000000000
65815  37.681  -0.591  20.567 0.0000000000
65832  37.403  -0.311  19.589 0.0000000000
152739  38.142  -0.509  19.212 0.0000000000
65831  38.874  -0.793  19.274 0.0000000000
65851  39.485  -0.642  18.523 0.0000000000
149441  42.076  -0.930  19.715 0.0000000000
142449  42.843  -0.831  20.088 0.0000000000
65798  41.813  -0.832  21.149 0.0000000000
65797  42.824  -0.755  21.078 0.0000000000
65809  43.616  -0.639  20.453 0.0000000000
57341  36.975  -8.315  29.027 0.0000000000
151223  37.676  -8.177  29.491 0.0000000000
57322  38.434  -7.796  29.500 0.0000000000
58616  39.123  -7.720  31.303 0.0000000000
58627  38.793  -7.771  30.503 0.0000000000
58626  39.732  -7.103  29.925 0.0000000000
59712  40.450  -6.585  29.964 0.0000000000
157266  40.849  -6.195  29.771 0.0000000000
58605  41.349  -6.922  32.881 0.0000000000
59698  41.365  -6.661  32.191 0.0000000000
149277  41.299  -6.503  31.548 0.0000000000
60819  41.567  -6.160  31.012 0.0000000000
150136  41.233  -5.835  29.658 0.0000000000
60842  41.755  -5.247  29.471 0.0000000000
60829  42.501  -4.836  29.960 0.0000000000
82610  58.082  14.968  0.246 0.0000000000
80438  59.192  12.589  -0.060 0.0000000000
80450  59.628  13.063  -0.636 0.0000000000
46106  11.084  -18.488  49.373 0.0000000000
56099  26.249  -9.522  33.998 0.0000000000
57218  23.098  -8.519  35.313 0.0000000000
57233  23.552  -8.421  34.779 0.0000000000
57263  27.383  -8.555  32.599 0.0000000000
58595  32.071  -6.999  33.005 0.0000000000
59669  26.832  -6.708  34.532 0.0000000000
59711  41.151  -6.200  30.272 0.0000000000
60812  33.372  -5.446  32.186 0.0000000000
60817  42.951  -5.273  31.329 0.0000000000
60830  41.876  -5.632  30.315 0.0000000000
60874  39.603  -5.150  26.145 0.0000000000
61863  38.493  -4.443  25.122 0.0000000000
62840  41.836  -3.904  28.144 0.0000000000
62867  38.999  -3.878  24.947 0.0000000000
64818  40.011  -1.076  25.687 0.0000000000
64830  36.942  -1.953  23.952 0.0000000000
65753  41.468  -0.744  27.274 0.0000000000
66898  39.791  -0.181  23.373 0.0000000000
66965  43.267  -0.255  18.085 0.0000000000
67989  34.567  2.037  24.065 0.0000000000
69103  34.533  1.871  23.305 0.0000000000
69115  34.619  1.837  22.543 0.0000000000
147669  40.969  -0.283  22.637 0.0000000000
148649  26.876  -10.416  35.972 0.0000000000
155012  32.946  -11.740  34.967 0.0000000000
156666  39.165  -7.506  29.967 0.0000000000
