#!ascii label  , from subject freesurfer vox2ras=TkReg
1017
98109  46.908  30.457  4.882 0.0000000000
97382  51.742  30.012  -7.628 0.0000000000
102534  56.475  35.146  -11.850 0.0000000000
91953  51.469  23.577  -17.091 0.0000000000
94780  46.609  26.062  -0.629 0.0000000000
102421  59.267  35.097  -2.494 0.0000000000
96627  52.074  28.130  -15.940 0.0000000000
100857  44.490  33.492  -14.340 0.0000000000
99914  54.896  32.341  -1.623 0.0000000000
98135  49.979  30.412  -0.425 0.0000000000
93891  49.150  25.368  -6.374 0.0000000000
101643  50.646  34.394  -10.404 0.0000000000
141248  49.179  33.007  -16.758 0.0000000000
99060  56.692  31.949  -10.303 0.0000000000
98258  52.756  30.773  -18.442 0.0000000000
102544  45.695  35.818  -13.016 0.0000000000
98971  51.351  31.047  2.706 0.0000000000
97331  49.348  30.183  2.156 0.0000000000
93882  47.645  25.947  -4.188 0.0000000000
102466  55.474  35.786  -6.667 0.0000000000
102469  52.561  35.391  -6.683 0.0000000000
101640  53.535  34.666  -11.115 0.0000000000
131717  50.086  33.932  -14.146 0.0000000000
101702  54.171  34.323  -14.847 0.0000000000
98144  53.408  31.224  -5.242 0.0000000000
134896  56.179  31.921  -5.720 0.0000000000
98185  53.953  31.098  -8.495 0.0000000000
93985  53.415  26.026  -18.026 0.0000000000
97442  52.905  29.394  -16.925 0.0000000000
94898  51.546  26.468  -19.017 0.0000000000
96638  49.486  27.936  -18.061 0.0000000000
92998  49.191  24.157  -16.145 0.0000000000
90823  48.935  23.103  -12.401 0.0000000000
96520  44.953  29.053  2.998 0.0000000000
95671  48.181  28.077  2.073 0.0000000000
102463  58.650  35.683  -6.775 0.0000000000
153335  50.405  26.806  -11.108 0.0000000000
97408  51.711  29.607  -11.374 0.0000000000
93965  51.629  26.130  -14.269 0.0000000000
93971  54.261  25.506  -16.790 0.0000000000
100774  56.759  33.930  2.636 0.0000000000
99890  53.345  32.214  2.795 0.0000000000
139387  52.691  31.826  -0.601 0.0000000000
98147  51.188  30.480  -4.523 0.0000000000
150129  47.664  28.448  -0.678 0.0000000000
96548  48.202  28.476  -4.409 0.0000000000
95737  49.929  28.325  -7.592 0.0000000000
92927  50.698  24.763  -9.571 0.0000000000
96513  42.374  29.390  4.911 0.0000000000
103308  50.402  36.108  -6.853 0.0000000000
101633  47.822  34.673  -9.588 0.0000000000
101675  47.338  34.685  -13.645 0.0000000000
100022  46.678  33.245  -15.913 0.0000000000
97424  47.610  29.993  -13.560 0.0000000000
151667  57.875  33.100  -2.256 0.0000000000
99947  58.793  32.999  -6.246 0.0000000000
152670  58.433  33.373  -11.192 0.0000000000
98224  53.679  30.878  -13.224 0.0000000000
99098  56.002  32.147  -14.932 0.0000000000
101715  55.693  33.917  -15.797 0.0000000000
100041  51.165  32.563  -17.969 0.0000000000
96628  48.522  28.681  -15.814 0.0000000000
103345  45.160  36.193  -12.386 0.0000000000
103338  45.568  36.066  -11.179 0.0000000000
98106  49.640  30.987  3.875 0.0000000000
98120  48.345  30.190  3.471 0.0000000000
131706  56.730  36.098  -9.471 0.0000000000
102493  54.673  35.679  -8.804 0.0000000000
102535  55.673  35.022  -11.714 0.0000000000
157220  54.170  34.504  -13.598 0.0000000000
101669  55.447  34.647  -13.306 0.0000000000
98166  52.859  30.678  -6.470 0.0000000000
98165  53.597  30.975  -6.746 0.0000000000
151471  52.625  30.447  -8.542 0.0000000000
93015  51.955  24.584  -18.114 0.0000000000
94897  52.409  26.554  -18.671 0.0000000000
138800  51.069  24.822  -18.202 0.0000000000
93986  49.972  25.793  -18.422 0.0000000000
91955  50.095  23.844  -16.612 0.0000000000
91944  49.674  23.613  -15.644 0.0000000000
90838  51.035  22.579  -15.182 0.0000000000
95674  45.172  27.695  2.037 0.0000000000
102449  58.256  35.996  -5.456 0.0000000000
102438  58.865  35.615  -4.747 0.0000000000
93943  50.949  25.255  -11.270 0.0000000000
93956  50.828  26.358  -12.553 0.0000000000
149781  51.958  24.806  -13.064 0.0000000000
92997  54.485  25.185  -16.020 0.0000000000
93004  55.718  25.021  -17.007 0.0000000000
93012  54.690  24.822  -17.480 0.0000000000
145732  50.511  30.565  1.799 0.0000000000
147318  51.544  31.130  1.747 0.0000000000
98130  51.451  31.215  -0.521 0.0000000000
98136  51.606  31.097  -2.971 0.0000000000
98142  50.155  30.393  -3.044 0.0000000000
94773  47.654  26.967  0.935 0.0000000000
95689  48.406  28.145  0.922 0.0000000000
95698  46.915  26.967  -0.503 0.0000000000
93881  48.086  25.992  -4.942 0.0000000000
95717  47.694  27.715  -4.287 0.0000000000
94818  48.691  26.833  -6.210 0.0000000000
95725  49.280  28.267  -6.125 0.0000000000
94817  49.107  26.770  -6.906 0.0000000000
94834  49.589  26.504  -8.302 0.0000000000
93913  49.923  25.060  -8.248 0.0000000000
137665  52.505  23.428  -8.889 0.0000000000
102508  52.228  34.949  -9.114 0.0000000000
102470  51.294  35.567  -6.621 0.0000000000
156394  50.599  35.117  -8.301 0.0000000000
102496  49.792  35.569  -8.136 0.0000000000
157926  48.892  34.308  -10.470 0.0000000000
101660  47.655  34.502  -11.392 0.0000000000
151385  49.326  34.201  -11.211 0.0000000000
101721  49.520  33.781  -15.801 0.0000000000
154987  48.850  34.016  -15.516 0.0000000000
100032  47.749  33.155  -16.269 0.0000000000
100017  46.790  32.212  -14.868 0.0000000000
99105  48.206  31.455  -15.588 0.0000000000
99900  55.482  32.925  0.724 0.0000000000
99898  57.512  33.435  -0.107 0.0000000000
99912  56.903  32.987  -1.337 0.0000000000
153020  56.452  31.949  -7.124 0.0000000000
99007  57.105  32.238  -5.761 0.0000000000
99967  57.677  32.408  -8.167 0.0000000000
99965  58.652  33.294  -9.056 0.0000000000
149973  57.647  32.470  -10.963 0.0000000000
96612  51.474  28.409  -13.744 0.0000000000
97414  52.257  29.907  -12.809 0.0000000000
97430  52.627  29.891  -14.650 0.0000000000
97448  53.152  29.876  -17.820 0.0000000000
98239  53.979  30.965  -15.907 0.0000000000
99111  55.055  31.819  -16.773 0.0000000000
100015  56.831  32.966  -14.612 0.0000000000
100037  54.551  32.571  -17.560 0.0000000000
100890  53.723  33.350  -17.298 0.0000000000
99125  52.437  31.514  -18.561 0.0000000000
94887  48.678  26.605  -17.135 0.0000000000
96633  49.348  28.838  -17.408 0.0000000000
95782  48.092  27.218  -15.919 0.0000000000
95775  47.517  27.500  -14.658 0.0000000000
102411  58.799  35.266  -0.152 0.0000000000
102555  43.921  35.292  -13.375 0.0000000000
102560  44.959  35.003  -14.368 0.0000000000
98943  51.708  31.961  4.933 0.0000000000
98953  50.373  31.335  4.224 0.0000000000
98123  50.318  30.594  2.491 0.0000000000
97338  49.431  29.985  1.422 0.0000000000
93868  46.904  25.757  -2.620 0.0000000000
131710  53.806  35.484  -7.069 0.0000000000
102507  53.362  35.150  -9.368 0.0000000000
101641  52.359  34.496  -10.839 0.0000000000
132427  51.001  34.172  -12.183 0.0000000000
136062  52.195  34.285  -12.277 0.0000000000
101688  52.005  33.945  -14.280 0.0000000000
100870  51.239  33.479  -16.482 0.0000000000
150221  54.501  31.832  -3.353 0.0000000000
98997  55.934  32.228  -3.780 0.0000000000
99008  54.756  31.512  -5.423 0.0000000000
99030  54.956  31.435  -7.555 0.0000000000
137601  55.449  31.541  -9.020 0.0000000000
95786  52.709  27.467  -17.289 0.0000000000
96626  52.504  28.741  -16.450 0.0000000000
95791  52.931  27.497  -17.881 0.0000000000
95797  52.610  27.723  -18.425 0.0000000000
97462  52.225  29.073  -18.944 0.0000000000
97457  50.975  29.774  -19.066 0.0000000000
95800  50.268  27.172  -19.017 0.0000000000
93987  49.248  25.741  -17.746 0.0000000000
93979  48.485  25.346  -16.497 0.0000000000
90822  49.763  22.666  -12.841 0.0000000000
97326  46.198  29.483  3.673 0.0000000000
96517  47.896  29.462  2.988 0.0000000000
96527  46.722  28.345  2.607 0.0000000000
94749  46.811  27.101  1.824 0.0000000000
93849  46.348  25.613  0.489 0.0000000000
102450  56.241  35.906  -5.299 0.0000000000
131711  57.521  36.231  -7.138 0.0000000000
131707  57.454  36.049  -9.514 0.0000000000
96585  50.600  28.673  -9.608 0.0000000000
97397  51.789  29.884  -9.638 0.0000000000
96601  50.734  28.329  -11.282 0.0000000000
95764  51.045  27.647  -13.146 0.0000000000
94874  51.644  26.811  -14.836 0.0000000000
92988  52.923  24.969  -14.716 0.0000000000
146636  52.783  25.480  -15.312 0.0000000000
94880  52.626  26.519  -16.404 0.0000000000
93984  53.822  25.662  -17.651 0.0000000000
93014  53.028  24.564  -17.905 0.0000000000
141135  52.253  23.258  -16.902 0.0000000000
90849  51.783  22.120  -15.415 0.0000000000
99878  54.988  33.185  2.904 0.0000000000
99901  54.422  32.587  0.879 0.0000000000
98970  51.895  31.452  2.975 0.0000000000
98977  53.006  31.910  1.447 0.0000000000
98985  54.025  32.158  -1.649 0.0000000000
150181  53.121  31.527  -3.244 0.0000000000
98146  52.037  30.693  -4.876 0.0000000000
97364  51.465  30.159  -6.076 0.0000000000
96525  48.462  28.997  1.926 0.0000000000
97339  49.027  29.224  0.834 0.0000000000
97345  48.653  29.518  -0.653 0.0000000000
95704  46.899  27.337  -2.523 0.0000000000
96544  47.833  28.856  -2.625 0.0000000000
97348  49.315  30.053  -2.488 0.0000000000
97356  49.564  29.560  -4.737 0.0000000000
96565  50.240  29.222  -6.334 0.0000000000
150472  50.524  28.940  -7.877 0.0000000000
95748  50.032  27.932  -9.119 0.0000000000
94840  50.038  26.415  -9.846 0.0000000000
92940  51.426  24.517  -10.739 0.0000000000
92917  50.696  24.384  -8.620 0.0000000000
91889  51.899  23.925  -10.110 0.0000000000
97316  44.780  29.794  4.597 0.0000000000
96521  43.492  29.108  3.676 0.0000000000
96514  41.415  28.351  3.997 0.0000000000
104033  51.225  37.089  -6.065 0.0000000000
104050  49.693  37.211  -8.060 0.0000000000
101661  46.675  34.998  -11.278 0.0000000000
101676  46.516  35.137  -13.241 0.0000000000
101692  46.476  34.898  -14.481 0.0000000000
131716  49.380  34.072  -13.111 0.0000000000
101708  47.335  34.528  -14.825 0.0000000000
100863  45.645  33.642  -15.341 0.0000000000
135735  59.171  33.813  -1.853 0.0000000000
99927  57.082  32.482  -3.779 0.0000000000
99931  58.360  32.744  -4.377 0.0000000000
100797  59.516  33.701  -4.021 0.0000000000
101611  59.361  34.223  -6.452 0.0000000000
144021  58.668  34.944  -9.104 0.0000000000
102532  57.897  34.937  -11.402 0.0000000000
97396  52.388  30.318  -10.179 0.0000000000
98209  53.816  31.058  -11.301 0.0000000000
99072  55.444  31.561  -11.690 0.0000000000
97429  53.361  30.429  -15.398 0.0000000000
99091  55.439  31.617  -13.543 0.0000000000
134958  56.698  32.117  -12.513 0.0000000000
99999  57.609  32.778  -12.653 0.0000000000
140756  57.520  34.155  -13.293 0.0000000000
142670  56.634  34.511  -13.562 0.0000000000
135154  54.657  34.226  -15.473 0.0000000000
101730  53.260  33.763  -16.207 0.0000000000
147101  50.656  32.985  -17.455 0.0000000000
98261  50.713  30.335  -18.680 0.0000000000
98245  49.816  30.872  -17.458 0.0000000000
99112  49.345  31.790  -16.971 0.0000000000
97432  48.280  29.833  -14.788 0.0000000000
91903  47.977  23.356  -11.984 0.0000000000
103329  45.410  36.225  -10.746 0.0000000000
103328  45.918  36.039  -10.211 0.0000000000
98108  47.858  30.620  4.517 0.0000000000
97313  47.420  30.075  3.914 0.0000000000
102505  56.368  35.776  -10.272 0.0000000000
148520  55.579  35.584  -10.254 0.0000000000
102521  56.073  35.409  -11.036 0.0000000000
101654  55.164  34.744  -12.414 0.0000000000
101653  56.093  34.838  -12.604 0.0000000000
98178  52.294  30.392  -7.030 0.0000000000
98177  53.019  30.625  -7.263 0.0000000000
97381  52.444  30.382  -7.839 0.0000000000
93022  51.850  25.281  -18.530 0.0000000000
91964  51.252  24.189  -17.633 0.0000000000
93006  50.334  24.446  -17.572 0.0000000000
91954  50.783  23.865  -17.126 0.0000000000
91943  50.544  23.230  -15.822 0.0000000000
90858  50.956  23.377  -16.562 0.0000000000
103284  58.895  35.545  -2.092 0.0000000000
102422  58.949  35.610  -2.812 0.0000000000
102429  58.824  35.711  -3.717 0.0000000000
102428  59.298  35.061  -4.090 0.0000000000
92952  51.720  24.559  -11.547 0.0000000000
93948  51.446  25.081  -12.135 0.0000000000
150222  52.068  24.536  -12.258 0.0000000000
93003  56.162  24.830  -16.589 0.0000000000
91950  55.847  24.427  -17.019 0.0000000000
90855  55.188  23.876  -17.157 0.0000000000
154354  44.565  32.923  -14.022 0.0000000000
152287  50.695  30.713  0.431 0.0000000000
98134  50.737  30.879  -1.088 0.0000000000
98137  50.834  30.840  -2.418 0.0000000000
98138  50.034  30.488  -1.805 0.0000000000
94774  47.074  26.621  0.268 0.0000000000
141144  47.669  27.452  0.437 0.0000000000
93892  48.602  25.921  -5.789 0.0000000000
94809  48.221  26.832  -5.427 0.0000000000
93903  48.894  26.150  -6.521 0.0000000000
93902  49.267  25.850  -7.097 0.0000000000
93914  49.526  25.798  -7.905 0.0000000000
92908  49.643  25.021  -7.369 0.0000000000
101631  51.876  34.649  -9.826 0.0000000000
102509  51.244  34.815  -8.965 0.0000000000
101632  50.945  34.574  -9.645 0.0000000000
134623  49.990  34.519  -9.548 0.0000000000
101644  49.673  34.309  -10.376 0.0000000000
101658  50.323  34.210  -11.244 0.0000000000
100871  50.097  33.498  -16.382 0.0000000000
101732  48.416  33.614  -16.218 0.0000000000
100884  48.456  33.265  -16.425 0.0000000000
99114  47.817  32.410  -16.048 0.0000000000
100031  48.684  32.636  -16.546 0.0000000000
99906  55.981  32.866  -0.421 0.0000000000
99913  55.821  32.599  -1.468 0.0000000000
99050  56.670  31.949  -9.325 0.0000000000
99038  57.089  32.162  -7.606 0.0000000000
99049  57.182  32.192  -8.810 0.0000000000
99976  57.765  32.485  -9.333 0.0000000000
99059  57.304  32.253  -10.055 0.0000000000
96619  51.760  28.272  -14.856 0.0000000000
97431  51.919  29.107  -14.268 0.0000000000
96618  52.251  28.962  -15.373 0.0000000000
97455  52.918  30.125  -18.244 0.0000000000
98250  54.330  31.386  -16.990 0.0000000000
153967  54.002  31.367  -17.412 0.0000000000
100029  55.224  32.381  -17.058 0.0000000000
99116  54.009  31.791  -17.768 0.0000000000
99123  53.743  32.458  -18.004 0.0000000000
99124  53.260  31.650  -18.206 0.0000000000
93973  48.066  25.806  -16.127 0.0000000000
94888  48.268  26.534  -16.445 0.0000000000
94882  47.695  26.461  -15.579 0.0000000000
94875  47.128  26.183  -14.845 0.0000000000
103346  44.504  36.181  -12.551 0.0000000000
102545  44.994  36.023  -13.158 0.0000000000
102554  44.649  35.524  -13.698 0.0000000000
102553  45.339  35.523  -13.799 0.0000000000
98945  50.505  31.752  5.290 0.0000000000
98954  49.760  31.503  4.956 0.0000000000
97323  49.240  30.183  2.468 0.0000000000
98118  49.739  30.601  3.045 0.0000000000
98124  49.738  30.474  2.524 0.0000000000
97335  49.909  30.342  1.722 0.0000000000
97336  49.328  29.993  1.616 0.0000000000
102451  55.232  35.701  -5.718 0.0000000000
131712  54.113  35.527  -5.511 0.0000000000
102480  54.827  35.701  -7.337 0.0000000000
102506  54.598  35.472  -9.678 0.0000000000
102494  53.767  35.419  -8.645 0.0000000000
102523  54.055  35.035  -10.412 0.0000000000
102524  52.917  34.809  -10.103 0.0000000000
155355  52.244  34.380  -11.523 0.0000000000
101656  52.995  34.419  -11.804 0.0000000000
101686  53.762  34.387  -14.063 0.0000000000
101687  52.779  34.189  -13.763 0.0000000000
101703  53.068  34.072  -14.841 0.0000000000
101704  52.042  33.780  -15.210 0.0000000000
101718  52.754  33.776  -15.777 0.0000000000
131442  54.348  31.581  -4.166 0.0000000000
130923  54.163  31.438  -4.929 0.0000000000
98176  53.721  30.943  -7.553 0.0000000000
98164  54.315  31.251  -7.080 0.0000000000
98175  54.330  31.242  -7.794 0.0000000000
99040  55.511  31.601  -8.141 0.0000000000
98193  54.703  31.346  -9.252 0.0000000000
94886  53.070  26.792  -17.598 0.0000000000
94891  53.080  26.628  -18.104 0.0000000000
95798  52.160  27.216  -19.016 0.0000000000
96645  52.545  28.481  -18.526 0.0000000000
95805  51.799  27.762  -19.252 0.0000000000
95806  51.267  28.259  -19.377 0.0000000000
95799  51.167  27.264  -19.289 0.0000000000
93017  49.693  25.103  -17.743 0.0000000000
93008  48.997  25.200  -17.134 0.0000000000
132703  48.724  24.765  -16.405 0.0000000000
91945  48.889  23.901  -15.355 0.0000000000
91935  50.119  23.135  -14.818 0.0000000000
90831  49.946  22.846  -13.783 0.0000000000
97327  45.286  29.453  3.767 0.0000000000
96519  45.936  28.974  3.056 0.0000000000
95673  46.288  27.653  2.176 0.0000000000
137850  46.208  26.457  1.424 0.0000000000
94760  47.054  26.708  1.453 0.0000000000
93841  46.380  26.042  1.038 0.0000000000
102464  58.209  36.071  -6.470 0.0000000000
131714  57.246  36.144  -6.063 0.0000000000
102477  58.110  36.048  -7.484 0.0000000000
150420  57.623  36.248  -7.967 0.0000000000
157570  57.897  36.014  -8.553 0.0000000000
95754  50.257  27.880  -10.043 0.0000000000
96593  50.672  28.528  -10.469 0.0000000000
95759  50.418  27.696  -10.826 0.0000000000
94860  51.224  26.199  -13.339 0.0000000000
95765  50.692  27.171  -12.367 0.0000000000
94866  51.222  26.852  -13.831 0.0000000000
92976  52.889  24.561  -13.837 0.0000000000
133574  53.997  24.609  -14.864 0.0000000000
92996  55.116  25.268  -16.581 0.0000000000
93964  53.587  25.229  -15.691 0.0000000000
93972  53.109  25.789  -16.218 0.0000000000
93978  53.382  26.204  -17.137 0.0000000000
145789  53.890  25.693  -17.336 0.0000000000
91951  54.151  23.490  -17.062 0.0000000000
91961  53.993  24.309  -17.587 0.0000000000
91962  53.109  23.694  -17.342 0.0000000000
91952  53.087  22.928  -16.577 0.0000000000
99872  54.113  32.954  4.367 0.0000000000
99879  54.479  33.029  3.727 0.0000000000
144731  54.081  32.685  3.101 0.0000000000
99895  54.499  32.693  1.548 0.0000000000
142699  53.756  32.333  1.308 0.0000000000
131543  51.389  31.207  3.271 0.0000000000
98963  52.029  31.650  3.633 0.0000000000
98983  52.041  31.508  -0.038 0.0000000000
98978  52.278  31.563  1.362 0.0000000000
98982  52.569  31.750  0.360 0.0000000000
98981  53.154  32.035  0.577 0.0000000000
98987  53.150  31.905  -1.552 0.0000000000
98992  53.729  31.820  -2.645 0.0000000000
98993  52.805  31.602  -2.460 0.0000000000
98140  51.772  30.907  -3.960 0.0000000000
98153  51.937  30.482  -5.634 0.0000000000
98154  51.340  30.292  -5.349 0.0000000000
96526  47.851  28.607  2.449 0.0000000000
152977  48.423  29.198  2.330 0.0000000000
95670  48.477  28.460  1.723 0.0000000000
96536  47.976  28.236  0.217 0.0000000000
96533  48.716  28.771  1.299 0.0000000000
96535  48.605  28.731  0.814 0.0000000000
97342  48.875  29.349  0.470 0.0000000000
96538  48.238  28.909  -0.117 0.0000000000
93875  47.300  25.849  -3.447 0.0000000000
94785  46.688  26.542  -2.145 0.0000000000
94791  46.955  26.541  -3.076 0.0000000000
96545  47.656  28.254  -3.620 0.0000000000
134455  48.174  28.916  -3.610 0.0000000000
97354  48.645  29.482  -3.098 0.0000000000
97357  48.752  29.290  -4.107 0.0000000000
97353  49.441  29.891  -3.643 0.0000000000
96547  48.815  28.939  -4.821 0.0000000000
96566  49.703  28.426  -6.733 0.0000000000
134980  49.673  28.831  -6.079 0.0000000000
96572  50.389  29.047  -7.083 0.0000000000
95742  50.107  28.321  -8.309 0.0000000000
93924  50.198  25.241  -9.054 0.0000000000
93935  49.925  25.935  -9.329 0.0000000000
93934  50.335  25.558  -9.805 0.0000000000
92941  50.745  25.035  -10.376 0.0000000000
136017  51.224  24.479  -10.042 0.0000000000
92906  51.049  23.776  -7.753 0.0000000000
91873  51.973  23.701  -9.328 0.0000000000
91872  52.601  23.510  -9.652 0.0000000000
97302  44.436  30.145  5.234 0.0000000000
97318  43.106  29.633  4.977 0.0000000000
96512  42.874  29.255  4.391 0.0000000000
96522  42.470  28.603  3.560 0.0000000000
138743  42.102  28.926  4.380 0.0000000000
103302  50.898  36.227  -6.029 0.0000000000
135062  50.781  36.819  -6.702 0.0000000000
104040  50.347  37.246  -7.487 0.0000000000
103315  49.759  36.358  -7.468 0.0000000000
154728  48.784  34.996  -8.726 0.0000000000
102513  47.184  35.297  -9.434 0.0000000000
102525  46.498  35.449  -10.284 0.0000000000
101634  47.268  34.762  -10.344 0.0000000000
149016  47.645  34.540  -12.564 0.0000000000
136504  46.932  34.836  -12.254 0.0000000000
156588  47.084  34.757  -12.912 0.0000000000
102552  45.933  35.383  -13.893 0.0000000000
101672  50.516  33.972  -13.084 0.0000000000
100872  47.102  33.948  -16.108 0.0000000000
101723  47.396  34.240  -15.749 0.0000000000
101724  46.581  34.193  -15.733 0.0000000000
101725  46.030  34.145  -15.520 0.0000000000
100023  46.160  33.289  -15.619 0.0000000000
143545  45.867  32.767  -14.937 0.0000000000
142522  46.445  32.848  -15.502 0.0000000000
99101  47.475  31.441  -14.491 0.0000000000
149836  57.215  34.185  3.049 0.0000000000
99904  57.594  33.297  -0.876 0.0000000000
100782  57.765  33.682  0.477 0.0000000000
100790  58.064  33.372  -1.154 0.0000000000
100788  58.857  33.843  -1.003 0.0000000000
100793  58.717  33.449  -2.232 0.0000000000
99002  55.818  32.012  -4.492 0.0000000000
99928  56.522  32.400  -3.603 0.0000000000
133243  56.473  32.136  -5.024 0.0000000000
99949  57.672  32.431  -5.963 0.0000000000
99932  57.664  32.488  -4.820 0.0000000000
99937  58.188  32.615  -5.188 0.0000000000
99924  59.061  33.159  -3.924 0.0000000000
100799  59.274  33.348  -5.069 0.0000000000
101605  59.483  34.068  -5.504 0.0000000000
100814  59.150  33.543  -6.841 0.0000000000
100829  58.518  33.242  -9.979 0.0000000000
146170  59.051  34.060  -9.041 0.0000000000
101629  58.630  34.278  -10.447 0.0000000000
101630  58.425  34.926  -10.098 0.0000000000
101651  58.161  34.425  -11.746 0.0000000000
97404  51.744  29.749  -10.529 0.0000000000
97403  52.337  30.215  -11.030 0.0000000000
98218  52.928  30.538  -12.497 0.0000000000
98210  53.017  30.625  -11.575 0.0000000000
98217  53.760  31.021  -12.204 0.0000000000
98208  54.655  31.329  -11.050 0.0000000000
98216  54.630  31.342  -11.930 0.0000000000
97437  52.815  29.631  -15.925 0.0000000000
97436  53.360  30.264  -16.422 0.0000000000
99104  55.418  31.786  -15.566 0.0000000000
98238  54.699  31.390  -15.274 0.0000000000
99099  55.417  31.710  -14.596 0.0000000000
99080  56.161  31.841  -13.075 0.0000000000
99090  56.153  31.946  -14.019 0.0000000000
99078  57.261  32.405  -12.369 0.0000000000
99079  56.713  32.256  -13.493 0.0000000000
100027  56.099  33.281  -16.004 0.0000000000
100014  57.208  33.400  -14.021 0.0000000000
101698  57.011  33.901  -14.253 0.0000000000
132843  57.132  34.480  -13.298 0.0000000000
101684  56.205  34.376  -14.232 0.0000000000
101701  55.463  34.330  -14.875 0.0000000000
101716  55.348  34.163  -15.515 0.0000000000
100040  52.309  32.911  -17.811 0.0000000000
100880  53.293  33.580  -16.789 0.0000000000
100891  52.365  33.374  -17.135 0.0000000000
100892  51.460  33.142  -17.383 0.0000000000
96646  50.563  28.769  -19.065 0.0000000000
151062  50.368  29.652  -18.628 0.0000000000
97458  49.882  28.817  -18.408 0.0000000000
97444  48.937  29.271  -16.437 0.0000000000
97443  49.463  29.946  -16.954 0.0000000000
98246  49.274  30.869  -16.569 0.0000000000
144581  49.060  30.112  -16.226 0.0000000000
98240  48.763  30.745  -15.844 0.0000000000
97438  48.641  29.736  -15.556 0.0000000000
95776  46.993  26.868  -14.234 0.0000000000
95770  47.264  27.795  -13.869 0.0000000000
91928  48.454  23.612  -13.841 0.0000000000
91918  48.234  23.481  -12.963 0.0000000000
103340  44.687  36.333  -11.828 0.0000000000
103339  45.246  36.231  -11.577 0.0000000000
103344  45.619  35.986  -11.969 0.0000000000
98094  49.121  31.256  4.735 0.0000000000
98107  48.780  30.760  4.130 0.0000000000
98119  49.118  30.418  3.149 0.0000000000
131709  56.253  36.088  -8.543 0.0000000000
131708  55.213  35.852  -8.277 0.0000000000
132430  55.626  35.845  -9.351 0.0000000000
102522  55.138  35.250  -10.777 0.0000000000
102536  54.664  34.845  -11.433 0.0000000000
101655  54.096  34.613  -12.161 0.0000000000
101670  54.564  34.588  -13.121 0.0000000000
101685  54.713  34.517  -14.015 0.0000000000
98152  52.659  30.784  -5.608 0.0000000000
98151  53.454  31.062  -5.983 0.0000000000
98186  53.170  30.652  -8.087 0.0000000000
141206  53.212  30.706  -8.958 0.0000000000
93021  52.592  25.115  -18.315 0.0000000000
93991  52.732  25.881  -18.442 0.0000000000
93992  51.906  25.943  -18.763 0.0000000000
93023  50.996  25.650  -18.668 0.0000000000
94899  50.613  26.439  -18.932 0.0000000000
93016  50.360  25.123  -18.188 0.0000000000
93007  49.469  24.545  -16.999 0.0000000000
133996  50.797  22.409  -14.235 0.0000000000
152795  44.141  28.946  3.073 0.0000000000
96528  45.592  28.357  2.547 0.0000000000
96529  44.547  28.411  2.485 0.0000000000
139106  57.442  36.042  -4.341 0.0000000000
102430  57.979  36.071  -3.704 0.0000000000
102448  58.812  35.643  -5.754 0.0000000000
155593  50.561  26.059  -11.376 0.0000000000
94854  50.574  26.596  -11.829 0.0000000000
93949  50.850  25.781  -12.001 0.0000000000
93955  51.287  25.595  -12.781 0.0000000000
93961  51.697  25.493  -13.654 0.0000000000
92987  55.184  25.026  -15.873 0.0000000000
134048  55.838  25.082  -16.535 0.0000000000
93970  55.226  25.299  -16.970 0.0000000000
93977  54.537  25.378  -17.343 0.0000000000
91959  55.305  24.609  -17.292 0.0000000000
91960  54.725  24.221  -17.413 0.0000000000
99880  53.546  32.466  3.709 0.0000000000
98126  51.001  30.750  1.966 0.0000000000
98975  51.471  31.088  2.204 0.0000000000
98128  51.046  30.801  1.432 0.0000000000
147547  51.421  31.110  0.560 0.0000000000
98994  52.127  31.376  -2.429 0.0000000000
98133  51.497  31.235  -1.823 0.0000000000
98141  50.991  30.675  -3.551 0.0000000000
94767  47.812  27.064  1.450 0.0000000000
95684  48.315  27.798  1.717 0.0000000000
95690  48.233  27.581  1.245 0.0000000000
95697  47.284  27.781  -0.582 0.0000000000
94798  47.349  26.489  -3.791 0.0000000000
146770  47.661  26.843  -4.530 0.0000000000
95716  48.095  27.664  -4.982 0.0000000000
96557  48.571  28.333  -5.127 0.0000000000
96556  49.197  28.760  -5.506 0.0000000000
95726  48.691  27.757  -5.745 0.0000000000
95731  49.145  27.591  -6.516 0.0000000000
95738  49.476  27.543  -7.271 0.0000000000
95743  49.702  27.456  -8.195 0.0000000000
94827  49.409  26.655  -7.622 0.0000000000
93925  49.739  25.848  -8.680 0.0000000000
91862  52.501  23.274  -8.124 0.0000000000
131723  54.016  23.195  -9.056 0.0000000000
102495  52.477  35.204  -8.251 0.0000000000
155774  52.127  35.329  -7.327 0.0000000000
102483  51.173  35.319  -7.358 0.0000000000
156297  50.379  35.573  -7.611 0.0000000000
102511  49.433  34.928  -8.741 0.0000000000
147335  48.815  34.506  -9.478 0.0000000000
101645  48.119  34.405  -10.333 0.0000000000
101659  48.526  34.300  -11.072 0.0000000000
131719  48.659  34.224  -12.082 0.0000000000
101705  50.334  33.810  -15.202 0.0000000000
101706  49.313  34.012  -15.001 0.0000000000
101733  47.840  34.009  -16.051 0.0000000000
100033  47.084  33.529  -16.140 0.0000000000
135253  47.137  32.928  -16.023 0.0000000000
99106  47.525  31.900  -15.305 0.0000000000
99100  47.927  31.198  -14.937 0.0000000000
99893  56.372  33.377  1.174 0.0000000000
100779  56.959  33.794  1.675 0.0000000000
99899  56.674  33.257  0.260 0.0000000000
99905  57.020  33.207  -0.500 0.0000000000
140496  57.288  32.903  -2.250 0.0000000000
99018  56.614  32.031  -6.149 0.0000000000
145130  56.734  32.138  -5.576 0.0000000000
99028  57.069  32.178  -6.522 0.0000000000
99959  57.626  32.385  -7.018 0.0000000000
99958  58.209  32.639  -7.606 0.0000000000
99957  58.751  33.003  -7.210 0.0000000000
99966  58.220  32.724  -8.675 0.0000000000
99975  58.254  32.826  -9.704 0.0000000000
99983  58.091  32.865  -11.350 0.0000000000
97415  51.695  29.433  -12.258 0.0000000000
97407  52.287  30.093  -11.890 0.0000000000
97423  51.723  29.241  -13.232 0.0000000000
97422  52.228  29.719  -13.680 0.0000000000
98225  52.805  30.345  -13.507 0.0000000000
97441  53.283  30.085  -17.204 0.0000000000
98244  53.859  30.887  -16.754 0.0000000000
98243  54.715  31.468  -16.278 0.0000000000
99089  56.592  32.443  -14.366 0.0000000000
99110  55.590  32.286  -16.430 0.0000000000
100028  55.681  32.875  -16.552 0.0000000000
100877  55.533  33.505  -16.397 0.0000000000
100878  54.882  33.538  -16.795 0.0000000000
100889  54.456  33.263  -17.259 0.0000000000
100039  53.308  33.002  -17.819 0.0000000000
100047  51.942  32.153  -18.442 0.0000000000
95793  49.105  27.067  -17.680 0.0000000000
96639  49.008  27.894  -17.355 0.0000000000
95787  48.568  27.350  -16.783 0.0000000000
96634  48.751  28.318  -16.670 0.0000000000
151861  48.392  27.891  -16.091 0.0000000000
96629  48.048  27.969  -15.285 0.0000000000
141299  47.706  27.194  -15.286 0.0000000000
144039  47.391  26.828  -14.921 0.0000000000
102416  59.178  35.097  -1.748 0.0000000000
101693  44.239  34.745  -13.972 0.0000000000
101711  44.649  34.219  -14.479 0.0000000000
98952  51.047  31.598  4.579 0.0000000000
98964  50.838  31.103  3.602 0.0000000000
98105  50.226  30.922  3.470 0.0000000000
98117  50.320  30.736  3.057 0.0000000000
98116  50.910  30.842  3.006 0.0000000000
98127  50.394  30.546  2.065 0.0000000000
98129  50.230  30.437  1.455 0.0000000000
98131  49.833  30.218  0.794 0.0000000000
93869  46.641  25.810  -1.677 0.0000000000
93862  46.931  24.815  -2.037 0.0000000000
92864  47.438  25.099  -3.062 0.0000000000
154594  47.688  25.331  -3.777 0.0000000000
93874  48.113  25.258  -4.379 0.0000000000
92885  48.569  25.217  -5.103 0.0000000000
133155  48.934  25.108  -5.708 0.0000000000
92896  49.589  24.746  -6.641 0.0000000000
102468  53.439  35.455  -6.159 0.0000000000
102481  54.240  35.600  -7.988 0.0000000000
102482  53.191  35.371  -7.690 0.0000000000
101642  51.459  34.479  -10.385 0.0000000000
101657  51.454  34.330  -11.250 0.0000000000
101671  51.731  34.096  -13.208 0.0000000000
148656  53.419  34.404  -12.998 0.0000000000
157869  52.533  34.247  -13.061 0.0000000000
101689  51.147  33.835  -14.708 0.0000000000
138218  51.235  33.711  -15.449 0.0000000000
101720  50.718  33.627  -15.933 0.0000000000
98991  54.694  32.137  -2.494 0.0000000000
99922  55.572  32.374  -2.366 0.0000000000
98990  55.351  32.164  -3.189 0.0000000000
131572  55.640  31.798  -5.213 0.0000000000
99021  54.348  31.343  -6.209 0.0000000000
99020  55.354  31.612  -5.944 0.0000000000
99019  55.932  31.785  -6.464 0.0000000000
99029  55.685  31.671  -7.299 0.0000000000
137417  56.068  31.767  -8.726 0.0000000000
99051  56.086  31.731  -9.660 0.0000000000
95780  52.312  27.327  -16.436 0.0000000000
146290  52.466  28.004  -16.755 0.0000000000
96632  52.699  28.356  -17.349 0.0000000000
136350  52.707  27.125  -18.433 0.0000000000
96637  52.857  28.315  -17.938 0.0000000000
97449  52.940  29.149  -17.589 0.0000000000
151176  52.947  28.969  -18.035 0.0000000000
97456  52.745  29.362  -18.388 0.0000000000
98265  52.403  29.899  -18.711 0.0000000000
98266  51.668  29.627  -19.101 0.0000000000
97464  51.181  29.057  -19.294 0.0000000000
96647  50.008  27.945  -18.809 0.0000000000
94900  49.954  26.543  -18.681 0.0000000000
94892  49.455  26.392  -18.166 0.0000000000
93980  48.627  25.901  -17.012 0.0000000000
92990  47.645  24.554  -14.940 0.0000000000
150648  49.313  23.550  -14.940 0.0000000000
132267  49.273  23.381  -14.214 0.0000000000
91917  49.119  23.237  -13.323 0.0000000000
97314  46.512  29.934  4.305 0.0000000000
97325  47.009  29.586  3.548 0.0000000000
96518  46.979  29.029  3.049 0.0000000000
95672  47.397  27.752  2.216 0.0000000000
94759  47.730  27.320  1.897 0.0000000000
94768  47.031  26.401  0.888 0.0000000000
149642  46.630  25.989  0.178 0.0000000000
154263  55.463  35.781  -5.091 0.0000000000
131713  56.118  35.879  -6.119 0.0000000000
132625  57.391  36.053  -5.057 0.0000000000
102465  56.494  36.059  -6.884 0.0000000000
102478  56.879  36.201  -7.814 0.0000000000
132435  57.490  35.691  -10.415 0.0000000000
97398  51.157  29.408  -9.147 0.0000000000
97389  51.890  30.040  -8.607 0.0000000000
96584  51.164  29.254  -10.059 0.0000000000
96592  51.164  29.095  -10.912 0.0000000000
96600  51.213  28.880  -11.751 0.0000000000
143840  50.556  27.458  -11.584 0.0000000000
96607  50.841  28.040  -12.125 0.0000000000
96606  51.292  28.620  -12.687 0.0000000000
95774  51.441  27.567  -14.300 0.0000000000
95781  51.810  27.477  -15.376 0.0000000000
93960  52.301  25.031  -13.941 0.0000000000
135954  52.229  25.514  -14.527 0.0000000000
94873  52.213  26.110  -15.366 0.0000000000
94881  52.050  26.839  -15.715 0.0000000000
153088  52.806  26.847  -17.098 0.0000000000
94885  53.474  26.158  -17.646 0.0000000000
93013  53.964  25.084  -17.709 0.0000000000
93020  53.323  25.436  -18.066 0.0000000000
91963  52.147  23.920  -17.560 0.0000000000
153213  51.634  23.102  -16.541 0.0000000000
90857  52.188  22.534  -16.138 0.0000000000
131022  55.915  33.730  3.181 0.0000000000
99894  55.486  33.126  1.525 0.0000000000
99907  54.761  32.612  0.159 0.0000000000
151245  52.178  31.966  4.473 0.0000000000
99881  52.778  32.124  4.110 0.0000000000
98962  52.642  31.893  3.248 0.0000000000
153548  51.838  31.323  1.855 0.0000000000
155802  52.758  31.792  2.008 0.0000000000
99896  53.387  32.144  1.985 0.0000000000
99902  53.804  32.329  0.709 0.0000000000
99908  54.040  32.341  -0.128 0.0000000000
99915  54.263  32.320  -0.944 0.0000000000
98999  53.709  31.560  -3.651 0.0000000000
99005  52.988  31.313  -3.971 0.0000000000
99000  52.397  31.299  -3.363 0.0000000000
98139  52.391  31.075  -4.219 0.0000000000
98145  52.813  31.114  -4.762 0.0000000000
98167  52.133  30.452  -6.266 0.0000000000
97373  51.605  30.079  -6.813 0.0000000000
97332  48.769  29.618  2.253 0.0000000000
95683  48.547  28.282  1.492 0.0000000000
96531  48.619  28.903  1.495 0.0000000000
96532  48.915  29.379  1.434 0.0000000000
138321  49.312  29.770  0.899 0.0000000000
97344  49.274  30.058  -1.216 0.0000000000
94786  46.646  26.533  -1.286 0.0000000000
95705  46.791  27.261  -1.464 0.0000000000
96542  47.245  28.169  -1.730 0.0000000000
95710  47.284  27.315  -3.579 0.0000000000
147742  47.293  28.024  -2.860 0.0000000000
96541  47.936  28.992  -1.292 0.0000000000
97349  48.540  29.584  -1.919 0.0000000000
97352  50.303  30.247  -4.146 0.0000000000
97355  50.537  30.007  -5.066 0.0000000000
96555  49.996  29.399  -5.616 0.0000000000
97365  50.792  29.774  -5.831 0.0000000000
97374  50.956  29.637  -6.571 0.0000000000
97383  51.078  29.540  -7.352 0.0000000000
97390  51.156  29.479  -8.213 0.0000000000
96577  50.556  28.826  -8.721 0.0000000000
94841  49.791  26.768  -9.048 0.0000000000
147161  49.990  27.228  -9.714 0.0000000000
142976  50.163  27.021  -10.392 0.0000000000
146370  50.377  25.997  -10.619 0.0000000000
92907  50.320  24.402  -7.658 0.0000000000
91863  51.669  23.667  -8.547 0.0000000000
92926  51.358  24.157  -9.373 0.0000000000
92939  52.217  24.014  -11.018 0.0000000000
98110  46.033  30.296  5.129 0.0000000000
97315  45.638  29.849  4.506 0.0000000000
97328  44.391  29.377  3.790 0.0000000000
97303  43.641  30.011  5.294 0.0000000000
97317  43.807  29.653  4.616 0.0000000000
96503  41.473  28.980  4.838 0.0000000000
95663  41.758  27.843  3.163 0.0000000000
103316  49.253  36.459  -7.943 0.0000000000
152622  48.873  36.669  -8.307 0.0000000000
104051  49.238  37.169  -8.382 0.0000000000
102526  46.009  35.716  -11.225 0.0000000000
101662  46.219  35.457  -12.200 0.0000000000
102559  45.693  35.034  -14.547 0.0000000000
101710  45.433  34.371  -14.977 0.0000000000
101673  49.860  34.075  -12.130 0.0000000000
101674  48.321  34.350  -13.260 0.0000000000
101690  48.900  34.200  -14.124 0.0000000000
101691  48.032  34.430  -14.192 0.0000000000
101709  46.098  34.585  -15.236 0.0000000000
100018  45.064  33.138  -14.652 0.0000000000
100009  45.312  32.473  -13.829 0.0000000000
100778  57.595  33.887  1.291 0.0000000000
101594  58.594  34.137  0.173 0.0000000000
101598  59.219  34.444  -1.350 0.0000000000
156004  59.434  34.037  -2.352 0.0000000000
99921  56.138  32.399  -3.061 0.0000000000
99920  56.875  32.603  -3.023 0.0000000000
99919  57.663  32.834  -3.077 0.0000000000
99939  57.103  32.303  -5.209 0.0000000000
99926  57.723  32.609  -4.041 0.0000000000
99918  58.304  33.168  -2.647 0.0000000000
99917  58.885  33.305  -3.044 0.0000000000
100795  59.385  33.684  -3.334 0.0000000000
101601  59.551  34.371  -3.623 0.0000000000
101603  59.552  34.344  -4.263 0.0000000000
102447  59.181  34.961  -6.068 0.0000000000
102462  59.011  35.075  -7.091 0.0000000000
100820  59.038  33.610  -8.005 0.0000000000
101624  59.096  34.459  -8.347 0.0000000000
102476  58.464  35.697  -7.801 0.0000000000
102503  58.227  35.407  -9.633 0.0000000000
102518  57.967  35.319  -10.541 0.0000000000
102533  57.029  35.135  -11.936 0.0000000000
97388  52.482  30.380  -9.295 0.0000000000
98195  53.143  30.702  -9.853 0.0000000000
98202  53.083  30.664  -10.720 0.0000000000
98194  53.907  31.074  -9.526 0.0000000000
98200  54.674  31.322  -10.170 0.0000000000
99062  55.451  31.544  -10.825 0.0000000000
99061  56.114  31.755  -10.563 0.0000000000
98232  53.463  30.690  -14.306 0.0000000000
143261  53.984  31.006  -15.009 0.0000000000
98231  54.464  31.313  -14.113 0.0000000000
98223  54.595  31.304  -12.904 0.0000000000
99081  55.439  31.566  -12.559 0.0000000000
147582  56.037  31.799  -12.274 0.0000000000
141011  56.666  31.969  -11.049 0.0000000000
99070  56.973  32.168  -11.730 0.0000000000
99992  57.588  32.526  -11.798 0.0000000000
99991  57.980  33.044  -12.248 0.0000000000
100008  57.104  32.741  -13.857 0.0000000000
100007  57.498  33.029  -13.359 0.0000000000
100849  58.032  33.611  -12.546 0.0000000000
101666  57.569  34.426  -12.804 0.0000000000
102542  57.172  34.809  -12.545 0.0000000000
102543  56.704  34.906  -12.490 0.0000000000
101668  56.206  34.638  -13.390 0.0000000000
142264  55.539  34.507  -14.106 0.0000000000
101717  53.683  34.065  -15.623 0.0000000000
101728  54.918  33.958  -16.197 0.0000000000
101729  54.011  33.941  -16.216 0.0000000000
100869  52.370  33.576  -16.503 0.0000000000
100882  50.622  33.278  -16.946 0.0000000000
100893  49.906  33.012  -17.144 0.0000000000
154375  51.425  30.184  -19.033 0.0000000000
98260  51.233  30.724  -18.815 0.0000000000
98252  50.709  31.070  -18.399 0.0000000000
97450  49.904  29.752  -17.869 0.0000000000
98253  50.308  30.482  -18.196 0.0000000000
99117  50.553  31.899  -18.082 0.0000000000
99118  49.929  31.874  -17.609 0.0000000000
99113  48.695  31.690  -16.289 0.0000000000
98233  48.331  30.588  -15.134 0.0000000000
97433  47.946  29.418  -14.197 0.0000000000
96621  47.740  28.409  -14.396 0.0000000000
90850  51.352  22.800  -15.973 0.0000000000
90854  55.802  23.591  -16.730 0.0000000000
93005  55.180  25.099  -17.223 0.0000000000
94867  50.904  26.844  -13.039 0.0000000000
94893  48.987  26.308  -17.594 0.0000000000
95792  49.663  27.151  -18.478 0.0000000000
95804  52.251  27.875  -18.906 0.0000000000
96524  48.855  29.497  1.639 0.0000000000
96620  48.266  28.983  -14.957 0.0000000000
96651  52.010  28.356  -19.141 0.0000000000
97324  48.707  29.804  2.611 0.0000000000
97330  49.804  30.361  2.055 0.0000000000
97333  48.441  28.807  2.019 0.0000000000
97341  49.300  29.932  0.046 0.0000000000
97463  51.668  28.855  -19.239 0.0000000000
98122  50.881  30.733  2.416 0.0000000000
98201  53.868  31.048  -10.433 0.0000000000
98234  47.937  30.514  -14.337 0.0000000000
98251  53.649  30.776  -17.343 0.0000000000
98257  53.413  30.902  -17.885 0.0000000000
98259  51.951  30.591  -18.857 0.0000000000
98973  52.517  31.725  2.477 0.0000000000
98974  52.190  31.523  2.000 0.0000000000
98979  51.792  31.306  0.989 0.0000000000
98986  53.400  32.131  -0.546 0.0000000000
98988  52.266  31.555  -1.354 0.0000000000
98996  56.510  32.289  -4.238 0.0000000000
98998  55.179  31.853  -3.938 0.0000000000
99003  54.997  31.661  -4.686 0.0000000000
99004  53.555  31.377  -4.467 0.0000000000
99009  54.005  31.334  -5.569 0.0000000000
99039  56.597  31.965  -8.251 0.0000000000
99041  54.812  31.390  -8.373 0.0000000000
99052  55.431  31.527  -9.923 0.0000000000
99069  57.175  32.200  -11.013 0.0000000000
99071  56.231  31.845  -11.530 0.0000000000
99097  56.347  32.626  -15.183 0.0000000000
99103  56.095  32.730  -15.948 0.0000000000
99126  51.739  31.370  -18.716 0.0000000000
99127  51.198  31.685  -18.493 0.0000000000
99888  55.036  33.038  2.099 0.0000000000
99889  54.184  32.659  2.393 0.0000000000
99910  58.215  33.303  -1.856 0.0000000000
99911  57.711  33.188  -1.595 0.0000000000
99925  58.378  32.936  -3.524 0.0000000000
99930  58.901  32.955  -4.715 0.0000000000
99933  57.106  32.378  -4.562 0.0000000000
99936  58.822  32.947  -5.431 0.0000000000
99938  57.510  32.409  -5.374 0.0000000000
99948  58.327  32.686  -5.812 0.0000000000
99984  57.927  32.603  -10.379 0.0000000000
100000  57.214  32.535  -13.067 0.0000000000
100016  47.022  32.636  -15.708 0.0000000000
100021  56.456  33.137  -15.343 0.0000000000
100030  49.564  32.540  -17.120 0.0000000000
100036  55.149  33.073  -17.062 0.0000000000
100038  53.988  33.007  -17.655 0.0000000000
100042  50.270  32.553  -17.605 0.0000000000
100046  52.878  32.363  -18.282 0.0000000000
100775  55.969  33.510  2.155 0.0000000000
100781  58.594  33.872  -0.342 0.0000000000
100783  57.225  33.584  0.778 0.0000000000
100785  58.277  33.592  -0.659 0.0000000000
100786  57.898  33.442  -0.606 0.0000000000
100789  58.528  33.531  -1.452 0.0000000000
100792  59.254  33.703  -2.604 0.0000000000
100806  59.208  33.456  -5.877 0.0000000000
100828  58.768  33.783  -9.822 0.0000000000
100836  58.600  33.576  -10.586 0.0000000000
100837  58.336  32.995  -10.583 0.0000000000
100842  58.536  34.028  -11.230 0.0000000000
100843  58.296  33.624  -11.909 0.0000000000
100850  57.790  33.317  -12.893 0.0000000000
100855  57.830  33.929  -12.962 0.0000000000
100856  57.559  33.644  -13.407 0.0000000000
100862  56.758  33.532  -14.711 0.0000000000
100864  45.029  33.772  -14.825 0.0000000000
100867  56.259  33.697  -15.394 0.0000000000
100868  55.938  33.629  -15.936 0.0000000000
100873  46.459  33.777  -15.853 0.0000000000
100879  54.213  33.636  -16.766 0.0000000000
100881  51.639  33.394  -16.906 0.0000000000
100883  49.364  33.319  -16.602 0.0000000000
100885  47.696  33.616  -16.203 0.0000000000
101596  58.945  34.442  -0.444 0.0000000000
101599  59.493  34.349  -2.830 0.0000000000
101617  59.224  34.348  -7.465 0.0000000000
101639  58.281  34.706  -10.966 0.0000000000
101652  57.648  34.741  -12.085 0.0000000000
101667  56.747  34.725  -13.032 0.0000000000
101682  57.293  34.035  -13.762 0.0000000000
101683  56.834  34.252  -13.956 0.0000000000
101699  56.564  34.033  -14.628 0.0000000000
101700  55.965  34.154  -15.105 0.0000000000
101707  48.299  34.268  -15.110 0.0000000000
101719  51.775  33.638  -15.960 0.0000000000
101722  48.431  33.987  -15.929 0.0000000000
101731  49.124  33.644  -16.240 0.0000000000
102414  59.050  35.142  -0.963 0.0000000000
102437  59.335  34.826  -4.996 0.0000000000
102439  58.256  35.977  -4.520 0.0000000000
102467  54.487  35.579  -6.416 0.0000000000
102475  58.815  35.121  -8.091 0.0000000000
102479  55.829  35.946  -7.582 0.0000000000
102491  58.310  35.605  -8.791 0.0000000000
102492  57.237  36.245  -8.676 0.0000000000
102504  57.054  35.949  -10.210 0.0000000000
102510  50.348  34.812  -8.818 0.0000000000
102519  57.471  35.220  -11.395 0.0000000000
102520  56.898  35.527  -11.073 0.0000000000
102546  44.374  35.885  -13.131 0.0000000000
103275  58.794  35.562  -1.380 0.0000000000
130974  55.100  31.493  -6.740 0.0000000000
131718  51.098  33.920  -13.873 0.0000000000
132058  57.928  33.563  -0.162 0.0000000000
132660  51.513  31.525  4.032 0.0000000000
134899  57.906  35.762  -9.585 0.0000000000
135368  56.062  31.815  -7.900 0.0000000000
135928  51.327  35.049  -8.208 0.0000000000
136830  59.336  35.123  -3.267 0.0000000000
138345  58.018  34.196  -12.432 0.0000000000
139243  54.610  31.847  -17.296 0.0000000000
139944  50.604  27.866  -19.212 0.0000000000
140021  56.470  32.622  -2.263 0.0000000000
140739  50.258  31.254  -17.972 0.0000000000
143270  46.706  34.472  -15.301 0.0000000000
144388  51.816  31.345  2.460 0.0000000000
145241  59.382  34.476  -2.115 0.0000000000
146435  55.843  32.242  -15.755 0.0000000000
146707  59.545  33.865  -4.689 0.0000000000
147310  53.012  33.318  -17.389 0.0000000000
148926  58.743  34.426  -9.716 0.0000000000
149352  58.231  32.634  -6.586 0.0000000000
150268  54.962  32.502  -0.746 0.0000000000
150514  57.398  34.113  2.144 0.0000000000
150885  54.941  34.401  -14.703 0.0000000000
153990  59.297  33.325  -4.449 0.0000000000
156271  57.311  34.975  -12.011 0.0000000000
156551  55.389  31.879  -16.222 0.0000000000
156953  56.481  34.779  -12.884 0.0000000000
157593  58.622  32.995  -8.103 0.0000000000
157598  52.280  32.290  5.208 0.0000000000
157619  49.410  25.242  -6.866 0.0000000000
