#!ascii label  , from subject freesurfer vox2ras=TkReg
1333
64603  16.052  -1.964  58.974 0.0000000000
51777  7.442  -14.315  39.779 0.0000000000
55876  5.884  -9.482  57.132 0.0000000000
62722  3.929  -3.328  50.667 0.0000000000
66727  6.129  -0.413  42.413 0.0000000000
60594  10.577  -5.844  60.012 0.0000000000
64617  7.768  -2.067  58.029 0.0000000000
60607  19.187  -5.003  57.206 0.0000000000
56959  14.189  -8.237  58.009 0.0000000000
53664  9.924  -11.184  57.712 0.0000000000
72126  4.754  4.983  51.312 0.0000000000
64675  3.784  -1.975  46.159 0.0000000000
74494  7.076  7.126  46.661 0.0000000000
51669  3.583  -12.805  52.515 0.0000000000
131195  3.940  -9.790  49.352 0.0000000000
59498  5.345  -6.370  54.367 0.0000000000
66608  5.151  0.843  55.127 0.0000000000
57076  8.248  -7.803  45.725 0.0000000000
135471  9.215  -7.014  39.704 0.0000000000
59674  6.540  -5.328  36.077 0.0000000000
66758  9.117  0.105  38.613 0.0000000000
62667  13.330  -3.635  59.619 0.0000000000
64607  11.773  -1.704  59.049 0.0000000000
62681  17.640  -3.378  58.356 0.0000000000
59476  16.676  -6.669  57.661 0.0000000000
61657  15.207  -4.836  59.196 0.0000000000
58271  12.721  -6.829  59.458 0.0000000000
73320  5.597  6.361  49.018 0.0000000000
146706  4.822  -10.946  55.289 0.0000000000
55890  3.947  -9.488  53.693 0.0000000000
143708  5.262  -7.778  56.152 0.0000000000
131938  8.984  1.139  56.997 0.0000000000
65551  6.493  -0.798  56.661 0.0000000000
54808  7.568  -10.057  58.201 0.0000000000
51620  7.215  -12.613  56.748 0.0000000000
142369  5.901  -11.772  56.676 0.0000000000
51641  4.549  -12.953  54.739 0.0000000000
59526  5.710  -6.383  50.494 0.0000000000
57062  5.452  -8.848  46.905 0.0000000000
59536  6.570  -6.463  48.352 0.0000000000
153639  5.070  -0.886  44.091 0.0000000000
59588  5.408  -5.629  43.189 0.0000000000
60721  6.134  -4.767  40.873 0.0000000000
58546  7.654  -5.850  37.410 0.0000000000
157290  5.843  -3.568  38.969 0.0000000000
58282  7.669  -7.320  58.718 0.0000000000
60605  6.890  -5.574  57.830 0.0000000000
145405  8.839  -4.354  59.122 0.0000000000
65539  9.788  -0.781  58.222 0.0000000000
58297  20.145  -6.626  54.810 0.0000000000
131336  18.777  -7.984  53.058 0.0000000000
58300  17.638  -7.355  55.458 0.0000000000
56969  15.274  -8.777  55.720 0.0000000000
54803  12.057  -9.880  58.055 0.0000000000
56953  10.149  -8.467  59.216 0.0000000000
66643  3.858  0.536  51.333 0.0000000000
63684  3.849  -2.593  48.363 0.0000000000
68840  3.850  2.165  49.266 0.0000000000
68871  4.233  2.303  46.206 0.0000000000
71088  6.412  3.636  44.690 0.0000000000
65557  18.148  -0.276  56.602 0.0000000000
58310  24.491  -7.097  52.913 0.0000000000
60618  25.725  -4.672  54.964 0.0000000000
60612  21.357  -4.546  55.951 0.0000000000
63638  20.242  -2.227  56.819 0.0000000000
50643  3.482  -14.531  50.319 0.0000000000
131607  3.630  -13.117  48.224 0.0000000000
151074  3.714  -10.788  51.277 0.0000000000
58338  4.357  -8.152  51.796 0.0000000000
156202  4.822  -4.335  52.714 0.0000000000
62689  6.239  -3.748  56.268 0.0000000000
63657  4.872  -2.477  54.959 0.0000000000
65582  4.271  -0.449  53.458 0.0000000000
68808  4.743  2.841  53.395 0.0000000000
53844  3.986  -11.996  45.712 0.0000000000
54951  5.223  -11.167  43.800 0.0000000000
54975  7.741  -10.635  41.507 0.0000000000
60674  5.666  -5.916  46.292 0.0000000000
57112  10.054  -7.318  42.807 0.0000000000
134963  9.799  -10.978  39.233 0.0000000000
56080  9.640  -9.307  35.907 0.0000000000
56103  7.543  -8.882  34.326 0.0000000000
134220  8.401  6.752  44.293 0.0000000000
70006  7.028  3.018  43.402 0.0000000000
70012  9.215  3.532  41.570 0.0000000000
66736  6.743  0.350  40.605 0.0000000000
139875  6.614  -2.040  36.427 0.0000000000
134870  14.748  -3.091  59.252 0.0000000000
152551  13.839  -2.069  59.175 0.0000000000
137968  15.228  -0.817  58.072 0.0000000000
63622  16.942  -3.049  58.977 0.0000000000
61655  16.656  -4.204  59.049 0.0000000000
62674  15.575  -3.307  59.164 0.0000000000
61658  14.302  -4.481  59.432 0.0000000000
50719  6.527  -15.183  38.503 0.0000000000
51781  7.910  -13.880  38.403 0.0000000000
157971  5.266  -10.213  56.276 0.0000000000
55882  4.890  -9.376  55.567 0.0000000000
56966  5.513  -8.451  56.538 0.0000000000
56997  20.480  -8.142  51.641 0.0000000000
55871  6.948  -9.396  58.112 0.0000000000
53680  6.624  -11.438  57.220 0.0000000000
54817  5.894  -10.234  57.113 0.0000000000
53696  4.949  -11.612  55.743 0.0000000000
61702  4.697  -4.766  50.761 0.0000000000
59530  5.971  -6.234  49.802 0.0000000000
61707  4.647  -4.771  49.934 0.0000000000
65621  5.786  -0.797  42.761 0.0000000000
63711  5.399  -2.643  42.782 0.0000000000
132339  5.599  -2.198  41.493 0.0000000000
61769  5.794  -3.942  40.049 0.0000000000
64707  5.942  -1.666  40.400 0.0000000000
59461  9.391  -6.651  59.400 0.0000000000
60601  7.935  -5.827  59.027 0.0000000000
61654  9.918  -4.872  59.480 0.0000000000
65531  11.257  -1.139  58.559 0.0000000000
66579  10.481  0.530  57.179 0.0000000000
59479  20.182  -5.756  56.023 0.0000000000
58298  19.322  -6.957  55.085 0.0000000000
59481  18.512  -6.284  56.423 0.0000000000
58283  16.043  -7.082  57.999 0.0000000000
149632  16.089  -8.005  56.878 0.0000000000
56964  15.286  -8.223  57.032 0.0000000000
133764  13.089  -9.120  57.937 0.0000000000
60593  11.433  -5.974  60.043 0.0000000000
56949  10.998  -7.997  59.322 0.0000000000
58275  10.026  -7.137  59.582 0.0000000000
56955  8.513  -8.196  59.130 0.0000000000
69902  4.195  3.046  51.477 0.0000000000
139644  3.795  1.042  50.130 0.0000000000
71013  4.258  3.721  50.342 0.0000000000
74484  6.163  6.749  47.783 0.0000000000
71051  4.527  4.282  47.788 0.0000000000
72183  5.189  5.092  46.547 0.0000000000
69973  5.579  3.196  45.485 0.0000000000
72193  5.939  4.922  45.334 0.0000000000
60621  22.374  -5.268  55.098 0.0000000000
50626  3.505  -13.498  52.072 0.0000000000
52656  3.465  -12.899  50.864 0.0000000000
133041  3.581  -12.066  52.082 0.0000000000
58316  4.674  -7.787  53.979 0.0000000000
58327  4.353  -8.155  52.685 0.0000000000
59506  5.203  -6.606  52.979 0.0000000000
59514  5.494  -6.347  52.222 0.0000000000
139604  5.524  -5.292  53.398 0.0000000000
151637  7.224  -4.294  57.769 0.0000000000
60610  6.669  -5.308  57.186 0.0000000000
63641  6.731  -2.937  57.207 0.0000000000
65559  5.929  -0.081  56.137 0.0000000000
64630  5.595  -1.626  55.832 0.0000000000
145762  4.831  -0.967  54.838 0.0000000000
64647  4.501  -1.780  53.786 0.0000000000
66617  4.830  0.539  54.523 0.0000000000
152083  4.438  1.092  53.309 0.0000000000
67728  4.916  1.850  54.333 0.0000000000
143815  17.891  -8.184  52.966 0.0000000000
150025  17.660  -8.362  51.789 0.0000000000
53694  10.701  -11.637  56.642 0.0000000000
51637  10.240  -12.672  55.681 0.0000000000
52592  9.294  -12.241  56.849 0.0000000000
51629  6.620  -13.061  56.215 0.0000000000
50587  7.793  -13.790  55.967 0.0000000000
51650  3.925  -12.964  54.188 0.0000000000
50617  3.624  -13.608  52.841 0.0000000000
53794  3.713  -11.407  48.968 0.0000000000
151959  3.773  -12.865  46.952 0.0000000000
54914  3.963  -10.649  47.615 0.0000000000
57077  7.160  -8.223  46.135 0.0000000000
55964  5.523  -9.442  45.495 0.0000000000
55977  6.650  -9.192  44.508 0.0000000000
54962  6.607  -10.721  42.621 0.0000000000
55993  7.958  -9.154  43.488 0.0000000000
64670  3.761  -1.921  47.728 0.0000000000
61719  4.429  -4.620  47.044 0.0000000000
61723  4.155  -4.382  46.126 0.0000000000
139290  7.781  -6.936  41.498 0.0000000000
59598  8.019  -6.569  43.062 0.0000000000
134951  9.873  -7.054  41.106 0.0000000000
56025  9.950  -8.811  41.033 0.0000000000
57166  10.597  -8.124  39.182 0.0000000000
143542  10.346  -10.117  37.614 0.0000000000
58543  9.665  -7.585  37.024 0.0000000000
59662  7.283  -5.674  36.937 0.0000000000
58575  8.007  -7.039  35.555 0.0000000000
58588  7.641  -7.177  35.112 0.0000000000
73364  9.564  6.552  43.010 0.0000000000
72205  7.414  5.260  43.591 0.0000000000
72211  8.915  5.181  42.408 0.0000000000
68942  10.551  2.025  39.228 0.0000000000
67853  9.481  1.566  40.614 0.0000000000
67843  7.928  1.492  41.398 0.0000000000
66747  7.523  0.267  39.473 0.0000000000
65650  6.810  -1.148  38.767 0.0000000000
65659  7.252  -1.048  37.365 0.0000000000
61651  12.192  -4.382  60.044 0.0000000000
62670  10.931  -3.943  59.742 0.0000000000
63620  12.030  -3.144  59.512 0.0000000000
61669  18.697  -4.598  57.748 0.0000000000
59474  18.144  -6.049  57.144 0.0000000000
60603  17.202  -5.236  58.246 0.0000000000
60604  16.416  -5.519  58.590 0.0000000000
58276  14.904  -6.994  58.861 0.0000000000
58278  13.387  -7.283  59.105 0.0000000000
59456  13.566  -5.792  59.571 0.0000000000
60591  13.076  -5.556  60.014 0.0000000000
74449  5.968  6.805  51.191 0.0000000000
73295  5.077  5.883  50.201 0.0000000000
74452  6.616  7.456  50.069 0.0000000000
75552  7.252  7.813  48.825 0.0000000000
75567  8.031  8.092  47.720 0.0000000000
53709  3.977  -11.508  54.270 0.0000000000
53733  3.783  -11.068  53.134 0.0000000000
54829  4.498  -10.011  54.612 0.0000000000
56978  4.795  -8.187  54.774 0.0000000000
59490  5.271  -6.642  55.097 0.0000000000
65541  8.340  -0.833  57.845 0.0000000000
138849  7.040  -1.045  57.260 0.0000000000
66582  7.741  0.290  57.087 0.0000000000
66583  7.074  0.678  56.543 0.0000000000
68781  6.236  2.195  55.841 0.0000000000
69865  6.124  2.987  55.437 0.0000000000
53665  8.648  -11.035  58.071 0.0000000000
52593  8.532  -12.216  57.062 0.0000000000
53679  7.434  -11.493  57.477 0.0000000000
52595  6.522  -12.262  56.735 0.0000000000
52606  5.831  -12.563  56.171 0.0000000000
51640  4.946  -13.660  55.089 0.0000000000
52607  5.102  -12.438  55.784 0.0000000000
52618  4.212  -12.219  54.500 0.0000000000
57015  4.826  -8.264  49.399 0.0000000000
149360  4.678  -9.196  48.060 0.0000000000
58377  5.482  -7.755  49.078 0.0000000000
57040  6.766  -7.587  47.675 0.0000000000
58408  7.965  -7.181  47.045 0.0000000000
143569  3.910  -1.380  45.349 0.0000000000
61736  4.330  -3.890  44.314 0.0000000000
134876  4.728  -3.496  43.908 0.0000000000
60712  6.111  -4.862  41.973 0.0000000000
58498  6.997  -6.450  40.306 0.0000000000
58529  8.432  -6.551  37.951 0.0000000000
59644  7.009  -5.376  39.178 0.0000000000
138985  6.528  -4.842  38.341 0.0000000000
60765  6.315  -4.599  37.180 0.0000000000
66764  10.352  0.332  37.490 0.0000000000
137338  8.142  -0.775  36.524 0.0000000000
65674  9.389  -0.270  35.532 0.0000000000
144146  6.759  -8.690  58.025 0.0000000000
58288  6.516  -7.516  57.686 0.0000000000
59470  7.456  -6.489  58.451 0.0000000000
151189  7.917  -5.106  58.809 0.0000000000
63631  8.422  -3.362  58.599 0.0000000000
62676  10.427  -3.423  59.339 0.0000000000
64610  9.317  -2.061  58.600 0.0000000000
64615  9.000  -1.268  58.261 0.0000000000
65540  9.056  -0.392  57.925 0.0000000000
58313  20.982  -7.179  53.537 0.0000000000
56981  19.804  -7.721  52.747 0.0000000000
58306  19.585  -7.143  54.227 0.0000000000
58294  17.367  -7.187  56.250 0.0000000000
56972  16.437  -8.168  55.387 0.0000000000
55885  15.670  -9.162  54.019 0.0000000000
54815  12.014  -10.807  57.003 0.0000000000
155757  11.005  -10.217  58.085 0.0000000000
55860  12.340  -8.320  59.047 0.0000000000
151130  10.877  -9.425  58.729 0.0000000000
54801  9.690  -9.879  58.658 0.0000000000
54802  8.899  -9.716  58.752 0.0000000000
55870  7.654  -9.263  58.410 0.0000000000
144979  3.799  -0.985  50.895 0.0000000000
62725  3.915  -3.324  49.763 0.0000000000
64661  3.738  -1.051  50.000 0.0000000000
155308  3.656  -0.698  48.841 0.0000000000
143664  3.647  0.313  47.951 0.0000000000
71037  4.539  4.482  49.163 0.0000000000
68852  3.941  2.580  47.975 0.0000000000
66692  3.848  0.863  46.252 0.0000000000
139607  4.203  0.921  45.342 0.0000000000
67828  5.693  0.971  44.230 0.0000000000
68910  6.446  1.718  43.976 0.0000000000
65532  16.944  -0.966  58.063 0.0000000000
58324  22.990  -7.460  52.434 0.0000000000
60637  27.387  -5.721  53.820 0.0000000000
60617  26.652  -4.610  54.817 0.0000000000
59492  25.723  -6.039  54.063 0.0000000000
59493  24.780  -6.040  54.101 0.0000000000
59494  23.197  -6.528  53.730 0.0000000000
58303  22.416  -6.878  53.581 0.0000000000
60623  21.001  -5.414  55.738 0.0000000000
60613  20.463  -4.987  56.315 0.0000000000
141332  20.553  -3.512  56.641 0.0000000000
61667  20.053  -3.847  57.114 0.0000000000
63640  18.858  -2.464  57.776 0.0000000000
63632  18.099  -1.961  58.059 0.0000000000
52675  3.570  -12.320  49.459 0.0000000000
54887  3.817  -10.089  50.151 0.0000000000
54855  3.799  -10.470  52.514 0.0000000000
55899  3.839  -9.588  51.573 0.0000000000
57008  4.000  -8.853  50.635 0.0000000000
58337  4.908  -7.395  51.259 0.0000000000
60641  5.515  -5.572  51.990 0.0000000000
61700  4.551  -4.084  52.145 0.0000000000
58296  5.770  -6.942  56.584 0.0000000000
59483  5.887  -6.151  56.171 0.0000000000
60624  5.752  -5.384  55.027 0.0000000000
63647  5.847  -2.340  56.241 0.0000000000
62690  5.735  -3.099  55.967 0.0000000000
61684  5.568  -4.727  54.644 0.0000000000
62709  4.763  -3.835  53.757 0.0000000000
63665  4.079  -2.469  52.761 0.0000000000
64653  3.904  -1.712  52.333 0.0000000000
149718  3.914  0.361  52.461 0.0000000000
68815  4.125  2.195  52.236 0.0000000000
70991  4.758  4.250  52.360 0.0000000000
70959  5.912  4.469  54.741 0.0000000000
72093  5.752  5.091  53.993 0.0000000000
72116  5.575  5.902  52.487 0.0000000000
154357  10.173  -13.414  54.615 0.0000000000
51627  8.758  -12.751  56.387 0.0000000000
54921  4.432  -10.418  46.275 0.0000000000
54939  4.501  -11.418  45.178 0.0000000000
52816  7.697  -12.817  40.421 0.0000000000
61716  4.160  -4.125  48.494 0.0000000000
139084  6.558  -6.189  47.655 0.0000000000
58406  8.563  -6.895  46.273 0.0000000000
59573  5.779  -6.159  44.563 0.0000000000
59571  8.566  -6.567  45.042 0.0000000000
57093  9.218  -7.675  44.549 0.0000000000
56009  9.202  -8.973  42.328 0.0000000000
54988  9.011  -10.702  40.409 0.0000000000
52832  8.835  -12.699  39.513 0.0000000000
52855  9.226  -12.682  37.618 0.0000000000
58560  8.747  -7.508  35.978 0.0000000000
56093  8.293  -9.314  34.756 0.0000000000
74491  9.143  8.072  46.098 0.0000000000
74501  10.160  8.086  44.987 0.0000000000
73349  7.850  7.132  45.487 0.0000000000
73358  7.035  5.658  44.328 0.0000000000
71103  6.852  3.409  43.765 0.0000000000
68909  6.737  1.364  42.982 0.0000000000
70013  8.147  2.783  42.376 0.0000000000
152535  6.930  1.432  42.439 0.0000000000
66738  6.400  -0.386  41.304 0.0000000000
141516  6.101  -1.821  39.510 0.0000000000
63736  6.235  -2.441  38.157 0.0000000000
62797  5.940  -3.676  36.047 0.0000000000
63758  6.223  -2.571  35.009 0.0000000000
63624  15.403  -2.519  59.138 0.0000000000
139892  15.218  -1.806  59.003 0.0000000000
64612  15.624  -1.406  58.437 0.0000000000
63634  16.634  -2.439  58.704 0.0000000000
63623  16.163  -2.772  59.080 0.0000000000
50713  6.781  -15.297  39.591 0.0000000000
50712  6.996  -14.774  39.207 0.0000000000
50718  6.908  -14.657  38.435 0.0000000000
50711  7.409  -14.335  38.860 0.0000000000
54818  5.522  -9.896  56.598 0.0000000000
55877  5.492  -9.174  56.555 0.0000000000
56965  5.856  -8.700  57.115 0.0000000000
130920  21.919  -8.011  52.058 0.0000000000
137664  21.124  -8.172  51.163 0.0000000000
132372  21.215  -8.081  51.949 0.0000000000
55872  6.344  -9.064  57.617 0.0000000000
54810  6.411  -9.829  57.560 0.0000000000
54823  5.527  -10.544  56.529 0.0000000000
61703  4.314  -4.076  51.197 0.0000000000
61708  4.198  -4.067  50.289 0.0000000000
64697  5.680  -1.557  42.247 0.0000000000
65628  6.025  -1.020  41.877 0.0000000000
142615  5.652  -2.176  40.646 0.0000000000
64702  5.842  -1.598  41.246 0.0000000000
144715  9.517  -6.027  59.488 0.0000000000
60596  9.362  -5.435  59.339 0.0000000000
60595  9.956  -5.624  59.708 0.0000000000
60614  19.667  -5.348  56.599 0.0000000000
59480  19.334  -6.014  56.227 0.0000000000
59473  18.987  -5.819  57.006 0.0000000000
56958  14.997  -8.060  57.829 0.0000000000
152006  15.639  -7.618  57.485 0.0000000000
55873  14.502  -8.523  57.246 0.0000000000
55866  13.781  -8.874  57.592 0.0000000000
136527  13.417  -8.419  58.217 0.0000000000
59459  10.703  -6.592  60.005 0.0000000000
59460  10.009  -6.326  59.818 0.0000000000
71002  4.642  4.261  51.569 0.0000000000
141595  4.005  3.094  50.749 0.0000000000
71012  4.561  4.352  50.806 0.0000000000
73333  6.439  6.720  46.952 0.0000000000
72182  5.534  5.763  46.823 0.0000000000
73344  6.041  6.141  46.343 0.0000000000
142170  5.569  4.626  45.818 0.0000000000
73350  6.498  6.252  45.812 0.0000000000
51677  3.484  -12.818  51.691 0.0000000000
139438  4.929  -6.836  53.789 0.0000000000
135810  5.559  -6.088  53.580 0.0000000000
60631  5.617  -5.508  54.239 0.0000000000
63637  7.421  -2.915  57.834 0.0000000000
62686  7.031  -3.676  57.514 0.0000000000
66607  5.642  0.382  55.599 0.0000000000
157416  5.563  -0.305  55.669 0.0000000000
65571  4.978  -0.086  55.167 0.0000000000
65581  4.708  -0.276  54.293 0.0000000000
146842  4.917  1.226  54.613 0.0000000000
67727  5.198  1.660  55.006 0.0000000000
134481  9.953  -11.793  57.149 0.0000000000
50589  6.273  -13.880  55.893 0.0000000000
50588  7.004  -13.889  56.028 0.0000000000
51660  3.727  -12.879  53.365 0.0000000000
154355  3.916  -10.416  48.545 0.0000000000
155566  3.813  -11.126  48.081 0.0000000000
57095  7.472  -8.562  45.175 0.0000000000
57096  6.377  -8.915  45.318 0.0000000000
55994  6.899  -9.528  43.721 0.0000000000
57115  7.709  -8.818  44.308 0.0000000000
64672  3.728  -1.737  46.882 0.0000000000
63687  3.804  -2.383  46.902 0.0000000000
63690  3.855  -2.770  46.131 0.0000000000
58497  7.712  -6.971  40.585 0.0000000000
58480  8.594  -6.882  41.333 0.0000000000
58496  9.109  -6.927  40.614 0.0000000000
58511  10.296  -7.590  39.598 0.0000000000
58512  9.738  -7.180  39.166 0.0000000000
57178  10.552  -8.350  38.197 0.0000000000
58528  9.446  -7.131  38.007 0.0000000000
59673  7.003  -5.892  35.895 0.0000000000
58577  7.466  -6.502  35.501 0.0000000000
74517  11.596  7.493  42.646 0.0000000000
74529  10.376  6.764  42.516 0.0000000000
73370  9.227  5.851  42.625 0.0000000000
73369  10.072  6.088  41.997 0.0000000000
66744  10.430  0.908  39.000 0.0000000000
67861  10.235  1.824  39.983 0.0000000000
66745  9.669  0.601  39.245 0.0000000000
66734  9.102  0.936  40.000 0.0000000000
66746  8.594  0.420  39.368 0.0000000000
66759  7.975  -0.061  38.743 0.0000000000
65647  8.478  -0.407  37.995 0.0000000000
62668  12.524  -3.705  59.824 0.0000000000
63619  12.856  -3.027  59.450 0.0000000000
65534  14.446  -0.879  58.210 0.0000000000
61663  18.203  -4.101  58.139 0.0000000000
60602  17.993  -4.949  58.089 0.0000000000
61664  17.361  -4.351  58.457 0.0000000000
60598  16.143  -4.833  59.071 0.0000000000
153969  15.778  -5.410  59.075 0.0000000000
59462  15.780  -6.048  58.947 0.0000000000
60599  15.104  -5.743  59.137 0.0000000000
153156  14.318  -6.360  59.157 0.0000000000
60600  14.325  -5.338  59.332 0.0000000000
61650  13.661  -4.201  59.711 0.0000000000
60590  13.530  -4.945  59.832 0.0000000000
147430  12.995  -4.297  60.023 0.0000000000
137473  12.691  -4.981  60.054 0.0000000000
74448  6.644  7.406  50.907 0.0000000000
75541  7.833  8.254  49.263 0.0000000000
132925  8.349  8.473  48.920 0.0000000000
75551  7.897  8.194  48.490 0.0000000000
75550  8.621  8.494  48.216 0.0000000000
146323  4.386  -10.741  54.597 0.0000000000
53720  3.888  -10.880  53.882 0.0000000000
145211  4.902  -8.221  55.534 0.0000000000
56973  4.852  -8.843  55.252 0.0000000000
58301  4.978  -7.448  55.374 0.0000000000
65548  8.381  -0.065  57.473 0.0000000000
65549  7.733  -0.550  57.363 0.0000000000
66581  8.361  0.709  57.080 0.0000000000
144211  7.450  1.697  56.474 0.0000000000
67711  6.594  1.469  56.161 0.0000000000
68780  6.869  2.284  56.212 0.0000000000
69857  6.540  2.813  55.976 0.0000000000
54807  8.372  -10.242  58.291 0.0000000000
53666  7.811  -10.941  58.064 0.0000000000
51631  5.391  -13.123  55.645 0.0000000000
137481  5.409  -11.940  56.166 0.0000000000
53708  4.579  -11.552  54.894 0.0000000000
58363  5.196  -7.568  49.894 0.0000000000
58362  5.696  -6.829  50.074 0.0000000000
60656  6.055  -5.957  49.090 0.0000000000
59534  6.345  -6.610  49.093 0.0000000000
58391  6.888  -6.969  48.350 0.0000000000
58390  7.566  -7.060  47.503 0.0000000000
143568  4.472  -1.160  44.492 0.0000000000
136567  4.584  -2.851  44.134 0.0000000000
63704  5.102  -2.383  43.693 0.0000000000
62760  5.547  -3.422  41.800 0.0000000000
61749  5.588  -3.820  42.150 0.0000000000
154527  6.178  -4.851  41.366 0.0000000000
59613  6.321  -5.276  41.268 0.0000000000
59625  6.525  -5.679  40.726 0.0000000000
58499  6.948  -6.049  40.207 0.0000000000
59626  6.455  -5.221  40.484 0.0000000000
62778  5.695  -3.450  39.644 0.0000000000
60741  6.391  -4.749  39.229 0.0000000000
60742  6.278  -4.551  38.678 0.0000000000
60752  6.491  -4.827  37.836 0.0000000000
60753  6.192  -4.356  37.887 0.0000000000
67873  10.635  1.331  37.790 0.0000000000
66763  10.700  0.819  37.148 0.0000000000
65655  10.458  0.311  36.620 0.0000000000
65663  10.399  0.379  35.941 0.0000000000
156834  7.415  -7.889  58.430 0.0000000000
58287  7.085  -7.341  58.245 0.0000000000
61660  8.597  -5.149  59.137 0.0000000000
61661  8.233  -4.505  58.840 0.0000000000
62682  8.036  -3.910  58.461 0.0000000000
62679  8.506  -3.924  58.847 0.0000000000
63621  11.226  -3.271  59.433 0.0000000000
63629  10.650  -2.634  59.209 0.0000000000
64609  10.100  -1.961  58.986 0.0000000000
64614  9.738  -1.494  58.487 0.0000000000
66570  9.881  0.041  57.744 0.0000000000
58305  20.606  -7.029  54.179 0.0000000000
58299  18.459  -7.107  55.239 0.0000000000
58307  18.795  -7.227  54.598 0.0000000000
56970  17.985  -7.611  54.600 0.0000000000
59475  17.365  -6.313  57.357 0.0000000000
59482  17.775  -6.635  56.705 0.0000000000
58289  17.102  -7.029  57.035 0.0000000000
131231  15.565  -8.285  56.275 0.0000000000
56968  16.276  -8.038  56.096 0.0000000000
157747  15.854  -8.367  55.671 0.0000000000
55884  15.900  -8.852  54.975 0.0000000000
55881  14.973  -9.214  55.099 0.0000000000
54827  14.230  -9.758  55.160 0.0000000000
55875  12.622  -9.645  57.601 0.0000000000
54804  11.460  -10.332  57.661 0.0000000000
55868  11.305  -9.753  58.293 0.0000000000
56960  13.089  -8.084  58.936 0.0000000000
56952  12.540  -7.560  59.193 0.0000000000
131525  10.893  -8.849  59.115 0.0000000000
55862  10.251  -9.335  59.008 0.0000000000
55863  9.475  -9.162  59.075 0.0000000000
58281  8.269  -7.430  59.128 0.0000000000
55865  7.976  -8.812  59.031 0.0000000000
56956  7.833  -8.084  58.948 0.0000000000
56962  7.409  -8.597  58.372 0.0000000000
65594  3.818  -0.181  51.173 0.0000000000
66655  3.799  0.416  50.660 0.0000000000
67792  3.772  1.372  49.239 0.0000000000
66666  3.715  0.648  49.417 0.0000000000
154191  3.702  0.887  48.945 0.0000000000
143620  3.642  -0.278  48.480 0.0000000000
67801  3.716  1.075  48.362 0.0000000000
73304  5.494  6.302  49.704 0.0000000000
72141  4.768  5.178  49.675 0.0000000000
72157  4.809  5.165  48.833 0.0000000000
71064  4.638  3.905  46.918 0.0000000000
69949  4.204  3.431  47.682 0.0000000000
68861  3.953  2.385  47.086 0.0000000000
67813  3.885  1.654  46.698 0.0000000000
139646  3.927  0.226  45.604 0.0000000000
67817  4.126  1.625  45.764 0.0000000000
69985  6.230  2.943  44.928 0.0000000000
68891  5.464  1.892  44.977 0.0000000000
68890  6.010  2.271  44.804 0.0000000000
148613  6.179  1.226  43.941 0.0000000000
69997  6.496  2.390  44.330 0.0000000000
65544  17.413  -0.513  57.202 0.0000000000
66588  17.407  0.082  56.459 0.0000000000
66587  18.112  0.155  55.943 0.0000000000
58322  24.766  -7.418  52.090 0.0000000000
56984  24.147  -7.861  51.611 0.0000000000
58323  23.847  -7.432  52.286 0.0000000000
58302  23.475  -7.085  53.078 0.0000000000
61679  25.243  -4.105  55.179 0.0000000000
61678  26.224  -3.931  55.219 0.0000000000
60628  26.165  -5.247  54.379 0.0000000000
60629  25.265  -5.297  54.402 0.0000000000
59485  23.107  -5.923  54.306 0.0000000000
59495  22.402  -6.375  54.119 0.0000000000
61682  22.213  -4.563  55.342 0.0000000000
60622  21.689  -5.120  55.446 0.0000000000
137603  20.746  -2.889  56.495 0.0000000000
62684  20.150  -3.058  57.076 0.0000000000
62685  19.342  -3.346  57.528 0.0000000000
63639  19.585  -2.594  57.285 0.0000000000
152654  18.781  -0.613  56.639 0.0000000000
138617  18.595  -1.598  57.468 0.0000000000
65543  18.328  -0.858  57.147 0.0000000000
64619  17.811  -1.246  57.693 0.0000000000
49580  3.500  -15.232  49.848 0.0000000000
52655  3.509  -12.128  51.226 0.0000000000
52664  3.521  -12.231  50.359 0.0000000000
53769  3.610  -11.400  50.710 0.0000000000
132318  3.705  -10.968  49.955 0.0000000000
54876  3.720  -10.690  50.629 0.0000000000
54845  3.856  -10.297  53.362 0.0000000000
55894  3.853  -9.684  52.871 0.0000000000
56990  3.874  -8.942  52.239 0.0000000000
57000  3.954  -8.850  51.331 0.0000000000
58351  4.412  -8.247  50.941 0.0000000000
140064  5.170  -4.930  52.557 0.0000000000
132508  4.882  -4.837  51.651 0.0000000000
59471  6.750  -6.742  57.942 0.0000000000
59472  6.207  -6.858  57.300 0.0000000000
59477  6.630  -6.130  57.500 0.0000000000
61671  6.548  -4.520  56.640 0.0000000000
60611  6.313  -5.379  56.443 0.0000000000
60615  5.978  -5.380  55.756 0.0000000000
61674  6.227  -4.568  55.991 0.0000000000
64622  6.552  -1.512  57.002 0.0000000000
150321  6.347  -2.231  56.872 0.0000000000
64629  6.089  -1.550  56.480 0.0000000000
64639  4.999  -1.695  55.253 0.0000000000
63648  5.395  -2.412  55.574 0.0000000000
62699  5.271  -3.186  55.301 0.0000000000
144010  5.354  -3.976  54.993 0.0000000000
62704  4.855  -3.318  54.538 0.0000000000
141564  5.039  -4.164  54.416 0.0000000000
146566  4.266  -1.228  53.448 0.0000000000
63661  4.451  -2.430  53.465 0.0000000000
64651  4.061  -1.780  53.110 0.0000000000
145373  3.938  -1.040  52.844 0.0000000000
65591  3.853  -0.837  51.892 0.0000000000
65587  3.906  -0.267  52.620 0.0000000000
67753  4.675  1.975  53.510 0.0000000000
67754  4.264  1.714  52.792 0.0000000000
68809  4.501  2.507  52.815 0.0000000000
69887  4.687  3.417  52.807 0.0000000000
69875  5.759  3.524  54.898 0.0000000000
132727  19.942  -8.095  52.093 0.0000000000
56989  19.207  -8.104  52.223 0.0000000000
51626  9.485  -13.030  55.981 0.0000000000
134284  9.887  -13.211  55.232 0.0000000000
52594  7.742  -12.145  57.142 0.0000000000
51619  7.974  -12.732  56.691 0.0000000000
147146  3.467  -14.845  50.989 0.0000000000
49572  3.482  -15.314  50.570 0.0000000000
52721  3.848  -12.380  46.412 0.0000000000
139134  3.771  -13.486  46.774 0.0000000000
136594  3.813  -13.067  46.171 0.0000000000
52735  3.997  -12.828  45.336 0.0000000000
57041  5.273  -8.591  47.895 0.0000000000
55937  4.784  -9.395  47.370 0.0000000000
55949  4.807  -9.671  46.577 0.0000000000
55996  5.349  -10.357  44.266 0.0000000000
54938  4.843  -10.857  44.633 0.0000000000
53859  4.859  -11.620  44.368 0.0000000000
53879  4.980  -12.255  44.225 0.0000000000
150511  5.652  -11.725  43.407 0.0000000000
54976  6.859  -11.014  41.841 0.0000000000
54977  6.293  -11.512  42.342 0.0000000000
53908  7.290  -11.430  41.188 0.0000000000
53928  7.040  -12.240  40.906 0.0000000000
63680  3.838  -2.591  49.264 0.0000000000
62728  3.935  -3.334  48.876 0.0000000000
60666  4.784  -5.266  46.438 0.0000000000
60662  5.032  -5.313  47.419 0.0000000000
152900  6.188  -6.062  47.082 0.0000000000
59547  7.822  -6.631  46.815 0.0000000000
59559  7.360  -6.416  46.031 0.0000000000
147625  4.665  -4.689  43.863 0.0000000000
60685  4.716  -5.246  44.552 0.0000000000
152029  5.517  -6.091  43.715 0.0000000000
58460  9.708  -6.861  42.625 0.0000000000
59585  8.454  -6.519  44.054 0.0000000000
58446  9.608  -6.973  43.595 0.0000000000
58433  9.403  -7.096  44.543 0.0000000000
57113  9.621  -7.649  43.699 0.0000000000
55992  9.045  -8.637  43.207 0.0000000000
57127  9.874  -8.102  42.728 0.0000000000
56050  10.268  -9.488  39.579 0.0000000000
56041  9.469  -9.752  40.707 0.0000000000
53943  9.364  -11.144  39.786 0.0000000000
53926  8.754  -11.763  40.101 0.0000000000
52831  9.490  -11.928  39.179 0.0000000000
52845  9.216  -12.853  38.601 0.0000000000
52844  9.666  -12.215  38.260 0.0000000000
55037  9.929  -10.326  36.521 0.0000000000
55038  9.206  -10.507  35.742 0.0000000000
58530  7.839  -6.002  38.119 0.0000000000
58544  8.802  -7.038  36.867 0.0000000000
58545  8.271  -6.371  37.086 0.0000000000
57220  8.001  -8.221  34.878 0.0000000000
57219  8.493  -8.029  35.350 0.0000000000
55062  7.604  -10.147  34.251 0.0000000000
75598  11.025  8.250  44.694 0.0000000000
74510  9.637  7.579  44.417 0.0000000000
74502  9.363  7.852  45.281 0.0000000000
74511  8.861  7.365  44.726 0.0000000000
73357  7.589  6.532  44.829 0.0000000000
71093  7.107  4.467  43.452 0.0000000000
138250  6.664  4.020  43.852 0.0000000000
70007  7.049  2.853  43.577 0.0000000000
68908  6.969  2.177  43.226 0.0000000000
70011  9.594  2.901  41.178 0.0000000000
71108  9.394  4.299  41.435 0.0000000000
71109  8.342  3.779  42.406 0.0000000000
67855  7.345  0.969  40.747 0.0000000000
152857  7.086  1.178  41.532 0.0000000000
157497  6.864  0.798  41.066 0.0000000000
67856  6.758  0.639  41.493 0.0000000000
66737  6.522  -0.043  40.932 0.0000000000
66750  6.407  -0.652  40.520 0.0000000000
65640  6.553  -0.901  39.703 0.0000000000
142459  6.773  -1.591  37.357 0.0000000000
150375  6.801  -1.559  38.022 0.0000000000
64723  6.493  -2.157  37.254 0.0000000000
63743  6.115  -2.975  37.101 0.0000000000
63749  6.389  -2.426  36.600 0.0000000000
65666  7.481  -0.948  35.931 0.0000000000
62675  13.800  -2.866  59.323 0.0000000000
63625  14.555  -2.275  59.166 0.0000000000
64604  14.311  -1.535  58.805 0.0000000000
62672  17.061  -3.695  59.006 0.0000000000
61656  15.824  -4.114  59.150 0.0000000000
143740  14.963  -3.925  59.272 0.0000000000
146173  14.143  -3.692  59.441 0.0000000000
51787  6.933  -14.356  37.285 0.0000000000
51785  7.711  -13.706  37.416 0.0000000000
54828  4.835  -10.138  55.288 0.0000000000
54824  5.007  -9.747  56.119 0.0000000000
55880  4.951  -8.796  56.016 0.0000000000
54809  6.848  -10.215  57.993 0.0000000000
53667  7.037  -10.890  57.987 0.0000000000
54816  6.488  -10.590  57.435 0.0000000000
53681  5.877  -11.020  57.019 0.0000000000
53695  5.474  -11.257  56.330 0.0000000000
137939  4.983  -10.656  56.034 0.0000000000
59521  5.625  -5.835  50.438 0.0000000000
60649  5.064  -5.338  50.382 0.0000000000
60652  5.362  -5.500  49.661 0.0000000000
60657  5.310  -5.429  48.851 0.0000000000
147129  5.485  -1.211  43.284 0.0000000000
64690  5.455  -1.946  43.027 0.0000000000
141078  5.499  -2.855  41.833 0.0000000000
62766  5.467  -3.377  41.162 0.0000000000
60722  5.962  -4.366  40.433 0.0000000000
62772  5.519  -3.378  40.423 0.0000000000
63727  5.589  -2.756  40.006 0.0000000000
64708  5.766  -2.145  39.979 0.0000000000
143983  8.723  -6.853  59.231 0.0000000000
59466  8.052  -6.638  59.105 0.0000000000
59465  8.793  -6.080  59.251 0.0000000000
154406  9.260  -4.812  59.244 0.0000000000
61659  9.502  -4.224  59.267 0.0000000000
64608  10.948  -1.789  59.056 0.0000000000
65537  11.615  -0.533  58.120 0.0000000000
65538  10.664  -0.490  58.119 0.0000000000
157098  10.535  0.072  57.713 0.0000000000
66569  11.136  0.059  57.674 0.0000000000
59489  19.720  -6.271  55.484 0.0000000000
58292  18.895  -6.556  55.718 0.0000000000
58293  18.154  -6.938  56.013 0.0000000000
58290  16.339  -7.279  57.231 0.0000000000
55867  12.404  -9.246  58.187 0.0000000000
59458  12.153  -6.454  59.922 0.0000000000
58272  11.986  -7.129  59.594 0.0000000000
134088  11.408  -6.842  60.002 0.0000000000
58274  10.816  -7.267  59.712 0.0000000000
56951  9.799  -7.822  59.301 0.0000000000
56954  9.296  -8.350  59.179 0.0000000000
58280  9.148  -7.481  59.238 0.0000000000
146117  3.921  1.917  51.574 0.0000000000
142123  3.849  0.954  50.870 0.0000000000
67781  3.870  1.697  50.782 0.0000000000
68829  3.916  2.433  50.402 0.0000000000
150504  3.898  2.450  49.759 0.0000000000
152915  5.718  6.383  48.296 0.0000000000
73321  5.183  5.787  48.348 0.0000000000
72170  5.104  5.460  47.392 0.0000000000
135352  4.798  4.737  47.130 0.0000000000
71075  4.959  3.545  46.060 0.0000000000
69974  4.901  2.786  45.815 0.0000000000
71074  5.540  3.925  45.648 0.0000000000
72199  6.072  4.219  45.159 0.0000000000
60619  24.843  -4.715  54.840 0.0000000000
61672  22.047  -3.821  55.592 0.0000000000
64618  19.400  -1.866  57.202 0.0000000000
50635  3.466  -14.224  51.099 0.0000000000
51686  3.470  -13.675  50.558 0.0000000000
51678  3.463  -13.526  51.335 0.0000000000
53757  3.629  -11.406  51.612 0.0000000000
56979  4.383  -8.710  54.013 0.0000000000
56983  3.971  -8.831  53.204 0.0000000000
148429  4.436  -8.209  53.418 0.0000000000
58315  4.725  -7.476  53.182 0.0000000000
58326  4.862  -7.246  52.264 0.0000000000
60638  5.707  -5.850  52.791 0.0000000000
61696  4.962  -4.515  53.222 0.0000000000
61666  7.074  -4.940  57.804 0.0000000000
61670  6.860  -4.412  57.297 0.0000000000
62687  6.584  -3.712  56.912 0.0000000000
155328  6.243  -0.445  56.365 0.0000000000
143337  5.859  -0.803  56.123 0.0000000000
65560  5.314  -0.929  55.454 0.0000000000
64646  4.755  -1.738  54.519 0.0000000000
146821  4.566  -1.070  54.057 0.0000000000
66625  4.013  0.351  53.087 0.0000000000
66618  4.575  0.392  53.764 0.0000000000
151557  4.757  1.176  54.004 0.0000000000
68799  4.904  2.673  54.055 0.0000000000
55891  18.285  -8.200  52.233 0.0000000000
55892  17.339  -8.360  52.464 0.0000000000
52605  9.953  -12.305  56.397 0.0000000000
154884  9.351  -12.550  56.374 0.0000000000
51628  7.456  -13.163  56.268 0.0000000000
51649  4.310  -13.731  54.377 0.0000000000
132751  3.796  -13.745  53.680 0.0000000000
50625  3.563  -14.209  52.294 0.0000000000
150261  3.490  -14.036  51.701 0.0000000000
52692  3.649  -12.421  48.553 0.0000000000
52704  3.719  -12.642  47.717 0.0000000000
53809  3.764  -11.848  47.964 0.0000000000
151362  3.852  -11.377  47.353 0.0000000000
53826  3.903  -11.649  46.562 0.0000000000
57078  5.996  -8.795  46.119 0.0000000000
151459  5.275  -9.330  46.161 0.0000000000
55978  5.768  -9.622  44.736 0.0000000000
55995  5.996  -9.839  43.967 0.0000000000
54963  5.897  -11.152  43.112 0.0000000000
56012  6.268  -10.246  43.259 0.0000000000
56011  7.132  -9.864  42.942 0.0000000000
56028  7.418  -10.258  42.220 0.0000000000
152573  3.853  -2.668  47.593 0.0000000000
62731  3.934  -3.330  47.975 0.0000000000
62734  3.901  -3.239  46.981 0.0000000000
142513  3.979  -3.989  46.741 0.0000000000
60675  4.906  -5.475  45.565 0.0000000000
59600  6.146  -5.966  42.136 0.0000000000
59599  6.694  -6.389  42.746 0.0000000000
58462  7.354  -6.721  42.049 0.0000000000
58461  8.743  -6.690  42.277 0.0000000000
130985  10.079  -7.209  41.852 0.0000000000
150199  10.207  -7.730  42.164 0.0000000000
58478  10.116  -7.380  41.004 0.0000000000
56039  10.482  -8.699  39.747 0.0000000000
55001  10.277  -10.124  38.877 0.0000000000
53955  10.046  -11.287  38.295 0.0000000000
56061  10.541  -9.347  38.256 0.0000000000
56072  10.228  -9.218  36.745 0.0000000000
57193  9.793  -8.319  36.355 0.0000000000
58563  7.405  -5.744  36.904 0.0000000000
152879  8.186  -6.430  36.506 0.0000000000
58576  7.702  -6.302  36.091 0.0000000000
154981  7.671  -7.889  34.806 0.0000000000
74518  10.764  7.387  43.100 0.0000000000
74519  9.950  7.221  43.505 0.0000000000
73366  7.879  6.050  43.907 0.0000000000
73365  8.733  6.317  43.466 0.0000000000
72204  8.307  5.599  43.149 0.0000000000
71101  7.590  4.140  42.942 0.0000000000
68931  9.888  2.307  40.649 0.0000000000
68919  9.285  2.129  41.330 0.0000000000
68920  8.494  2.069  41.788 0.0000000000
67854  8.468  1.240  40.706 0.0000000000
66735  8.005  0.765  40.052 0.0000000000
144377  7.172  0.527  40.097 0.0000000000
65639  6.753  -0.609  39.329 0.0000000000
66760  7.092  -0.317  38.973 0.0000000000
65649  7.004  -0.952  38.447 0.0000000000
65668  6.922  -1.377  36.849 0.0000000000
137180  11.045  -5.204  60.037 0.0000000000
61653  10.637  -4.633  59.787 0.0000000000
61652  11.386  -4.497  60.019 0.0000000000
63627  12.312  -2.394  59.277 0.0000000000
63626  13.132  -2.265  59.244 0.0000000000
64606  12.592  -1.645  59.028 0.0000000000
60608  18.411  -5.318  57.432 0.0000000000
60609  17.707  -5.675  57.745 0.0000000000
59467  17.016  -6.041  58.084 0.0000000000
60597  16.791  -4.852  58.706 0.0000000000
59468  16.223  -6.305  58.260 0.0000000000
58284  15.252  -7.295  58.147 0.0000000000
58285  14.521  -7.540  58.351 0.0000000000
58286  13.811  -7.806  58.635 0.0000000000
58277  14.187  -7.197  58.958 0.0000000000
149483  13.838  -6.860  59.148 0.0000000000
59464  13.433  -6.521  59.324 0.0000000000
59457  12.927  -6.162  59.905 0.0000000000
60592  12.384  -5.758  60.033 0.0000000000
137025  11.834  -5.117  60.032 0.0000000000
146060  5.547  6.122  51.622 0.0000000000
73287  5.064  5.652  51.074 0.0000000000
73286  5.495  6.170  50.882 0.0000000000
73294  5.702  6.505  50.349 0.0000000000
74459  5.952  6.949  49.663 0.0000000000
139286  7.827  8.297  50.069 0.0000000000
75542  7.172  7.933  49.652 0.0000000000
74471  6.086  6.921  48.730 0.0000000000
74470  6.722  7.318  48.345 0.0000000000
74483  6.869  7.244  47.490 0.0000000000
74482  7.579  7.604  47.196 0.0000000000
154772  3.819  -11.542  53.643 0.0000000000
52639  3.699  -11.973  53.006 0.0000000000
54836  3.976  -10.145  54.127 0.0000000000
55886  4.351  -9.456  54.327 0.0000000000
55883  4.753  -9.468  54.928 0.0000000000
58308  4.876  -7.170  54.607 0.0000000000
135111  5.609  -6.005  54.817 0.0000000000
64620  7.707  -1.340  57.641 0.0000000000
64621  7.068  -2.014  57.405 0.0000000000
65550  7.066  -0.219  56.983 0.0000000000
67705  7.797  1.009  56.762 0.0000000000
65558  6.543  -0.056  56.450 0.0000000000
66595  6.204  0.622  56.137 0.0000000000
67712  5.836  1.331  55.581 0.0000000000
68789  5.746  2.221  55.233 0.0000000000
153641  9.361  -11.029  58.066 0.0000000000
53677  9.131  -11.559  57.452 0.0000000000
53678  8.223  -11.564  57.524 0.0000000000
142856  7.088  -12.039  57.140 0.0000000000
51630  5.941  -13.343  55.989 0.0000000000
134595  4.937  -12.914  55.305 0.0000000000
52617  4.768  -12.280  55.124 0.0000000000
52628  3.825  -12.163  53.859 0.0000000000
57026  4.363  -8.983  49.355 0.0000000000
55925  4.342  -9.514  48.641 0.0000000000
55924  4.854  -8.631  48.686 0.0000000000
156397  5.378  -8.172  48.512 0.0000000000
133910  5.982  -7.003  49.563 0.0000000000
57025  6.019  -7.712  48.350 0.0000000000
141601  5.974  -8.203  47.553 0.0000000000
57061  6.469  -8.240  46.899 0.0000000000
57060  7.374  -7.580  47.017 0.0000000000
57059  8.044  -7.434  46.532 0.0000000000
62737  3.917  -3.127  45.343 0.0000000000
63696  3.997  -2.748  44.721 0.0000000000
60696  5.134  -4.480  43.250 0.0000000000
62753  5.143  -3.068  43.387 0.0000000000
153265  5.271  -3.759  43.119 0.0000000000
60704  5.620  -4.969  42.809 0.0000000000
59612  6.304  -5.786  41.423 0.0000000000
58481  6.980  -6.767  41.136 0.0000000000
131926  8.244  -6.899  39.701 0.0000000000
58513  8.780  -6.878  38.880 0.0000000000
58514  7.482  -6.503  39.684 0.0000000000
142860  7.631  -6.079  39.037 0.0000000000
58532  7.329  -5.633  38.845 0.0000000000
59634  6.517  -5.024  39.796 0.0000000000
149245  6.700  -5.055  38.881 0.0000000000
141420  7.218  -5.466  38.361 0.0000000000
59654  6.940  -5.336  37.616 0.0000000000
59663  6.914  -5.489  36.751 0.0000000000
60777  6.326  -4.831  36.540 0.0000000000
66756  10.627  0.870  38.098 0.0000000000
66757  10.080  0.423  38.398 0.0000000000
65646  9.560  -0.110  37.782 0.0000000000
65656  9.899  -0.241  36.927 0.0000000000
65673  10.051  0.203  35.408 0.0000000000
50708  7.166  -14.776  40.032 0.0000000000
56963  6.369  -8.305  57.597 0.0000000000
136628  6.936  -6.067  58.106 0.0000000000
146019  7.445  -5.507  58.284 0.0000000000
61665  7.661  -4.589  58.243 0.0000000000
152751  7.893  -3.329  58.248 0.0000000000
63636  8.138  -2.739  58.299 0.0000000000
62671  10.199  -4.124  59.463 0.0000000000
62677  9.766  -3.617  59.253 0.0000000000
148916  9.703  -2.816  59.111 0.0000000000
62678  9.049  -3.529  59.108 0.0000000000
63630  8.853  -2.746  58.730 0.0000000000
63635  8.552  -2.061  58.311 0.0000000000
66571  9.047  0.357  57.398 0.0000000000
56980  20.768  -7.407  52.918 0.0000000000
58314  20.162  -7.268  53.473 0.0000000000
56982  19.381  -7.440  53.446 0.0000000000
56975  18.727  -7.509  53.904 0.0000000000
133158  17.982  -8.070  53.735 0.0000000000
55888  16.306  -8.834  53.473 0.0000000000
58295  16.654  -7.501  56.517 0.0000000000
56967  16.990  -7.814  55.840 0.0000000000
56971  17.188  -7.972  55.097 0.0000000000
56977  16.421  -8.538  54.134 0.0000000000
133891  12.005  -11.125  56.177 0.0000000000
53675  11.150  -11.041  57.200 0.0000000000
53676  10.459  -11.242  57.283 0.0000000000
56961  12.730  -8.666  58.485 0.0000000000
155840  12.128  -9.008  58.878 0.0000000000
58279  11.795  -7.805  59.270 0.0000000000
137221  11.618  -8.558  59.119 0.0000000000
55861  11.464  -9.204  58.830 0.0000000000
54805  10.525  -9.972  58.398 0.0000000000
143358  9.890  -10.538  58.181 0.0000000000
54806  9.132  -10.369  58.288 0.0000000000
55869  8.193  -9.509  58.673 0.0000000000
55864  8.684  -9.007  59.084 0.0000000000
63672  3.860  -2.565  51.025 0.0000000000
144981  3.811  -1.787  50.525 0.0000000000
144980  3.767  -1.853  49.646 0.0000000000
64664  3.694  -1.135  49.158 0.0000000000
154614  3.744  0.334  49.999 0.0000000000
65602  3.684  -0.239  49.385 0.0000000000
64667  3.751  -1.864  48.749 0.0000000000
144191  3.672  -1.071  48.266 0.0000000000
143079  3.675  -1.151  47.282 0.0000000000
65606  3.668  -0.511  46.801 0.0000000000
71022  4.517  4.414  49.991 0.0000000000
71023  4.149  3.669  49.420 0.0000000000
144084  3.883  2.541  48.761 0.0000000000
137925  4.591  4.576  48.470 0.0000000000
69936  3.965  3.190  48.615 0.0000000000
144828  3.822  1.912  48.562 0.0000000000
66683  3.746  0.898  47.281 0.0000000000
157504  3.727  0.504  46.782 0.0000000000
65608  3.805  -0.533  45.909 0.0000000000
65611  4.193  -0.459  44.989 0.0000000000
141322  4.886  -0.161  44.403 0.0000000000
68880  4.853  2.104  45.514 0.0000000000
66706  4.959  0.735  44.676 0.0000000000
66712  5.475  0.267  43.947 0.0000000000
66719  5.853  -0.091  43.194 0.0000000000
66718  6.249  0.280  42.883 0.0000000000
139109  16.269  -1.450  58.323 0.0000000000
65533  16.029  -0.837  58.026 0.0000000000
65545  16.432  -0.420  57.406 0.0000000000
66572  16.819  0.070  56.936 0.0000000000
58325  22.190  -7.456  52.481 0.0000000000
60627  27.040  -5.164  54.261 0.0000000000
59504  25.134  -6.529  53.424 0.0000000000
59505  24.163  -6.541  53.560 0.0000000000
60630  24.394  -5.350  54.412 0.0000000000
155088  22.930  -6.931  53.365 0.0000000000
58311  22.617  -7.165  53.008 0.0000000000
58312  21.709  -7.188  53.122 0.0000000000
58304  21.590  -6.915  54.037 0.0000000000
59487  21.594  -5.807  55.143 0.0000000000
59488  20.630  -6.059  55.329 0.0000000000
151350  21.333  -2.796  56.083 0.0000000000
62688  21.246  -3.545  56.169 0.0000000000
61673  20.579  -4.182  56.504 0.0000000000
60606  20.010  -4.649  57.033 0.0000000000
61668  19.331  -4.220  57.386 0.0000000000
61662  18.936  -3.922  58.006 0.0000000000
62680  18.571  -3.340  58.069 0.0000000000
152697  18.116  -2.710  58.149 0.0000000000
63633  17.342  -2.453  58.327 0.0000000000
135893  16.764  -1.859  58.357 0.0000000000
52665  3.495  -13.029  50.001 0.0000000000
132767  3.805  -10.552  49.378 0.0000000000
53744  3.704  -11.291  52.386 0.0000000000
133282  3.730  -10.828  51.927 0.0000000000
143766  3.791  -10.262  51.765 0.0000000000
131226  3.826  -9.822  52.185 0.0000000000
148708  3.796  -10.132  51.045 0.0000000000
55906  3.877  -9.494  50.752 0.0000000000
55915  3.953  -9.275  50.068 0.0000000000
57016  4.491  -8.438  50.113 0.0000000000
58350  4.814  -7.730  50.536 0.0000000000
58349  5.374  -7.115  50.576 0.0000000000
139826  5.279  -6.712  51.689 0.0000000000
131428  5.684  -6.100  51.536 0.0000000000
154281  5.718  -6.016  50.960 0.0000000000
60645  5.321  -5.543  51.122 0.0000000000
62718  3.984  -3.307  51.569 0.0000000000
58291  5.831  -7.786  57.046 0.0000000000
59478  6.180  -6.130  56.901 0.0000000000
59484  5.481  -6.870  55.801 0.0000000000
60616  5.701  -6.092  55.447 0.0000000000
63642  6.185  -3.012  56.618 0.0000000000
62698  5.804  -3.831  55.626 0.0000000000
61691  5.281  -4.692  53.955 0.0000000000
63660  4.688  -2.454  54.183 0.0000000000
62710  4.481  -3.124  53.187 0.0000000000
62714  4.618  -3.851  52.906 0.0000000000
62715  4.236  -3.227  52.407 0.0000000000
63669  3.905  -2.524  51.936 0.0000000000
64657  3.850  -1.729  51.411 0.0000000000
66634  3.862  0.049  51.913 0.0000000000
143917  3.976  0.944  52.655 0.0000000000
142850  3.940  1.470  52.128 0.0000000000
133727  4.041  2.505  51.723 0.0000000000
70992  4.541  3.584  51.909 0.0000000000
144378  4.784  4.826  51.981 0.0000000000
69866  5.632  2.857  54.967 0.0000000000
69876  5.347  3.134  54.456 0.0000000000
146092  5.501  3.811  54.352 0.0000000000
70968  5.394  4.372  53.935 0.0000000000
72094  5.363  4.893  53.441 0.0000000000
72117  5.008  5.093  52.719 0.0000000000
73278  5.041  5.479  51.901 0.0000000000
140879  5.989  6.695  52.186 0.0000000000
65546  15.553  -0.371  57.463 0.0000000000
56988  20.613  -7.908  52.338 0.0000000000
56998  19.611  -8.187  51.477 0.0000000000
55902  19.500  -8.310  50.671 0.0000000000
55896  18.302  -8.291  51.427 0.0000000000
51638  8.615  -13.428  55.711 0.0000000000
51713  3.698  -13.494  47.513 0.0000000000
55938  4.320  -9.909  47.879 0.0000000000
54922  3.986  -10.880  46.794 0.0000000000
54930  4.142  -11.166  45.989 0.0000000000
55965  4.825  -9.872  45.773 0.0000000000
54929  4.597  -10.644  45.468 0.0000000000
53860  4.560  -12.180  44.893 0.0000000000
52768  4.879  -12.958  44.482 0.0000000000
53894  6.047  -11.978  42.861 0.0000000000
51767  7.628  -13.634  40.180 0.0000000000
61712  4.174  -4.105  49.402 0.0000000000
61711  4.623  -4.876  49.088 0.0000000000
61715  4.672  -4.949  48.103 0.0000000000
60661  5.803  -5.718  48.191 0.0000000000
59535  7.415  -6.736  47.505 0.0000000000
58407  8.334  -7.020  46.733 0.0000000000
58421  8.657  -7.113  46.080 0.0000000000
61728  4.036  -3.964  45.165 0.0000000000
60676  4.418  -4.816  45.373 0.0000000000
59561  5.317  -5.871  45.100 0.0000000000
59586  6.392  -6.344  43.856 0.0000000000
137532  7.596  -6.460  44.520 0.0000000000
148803  7.805  -6.459  45.380 0.0000000000
59570  8.979  -6.867  45.446 0.0000000000
57114  8.829  -8.400  44.096 0.0000000000
56010  8.187  -9.500  42.684 0.0000000000
56027  8.369  -9.797  41.872 0.0000000000
57141  9.942  -8.452  41.884 0.0000000000
54974  8.638  -10.193  41.121 0.0000000000
54989  8.157  -11.090  40.791 0.0000000000
52815  8.299  -12.531  40.112 0.0000000000
51776  7.917  -13.862  39.389 0.0000000000
51775  8.588  -13.458  38.972 0.0000000000
52846  8.559  -13.359  37.821 0.0000000000
136398  8.619  -12.838  37.042 0.0000000000
58559  9.202  -7.683  36.320 0.0000000000
57207  9.150  -8.297  35.747 0.0000000000
58561  8.339  -6.921  36.107 0.0000000000
56081  8.960  -9.252  35.315 0.0000000000
55051  8.685  -10.155  35.161 0.0000000000
75565  9.321  8.598  47.577 0.0000000000
75577  8.902  8.248  46.845 0.0000000000
74493  7.851  7.444  46.296 0.0000000000
75588  9.913  8.274  45.860 0.0000000000
74503  8.544  7.562  45.605 0.0000000000
73343  7.154  6.758  45.783 0.0000000000
72191  6.706  6.045  45.129 0.0000000000
141458  6.351  5.125  44.777 0.0000000000
71087  6.414  4.266  44.472 0.0000000000
72206  6.690  4.812  44.000 0.0000000000
71094  6.656  3.583  44.163 0.0000000000
70008  6.762  2.083  43.680 0.0000000000
67827  6.445  1.134  43.395 0.0000000000
67845  6.520  0.600  42.587 0.0000000000
70005  7.383  3.328  42.980 0.0000000000
68921  7.547  1.837  42.153 0.0000000000
70014  7.182  2.402  42.901 0.0000000000
66725  6.558  0.215  41.776 0.0000000000
65627  6.262  -0.606  41.704 0.0000000000
65634  6.203  -1.042  40.998 0.0000000000
65641  6.266  -1.259  40.074 0.0000000000
64713  5.852  -2.432  39.340 0.0000000000
65651  6.525  -1.408  39.170 0.0000000000
151699  6.442  -1.766  38.715 0.0000000000
63732  5.961  -2.723  38.593 0.0000000000
62787  6.000  -3.462  37.540 0.0000000000
61792  6.083  -4.265  36.505 0.0000000000
60776  6.115  -4.746  35.882 0.0000000000
65658  7.828  -0.797  37.320 0.0000000000
65667  7.159  -1.127  36.374 0.0000000000
138912  6.537  -2.183  35.719 0.0000000000
62796  5.978  -3.147  35.540 0.0000000000
60789  6.190  -5.176  35.133 0.0000000000
50717  7.220  -14.241  37.891 0.0000000000
51782  6.787  -14.687  37.924 0.0000000000
52833  8.214  -13.226  39.815 0.0000000000
52856  8.078  -13.168  36.875 0.0000000000
53663  10.664  -10.711  57.854 0.0000000000
53927  7.841  -11.960  40.588 0.0000000000
54950  5.697  -10.588  43.656 0.0000000000
54987  9.787  -10.250  39.886 0.0000000000
55950  4.369  -10.177  47.077 0.0000000000
55979  4.974  -10.019  44.983 0.0000000000
56026  9.315  -9.326  41.501 0.0000000000
56040  10.098  -9.245  40.260 0.0000000000
56049  10.568  -9.008  38.986 0.0000000000
56071  10.484  -9.042  37.560 0.0000000000
56950  10.369  -7.726  59.399 0.0000000000
56957  6.881  -8.056  58.108 0.0000000000
56974  4.663  -8.943  54.645 0.0000000000
57075  8.986  -7.358  45.249 0.0000000000
57094  8.564  -8.150  44.920 0.0000000000
57139  10.345  -7.689  40.434 0.0000000000
57140  10.261  -7.886  41.294 0.0000000000
57153  10.335  -8.367  40.456 0.0000000000
57192  10.276  -8.282  37.198 0.0000000000
58273  11.389  -7.388  59.551 0.0000000000
58376  6.300  -7.139  49.023 0.0000000000
58389  7.992  -6.957  47.137 0.0000000000
58463  6.584  -6.281  41.664 0.0000000000
58479  9.528  -6.857  41.665 0.0000000000
58482  6.593  -6.192  40.866 0.0000000000
58495  9.922  -7.187  40.242 0.0000000000
58515  7.332  -6.056  39.518 0.0000000000
58516  7.204  -5.750  39.603 0.0000000000
58527  10.253  -7.553  38.631 0.0000000000
58531  7.587  -5.806  38.439 0.0000000000
58542  10.164  -7.649  37.761 0.0000000000
58547  7.337  -5.591  37.767 0.0000000000
58562  7.622  -5.910  36.875 0.0000000000
59463  15.170  -6.392  59.005 0.0000000000
59469  15.517  -6.626  58.468 0.0000000000
59527  5.480  -6.592  51.082 0.0000000000
59546  8.206  -6.854  46.733 0.0000000000
59548  6.858  -6.280  46.844 0.0000000000
59558  8.320  -6.649  46.043 0.0000000000
59560  6.241  -6.197  45.661 0.0000000000
59572  6.816  -6.348  45.022 0.0000000000
59574  5.073  -5.881  44.069 0.0000000000
59584  9.191  -6.746  44.413 0.0000000000
59587  5.838  -6.041  42.934 0.0000000000
59597  9.160  -6.615  43.385 0.0000000000
59601  6.064  -5.471  42.261 0.0000000000
59633  6.800  -5.500  40.028 0.0000000000
59645  6.837  -5.178  38.351 0.0000000000
59653  7.216  -5.495  37.710 0.0000000000
60660  7.930  -6.791  47.093 0.0000000000
60665  5.661  -5.718  47.233 0.0000000000
60686  4.410  -4.447  44.468 0.0000000000
60695  4.933  -5.206  43.544 0.0000000000
60705  5.661  -4.351  42.498 0.0000000000
60713  5.885  -4.394  41.575 0.0000000000
60730  6.249  -4.686  40.099 0.0000000000
60731  6.145  -4.448  39.648 0.0000000000
60764  6.534  -4.975  37.020 0.0000000000
61683  5.850  -4.628  55.321 0.0000000000
61720  4.071  -4.068  47.559 0.0000000000
61756  5.620  -3.867  41.381 0.0000000000
61762  5.617  -3.893  40.740 0.0000000000
61774  5.954  -4.016  39.251 0.0000000000
61781  5.977  -3.983  38.487 0.0000000000
61787  6.053  -4.049  37.294 0.0000000000
62669  11.709  -3.806  59.861 0.0000000000
62673  16.369  -3.506  59.098 0.0000000000
62683  7.512  -3.781  58.022 0.0000000000
62705  4.630  -3.025  53.832 0.0000000000
62744  4.139  -3.358  44.565 0.0000000000
62783  5.900  -3.362  38.342 0.0000000000
62791  6.032  -3.595  36.800 0.0000000000
62802  5.904  -3.247  34.703 0.0000000000
63628  11.496  -2.505  59.265 0.0000000000
63676  3.829  -2.582  50.140 0.0000000000
63693  3.876  -2.337  45.353 0.0000000000
63721  5.458  -2.793  40.908 0.0000000000
63737  6.052  -2.895  37.862 0.0000000000
63742  6.342  -2.428  37.509 0.0000000000
63750  6.086  -3.079  36.322 0.0000000000
64611  17.401  -1.670  58.116 0.0000000000
64616  8.241  -1.487  58.084 0.0000000000
64628  19.872  -1.376  56.648 0.0000000000
64677  4.282  -2.054  44.475 0.0000000000
64712  6.175  -2.172  38.735 0.0000000000
64718  6.495  -2.029  38.073 0.0000000000
65599  3.754  -0.274  50.368 0.0000000000
65614  5.446  -0.476  43.613 0.0000000000
65648  7.480  -0.681  38.181 0.0000000000
65657  8.896  -0.559  37.169 0.0000000000
65660  6.969  -1.336  37.771 0.0000000000
65664  10.057  -0.120  36.108 0.0000000000
65669  6.797  -1.577  37.029 0.0000000000
65688  9.468  0.042  34.871 0.0000000000
66676  3.665  0.417  48.762 0.0000000000
66726  6.393  -0.091  42.101 0.0000000000
66733  10.038  1.113  39.800 0.0000000000
66748  6.793  0.031  39.739 0.0000000000
66749  6.546  -0.304  40.136 0.0000000000
66768  10.578  0.770  36.249 0.0000000000
67764  3.887  0.756  52.001 0.0000000000
67772  3.884  1.229  51.453 0.0000000000
67808  3.832  1.746  47.675 0.0000000000
67821  4.821  1.460  45.143 0.0000000000
67835  6.014  0.629  43.598 0.0000000000
67844  6.671  0.829  42.276 0.0000000000
67867  10.661  1.421  38.676 0.0000000000
68790  5.275  2.405  54.695 0.0000000000
68822  3.941  2.433  51.115 0.0000000000
68900  5.936  1.640  44.463 0.0000000000
69856  7.061  2.984  56.238 0.0000000000
69886  4.936  3.546  53.790 0.0000000000
69895  4.381  2.886  52.163 0.0000000000
69910  3.959  3.055  49.989 0.0000000000
69922  3.908  2.875  49.296 0.0000000000
69961  4.384  3.047  46.695 0.0000000000
69986  5.543  2.522  45.255 0.0000000000
69996  6.798  2.937  44.019 0.0000000000
70981  4.933  4.297  53.223 0.0000000000
71003  4.378  3.676  51.137 0.0000000000
71038  4.291  3.941  48.528 0.0000000000
71063  5.037  4.343  46.289 0.0000000000
71095  6.620  3.123  44.404 0.0000000000
71102  6.962  3.718  43.438 0.0000000000
72133  4.758  5.112  50.516 0.0000000000
72192  6.136  5.635  45.548 0.0000000000
72212  7.911  4.887  42.969 0.0000000000
73305  5.054  5.841  49.298 0.0000000000
73334  5.569  6.096  47.609 0.0000000000
74453  6.102  7.060  50.447 0.0000000000
74458  6.639  7.390  49.227 0.0000000000
74469  7.366  7.727  48.009 0.0000000000
74481  8.244  7.949  46.974 0.0000000000
74492  8.537  7.859  46.363 0.0000000000
74520  9.166  6.996  43.897 0.0000000000
75566  8.608  8.309  47.458 0.0000000000
131251  16.593  -8.270  54.758 0.0000000000
133651  5.693  5.345  46.051 0.0000000000
134372  11.853  -9.381  58.411 0.0000000000
134719  3.800  -12.126  47.151 0.0000000000
135343  7.381  -0.960  36.674 0.0000000000
135859  3.635  -0.422  47.651 0.0000000000
136385  8.981  2.643  41.731 0.0000000000
136684  3.616  -11.654  49.892 0.0000000000
137929  10.545  -8.035  39.899 0.0000000000
138013  4.409  0.284  44.987 0.0000000000
138390  5.917  6.311  47.093 0.0000000000
138520  7.971  -6.451  38.915 0.0000000000
138813  5.754  -3.039  39.143 0.0000000000
139289  7.403  -6.491  43.656 0.0000000000
139647  3.650  0.147  47.158 0.0000000000
139980  5.793  -4.286  40.984 0.0000000000
141208  4.732  -4.096  43.790 0.0000000000
141221  23.665  -8.097  51.191 0.0000000000
141383  10.417  -5.230  59.816 0.0000000000
142106  5.531  -2.241  42.252 0.0000000000
142819  3.853  1.841  49.927 0.0000000000
142894  5.454  -3.251  42.526 0.0000000000
143570  3.735  -1.218  46.387 0.0000000000
144149  5.094  -1.623  43.934 0.0000000000
144273  3.910  -3.570  46.070 0.0000000000
145329  4.783  5.040  47.990 0.0000000000
146195  6.232  -2.673  35.839 0.0000000000
146693  3.737  0.117  46.420 0.0000000000
147570  5.990  -3.854  37.896 0.0000000000
148986  10.514  1.432  39.389 0.0000000000
149437  7.295  -5.938  36.320 0.0000000000
149584  8.803  1.678  41.252 0.0000000000
149673  6.639  6.608  46.318 0.0000000000
150038  5.390  1.347  44.693 0.0000000000
151328  6.066  3.585  45.218 0.0000000000
154454  4.638  -0.659  44.475 0.0000000000
154601  6.187  4.604  44.913 0.0000000000
154876  8.226  7.123  44.969 0.0000000000
155971  3.884  -12.577  45.917 0.0000000000
156256  5.925  -4.202  35.788 0.0000000000
156291  7.847  -6.327  36.250 0.0000000000
156460  14.964  -1.316  58.488 0.0000000000
157818  4.004  2.903  47.337 0.0000000000
