#!ascii label  , from subject freesurfer vox2ras=TkReg
1008
144009  20.921  2.651  -44.691 0.2500000000
69737  20.957  2.880  -45.039 0.2500000000
68652  21.186  2.147  -44.710 0.7500000000
74240  19.888  6.143  -44.971 0.2500000000
73105  20.137  5.347  -44.892 0.1250000000
73112  20.250  5.634  -45.287 0.3750000000
135807  20.263  4.544  -44.943 0.2500000000
69728  20.345  3.251  -44.767 0.2500000000
69748  21.333  3.079  -45.836 0.7500000000
68651  21.592  1.642  -45.181 0.8750000000
69736  21.429  2.424  -45.486 0.8750000000
67621  22.202  1.219  -45.728 0.8750000000
143738  20.343  4.823  -45.164 0.3750000000
71933  20.836  4.390  -45.765 0.3750000000
70827  21.208  3.926  -46.026 0.8750000000
70820  20.846  3.532  -45.355 0.7500000000
69763  22.556  2.687  -47.450 1.0000000000
69764  22.080  3.052  -46.970 1.0000000000
68662  22.500  1.583  -46.547 1.0000000000
149283  21.748  2.705  -46.308 0.8750000000
67638  23.091  1.170  -46.991 1.0000000000
71940  20.657  5.158  -45.921 0.7500000000
131290  21.305  5.084  -46.966 0.8750000000
71948  21.491  4.255  -46.856 0.8750000000
71939  21.053  4.737  -46.272 0.7500000000
69779  22.899  3.098  -48.148 1.0000000000
70838  22.313  3.547  -47.672 1.0000000000
137464  21.899  4.140  -47.454 1.0000000000
68692  23.832  1.866  -48.326 1.0000000000
68693  23.150  2.301  -47.864 1.0000000000
68675  23.419  1.510  -47.663 1.0000000000
68676  22.767  1.920  -47.247 1.0000000000
140068  19.525  6.541  -44.937 0.1250000000
73119  20.497  5.894  -46.006 0.6250000000
73118  20.910  5.466  -46.486 0.8750000000
71947  21.714  4.783  -47.500 1.0000000000
69789  24.084  3.113  -49.210 1.0000000000
70853  23.378  3.525  -48.825 1.0000000000
71959  22.256  4.482  -48.046 1.0000000000
68708  24.335  2.272  -48.953 1.0000000000
69778  23.591  2.700  -48.540 1.0000000000
134861  25.897  1.848  -49.781 1.0000000000
68707  25.138  1.775  -49.387 1.0000000000
138958  20.195  9.929  -46.607 0.2500000000
75321  19.224  7.272  -45.121 0.2500000000
75338  19.360  7.802  -45.433 0.3750000000
74252  20.121  6.446  -45.505 0.5000000000
74268  21.037  6.715  -47.289 1.0000000000
153419  20.415  6.580  -46.188 0.6250000000
73126  21.202  5.691  -47.078 1.0000000000
73137  22.365  5.180  -48.567 1.0000000000
73125  21.531  5.474  -47.590 1.0000000000
70865  24.605  3.482  -49.811 1.0000000000
70866  23.855  3.897  -49.528 1.0000000000
71971  23.675  4.652  -49.758 1.0000000000
70876  25.201  3.683  -50.365 1.0000000000
68722  26.311  2.458  -50.121 1.0000000000
70884  26.649  3.970  -50.753 1.0000000000
136156  26.432  3.289  -50.488 1.0000000000
77557  20.465  9.773  -47.168 0.5000000000
149751  20.225  9.362  -46.636 0.3750000000
77538  19.816  9.208  -46.164 0.3750000000
76415  19.716  8.342  -45.960 0.5000000000
138957  20.123  8.705  -46.440 0.5000000000
75353  20.927  7.444  -47.446 0.8750000000
74278  21.559  6.545  -48.303 1.0000000000
75375  21.975  7.578  -49.284 1.0000000000
73148  23.561  5.395  -50.053 1.0000000000
74291  22.004  6.653  -48.972 1.0000000000
73158  24.723  4.925  -50.764 1.0000000000
138491  24.113  4.949  -50.298 1.0000000000
71994  27.246  5.096  -51.200 1.0000000000
71996  26.215  4.530  -51.064 1.0000000000
71984  27.238  4.025  -50.686 0.8750000000
78653  20.739  10.199  -47.700 0.5000000000
76434  20.477  8.967  -47.121 0.5000000000
77568  20.925  9.402  -47.922 0.6250000000
76450  21.344  8.709  -48.480 0.6250000000
76449  21.637  8.139  -48.958 1.0000000000
75363  21.308  7.804  -48.187 0.7500000000
144015  22.359  7.167  -49.564 1.0000000000
74327  26.612  6.782  -51.893 1.0000000000
74328  25.954  6.899  -51.949 1.0000000000
74315  24.296  6.278  -51.201 1.0000000000
73160  23.500  6.409  -50.519 1.0000000000
74313  26.974  6.182  -51.806 1.0000000000
74314  25.607  5.698  -51.555 1.0000000000
73170  24.840  5.562  -51.244 1.0000000000
74312  27.363  6.473  -51.764 0.8750000000
73168  26.876  5.528  -51.548 1.0000000000
73157  27.812  5.205  -51.030 0.8750000000
77579  21.375  9.453  -48.731 0.5000000000
77578  21.670  9.049  -49.348 0.8750000000
76490  24.009  8.996  -51.959 1.0000000000
76478  22.928  8.551  -50.835 1.0000000000
75403  26.190  7.577  -52.129 1.0000000000
75405  24.724  7.802  -52.148 1.0000000000
139392  23.923  7.057  -51.236 1.0000000000
144649  26.340  9.090  -52.341 1.0000000000
75384  27.552  7.219  -51.564 1.0000000000
75392  27.106  7.218  -51.903 1.0000000000
76476  26.852  8.741  -51.937 1.0000000000
76467  27.739  8.033  -51.015 1.0000000000
78665  21.219  10.231  -48.477 0.5000000000
77590  21.889  9.670  -49.891 0.8750000000
78699  24.497  10.489  -52.715 1.0000000000
77609  23.492  9.536  -51.729 1.0000000000
79793  26.654  11.318  -52.131 1.0000000000
78690  26.321  10.579  -52.452 1.0000000000
79783  27.873  11.236  -50.615 1.0000000000
78689  26.887  10.488  -51.794 1.0000000000
77608  26.588  9.706  -52.176 1.0000000000
77599  27.761  9.702  -50.810 1.0000000000
145323  28.030  8.927  -50.497 0.8750000000
82057  23.396  13.751  -52.319 1.0000000000
82046  22.615  13.246  -51.489 0.3750000000
149412  23.488  13.062  -52.482 0.8750000000
79816  24.428  11.726  -53.025 1.0000000000
80941  26.598  12.101  -52.683 1.0000000000
79813  25.757  11.732  -53.146 1.0000000000
83101  23.759  14.441  -52.626 0.8750000000
83110  24.414  14.354  -53.265 1.0000000000
82056  23.996  13.469  -52.923 1.0000000000
83109  24.830  13.629  -53.528 1.0000000000
80963  25.381  12.513  -53.524 1.0000000000
145674  26.627  12.807  -53.367 1.0000000000
82055  26.993  13.579  -52.979 1.0000000000
82044  27.003  12.921  -52.170 1.0000000000
84083  23.565  15.425  -52.332 0.7500000000
83120  25.162  14.485  -53.939 1.0000000000
83118  26.079  14.818  -54.991 1.0000000000
84080  27.356  15.257  -52.919 1.0000000000
83107  26.349  14.308  -54.818 1.0000000000
157737  26.647  13.366  -53.959 1.0000000000
84092  25.346  15.293  -54.409 1.0000000000
83119  25.749  14.684  -54.623 1.0000000000
144337  26.524  15.012  -54.643 1.0000000000
90106  24.401  20.849  -52.654 0.1250000000
89085  24.443  20.421  -51.523 0.1250000000
89102  24.338  20.573  -53.183 0.2500000000
90118  24.458  21.252  -53.307 0.1250000000
89107  24.460  20.736  -53.962 0.3750000000
90136  24.542  21.567  -54.517 0.2500000000
90147  24.540  21.638  -55.368 0.3750000000
91174  24.534  21.742  -53.668 0.2500000000
91185  24.539  21.986  -54.294 0.2500000000
91199  24.648  22.449  -54.766 0.2500000000
91200  24.522  22.185  -55.184 0.2500000000
91210  24.404  22.535  -55.944 0.2500000000
139753  24.302  22.085  -55.994 0.3750000000
90158  24.104  21.907  -56.572 0.3750000000
91216  24.144  22.602  -56.582 0.2500000000
149026  20.493  3.097  -44.748 0.1250000000
70821  20.224  3.967  -44.976 0.2500000000
71929  20.190  5.061  -44.759 0.1250000000
67651  25.106  0.870  -48.789 1.0000000000
76469  22.187  9.128  -50.034 0.8750000000
77616  25.406  9.538  -52.632 1.0000000000
68631  21.086  1.390  -43.423 0.1250000000
67611  21.819  0.817  -44.946 0.6250000000
67610  22.398  0.369  -45.473 0.7500000000
73106  19.948  5.832  -44.776 0.1250000000
66504  23.038  -0.054  -45.943 1.0000000000
70813  20.037  3.664  -44.777 0.1250000000
67637  23.640  0.810  -47.447 1.0000000000
144609  24.825  0.249  -48.192 1.0000000000
67658  25.945  1.074  -49.456 1.0000000000
135702  19.097  7.759  -45.192 0.3750000000
77539  19.651  9.278  -45.934 0.2500000000
76416  19.433  8.603  -45.679 0.2500000000
70873  27.438  3.349  -50.436 0.8750000000
73156  28.306  5.670  -50.856 0.8750000000
71982  27.978  4.444  -50.624 0.8750000000
76466  28.392  8.086  -50.171 0.8750000000
82037  22.258  13.397  -50.874 0.1250000000
80932  22.282  12.648  -51.028 0.1250000000
78684  22.357  10.603  -50.964 0.6250000000
78683  27.516  10.476  -51.090 1.0000000000
80942  22.713  12.539  -51.696 0.3750000000
79804  22.900  11.775  -51.903 0.8750000000
141870  27.520  12.777  -51.302 1.0000000000
82043  27.950  13.543  -51.100 1.0000000000
83094  28.093  14.463  -51.516 1.0000000000
83121  24.737  15.182  -53.660 1.0000000000
83099  27.422  14.398  -52.532 1.0000000000
149941  24.443  15.998  -53.290 0.8750000000
134196  25.365  16.612  -54.316 1.0000000000
85140  26.041  16.146  -54.771 1.0000000000
84081  26.904  15.266  -53.853 1.0000000000
89083  24.262  19.844  -49.287 0.1250000000
88080  23.781  19.016  -51.059 0.1250000000
130895  24.083  18.800  -52.899 0.6250000000
89127  24.716  21.118  -55.611 0.5000000000
138665  24.692  21.196  -56.319 0.5000000000
91173  24.651  21.955  -53.398 0.2500000000
91184  24.599  22.202  -54.064 0.2500000000
136072  24.411  21.529  -56.123 0.5000000000
89140  24.403  21.321  -56.924 0.5000000000
92283  24.787  23.013  -55.163 0.1250000000
134812  23.943  22.900  -57.189 0.2500000000
90169  23.891  21.674  -57.147 0.3750000000
141544  23.656  22.807  -57.366 0.2500000000
92284  24.560  22.717  -55.566 0.1250000000
69721  20.961  2.460  -44.451 0.1250000000
67612  21.309  1.247  -44.309 0.5000000000
68663  21.971  2.014  -46.019 0.8750000000
67620  22.759  0.749  -46.272 1.0000000000
69747  21.605  3.425  -46.539 1.0000000000
68677  22.270  2.328  -46.785 1.0000000000
67636  24.198  0.997  -48.110 1.0000000000
68691  24.511  1.544  -48.734 1.0000000000
141530  21.958  5.188  -47.983 1.0000000000
69788  24.806  2.690  -49.563 1.0000000000
70854  22.742  3.907  -48.469 1.0000000000
71958  22.692  4.584  -48.723 1.0000000000
69787  25.535  2.481  -49.870 1.0000000000
157746  19.160  8.101  -45.333 0.3750000000
74263  20.047  7.423  -45.950 0.5000000000
135297  20.626  7.039  -46.742 0.8750000000
73139  21.321  6.178  -47.613 1.0000000000
73150  22.427  5.842  -49.089 1.0000000000
69796  25.771  3.135  -50.287 1.0000000000
70877  24.480  4.276  -50.216 1.0000000000
71972  23.202  4.289  -49.110 1.0000000000
71985  25.329  4.348  -50.777 1.0000000000
71995  26.962  4.546  -50.958 1.0000000000
75347  20.442  8.014  -46.800 0.6250000000
76440  20.889  8.379  -47.680 0.6250000000
75374  22.421  7.839  -49.870 1.0000000000
73159  24.161  5.548  -50.691 1.0000000000
132765  22.993  5.915  -49.760 1.0000000000
74290  22.584  6.520  -49.583 1.0000000000
73169  26.254  5.269  -51.416 1.0000000000
73167  27.838  5.967  -51.374 0.8750000000
70872  27.853  3.658  -50.396 0.8750000000
76468  22.485  8.540  -50.244 1.0000000000
75395  23.337  7.677  -50.925 1.0000000000
76486  26.861  7.867  -52.000 1.0000000000
156733  25.648  6.353  -51.772 1.0000000000
75393  24.514  7.040  -51.673 1.0000000000
75404  25.458  7.735  -52.232 1.0000000000
74302  27.820  6.614  -51.401 0.8750000000
77617  24.728  9.745  -52.614 1.0000000000
139281  23.041  9.181  -51.213 1.0000000000
76489  24.964  8.708  -52.494 1.0000000000
75394  24.010  7.956  -51.729 1.0000000000
76487  26.396  8.281  -52.235 1.0000000000
142337  25.975  9.030  -52.491 1.0000000000
77607  27.210  9.652  -51.577 1.0000000000
142035  27.486  8.838  -51.307 1.0000000000
78676  21.858  10.465  -50.124 0.6250000000
77601  22.268  9.827  -50.509 0.7500000000
77610  22.812  9.938  -51.316 1.0000000000
77618  24.069  9.912  -52.382 1.0000000000
78691  23.444  10.435  -52.058 1.0000000000
77626  25.014  10.550  -52.867 1.0000000000
78709  24.651  11.170  -52.952 1.0000000000
78708  25.047  11.332  -53.082 1.0000000000
78707  25.386  11.140  -52.985 1.0000000000
80931  27.657  12.033  -50.877 1.0000000000
79802  26.169  11.452  -52.837 1.0000000000
77625  25.497  10.389  -52.767 1.0000000000
139143  23.059  13.157  -52.023 0.7500000000
80951  23.817  12.521  -52.793 1.0000000000
80952  23.224  12.499  -52.263 0.7500000000
78700  24.024  10.972  -52.703 1.0000000000
80962  25.822  12.532  -53.632 1.0000000000
79803  23.884  11.780  -52.804 1.0000000000
146310  24.803  12.341  -53.293 1.0000000000
80950  26.162  12.297  -53.391 1.0000000000
84082  24.137  15.200  -52.932 0.8750000000
82070  24.496  12.824  -53.227 1.0000000000
82082  25.656  13.907  -54.082 1.0000000000
82068  26.334  13.625  -54.540 1.0000000000
146519  26.218  13.046  -53.967 1.0000000000
80964  25.245  13.060  -53.619 1.0000000000
84091  25.761  15.526  -54.940 1.0000000000
83108  26.159  14.172  -54.533 1.0000000000
84090  26.185  15.477  -54.923 1.0000000000
152657  25.468  15.940  -54.617 1.0000000000
85142  25.055  15.980  -54.024 1.0000000000
137396  24.265  19.984  -50.548 0.1250000000
89095  24.209  20.094  -52.276 0.1250000000
89086  24.053  19.738  -51.325 0.1250000000
90117  24.524  21.453  -53.027 0.2500000000
90125  24.483  21.382  -53.812 0.2500000000
88090  23.918  19.267  -51.934 0.3750000000
88098  24.136  19.546  -52.680 0.5000000000
133407  24.625  20.913  -54.772 0.5000000000
91224  23.830  22.392  -56.931 0.2500000000
68640  21.086  1.918  -44.057 0.2500000000
68624  21.230  1.955  -42.650 0.1250000000
148981  21.565  0.426  -44.355 0.6250000000
66503  23.492  0.254  -46.780 1.0000000000
149196  21.947  12.014  -50.499 0.5000000000
78664  21.506  10.723  -49.296 0.6250000000
78692  22.871  10.888  -51.688 0.8750000000
79794  22.490  11.290  -51.314 0.7500000000
79795  22.376  11.921  -51.213 0.7500000000
79784  22.102  11.269  -50.684 0.8750000000
154177  23.441  11.975  -52.469 1.0000000000
132223  25.995  17.521  -54.398 1.0000000000
140726  26.574  15.900  -54.310 1.0000000000
88123  24.530  19.831  -54.209 0.7500000000
88110  24.302  19.754  -53.400 0.7500000000
136992  23.496  22.157  -57.161 0.2500000000
89150  24.009  21.060  -57.614 0.3750000000
62614  23.910  -4.130  -44.015 0.7500000000
62626  25.943  -4.248  -45.191 0.7500000000
63555  22.910  -2.989  -43.802 0.7500000000
63565  25.561  -3.576  -45.523 0.7500000000
63553  24.316  -3.711  -44.635 0.7500000000
63567  23.961  -2.965  -44.913 0.7500000000
64538  23.224  -2.632  -44.489 0.7500000000
63564  26.325  -3.826  -45.677 0.7500000000
63580  25.209  -2.873  -45.848 0.7500000000
64547  24.410  -2.562  -45.560 0.7500000000
66480  22.107  -0.876  -44.497 0.7500000000
66492  22.005  -0.005  -44.730 0.6250000000
150660  23.563  -1.457  -45.585 0.8750000000
65457  22.930  -1.332  -45.017 0.8750000000
156169  26.791  -2.955  -46.459 0.7500000000
156748  24.865  -2.165  -46.188 0.7500000000
65469  23.888  -1.117  -46.163 0.8750000000
149967  23.577  -0.480  -46.311 0.8750000000
64570  26.049  -1.969  -46.848 0.7500000000
65467  25.299  -1.738  -46.778 0.7500000000
65483  24.978  -1.095  -47.224 0.8750000000
65490  26.557  -1.046  -47.779 0.7500000000
66516  25.391  -0.763  -47.694 0.8750000000
67648  27.231  0.393  -48.971 0.8750000000
67649  26.600  0.269  -48.926 0.8750000000
67657  26.735  0.908  -49.506 0.8750000000
68706  26.513  1.653  -49.832 0.8750000000
69776  28.894  2.235  -48.479 0.3750000000
68703  27.922  1.781  -49.569 0.6250000000
68704  27.508  1.731  -49.750 0.7500000000
68705  27.073  1.633  -49.855 0.7500000000
69775  29.490  3.003  -48.179 0.5000000000
69777  28.275  2.323  -49.423 0.5000000000
70864  28.085  3.177  -49.950 0.7500000000
69794  27.696  2.973  -50.216 0.7500000000
157545  30.776  4.246  -47.761 0.1250000000
70851  29.320  3.888  -48.610 0.3750000000
70863  28.618  3.952  -49.539 0.6250000000
135100  28.190  4.088  -50.310 0.6250000000
157576  28.235  4.564  -50.498 0.6250000000
71955  32.114  4.805  -47.910 0.1250000000
71956  31.158  4.893  -47.837 0.1250000000
73136  29.797  5.548  -48.660 0.1250000000
74275  31.298  6.280  -48.164 0.1250000000
74277  29.583  6.338  -49.002 0.6250000000
75372  29.179  6.868  -49.510 0.6250000000
75373  28.606  7.088  -50.226 0.7500000000
74274  32.246  6.345  -48.279 0.1250000000
75371  32.980  7.830  -48.842 0.1250000000
145525  30.561  7.766  -48.471 0.1250000000
75361  29.658  7.597  -48.880 0.5000000000
76458  28.986  7.749  -49.506 0.6250000000
153619  28.890  8.478  -49.491 0.7500000000
74273  33.139  6.064  -48.653 0.1250000000
76448  30.110  8.439  -48.626 0.5000000000
77576  30.383  9.217  -48.620 0.5000000000
78663  29.765  9.575  -48.880 0.6250000000
77589  28.595  9.049  -49.728 0.7500000000
155656  23.360  16.851  -52.025 0.5000000000
86185  24.104  16.797  -52.952 0.7500000000
141528  29.523  10.754  -49.293 0.6250000000
79772  29.089  11.374  -49.663 0.6250000000
79770  31.110  11.742  -49.144 0.5000000000
79771  29.989  11.550  -49.265 0.6250000000
82028  29.914  12.818  -49.622 0.6250000000
80920  28.521  11.968  -50.169 0.7500000000
84074  27.865  15.050  -52.105 0.8750000000
84079  28.029  15.768  -52.184 0.8750000000
80930  29.123  12.958  -50.028 0.7500000000
84063  28.885  14.933  -50.898 0.8750000000
84073  28.477  15.356  -51.549 0.8750000000
85117  28.805  16.155  -51.692 0.8750000000
85128  28.315  16.576  -52.306 0.8750000000
80917  31.877  12.337  -49.479 0.3750000000
153783  31.146  12.526  -49.422 0.5000000000
82027  30.670  13.036  -49.585 0.5000000000
141261  29.303  13.852  -50.250 0.6250000000
80916  32.287  12.818  -49.817 0.2500000000
82026  31.601  13.144  -49.692 0.3750000000
83089  30.167  14.392  -50.206 0.5000000000
86173  23.809  17.667  -52.593 0.6250000000
137284  24.259  17.774  -53.234 0.7500000000
134160  24.737  16.963  -53.669 0.8750000000
85133  27.024  16.558  -53.470 0.7500000000
86171  28.626  17.412  -52.444 0.8750000000
146063  29.339  14.511  -50.496 0.6250000000
84072  29.284  15.687  -51.109 0.7500000000
82033  31.762  13.928  -50.115 0.3750000000
83088  31.163  14.544  -50.258 0.5000000000
86160  30.165  17.170  -51.751 0.7500000000
82032  32.501  13.852  -50.713 0.2500000000
86190  25.207  17.547  -54.143 0.8750000000
86189  25.636  17.106  -54.444 0.8750000000
86184  26.574  17.952  -53.975 0.8750000000
87179  26.134  18.473  -54.405 0.7500000000
86183  27.148  17.475  -53.471 0.8750000000
87161  28.982  18.265  -52.646 0.7500000000
85115  30.669  16.547  -51.375 0.5000000000
84078  32.501  15.758  -52.375 0.2500000000
85113  32.087  15.979  -51.525 0.5000000000
84070  31.274  15.871  -50.979 0.5000000000
83093  32.490  14.654  -51.275 0.2500000000
87175  24.329  18.797  -53.516 0.5000000000
87182  24.641  18.917  -54.091 0.6250000000
87185  25.236  18.947  -54.567 0.7500000000
88122  25.642  19.080  -54.641 0.7500000000
88121  26.368  19.400  -54.584 0.7500000000
88120  27.301  19.811  -54.322 0.7500000000
88129  25.863  19.957  -55.083 0.7500000000
88109  27.844  19.345  -53.699 0.7500000000
88108  28.884  19.566  -53.550 0.7500000000
88119  28.396  20.165  -54.123 0.7500000000
87159  30.846  18.444  -52.742 0.5000000000
156486  30.610  19.372  -53.743 0.3750000000
87172  29.411  19.011  -53.037 0.6250000000
85125  32.124  16.582  -52.115 0.2500000000
86168  31.385  17.727  -52.451 0.3750000000
87158  31.524  18.259  -53.139 0.3750000000
88132  24.811  20.298  -55.039 0.6250000000
88131  24.905  19.372  -54.539 0.7500000000
89126  25.516  20.655  -55.677 0.7500000000
89125  26.240  20.706  -55.528 0.7500000000
89114  27.731  20.607  -54.703 0.7500000000
89113  28.704  20.756  -54.716 0.6250000000
88126  31.239  19.459  -55.015 0.3750000000
89121  30.056  20.547  -55.187 0.3750000000
85139  32.459  16.556  -53.796 0.1250000000
86195  31.960  18.018  -55.190 0.1250000000
87177  31.624  18.695  -54.684 0.2500000000
89124  27.178  21.016  -55.312 0.7500000000
89122  29.306  21.145  -55.498 0.3750000000
89123  28.185  21.211  -55.252 0.3750000000
88127  30.708  20.089  -55.487 0.2500000000
155817  29.010  20.435  -54.368 0.6250000000
86201  31.497  17.675  -56.921 0.1250000000
86198  31.726  17.843  -56.040 0.1250000000
85145  32.394  16.576  -54.833 0.1250000000
141498  25.106  20.897  -55.870 0.6250000000
90156  26.315  21.530  -56.605 0.3750000000
89137  25.848  21.082  -56.191 0.3750000000
90155  27.131  21.909  -56.578 0.3750000000
90172  29.420  21.746  -58.101 0.2500000000
90153  29.034  21.547  -56.306 0.3750000000
90145  27.652  21.558  -55.885 0.3750000000
146857  31.009  19.061  -57.832 0.1250000000
88138  30.780  20.029  -56.456 0.3750000000
89135  30.217  20.694  -55.989 0.3750000000
146096  31.507  16.811  -57.379 0.1250000000
88137  31.232  19.396  -55.988 0.1250000000
89149  24.565  21.066  -57.565 0.3750000000
89138  25.275  21.017  -56.522 0.3750000000
90168  25.483  21.530  -57.818 0.3750000000
90157  25.630  21.334  -56.967 0.3750000000
91222  28.027  22.472  -58.208 0.3750000000
90166  27.601  22.326  -57.407 0.3750000000
90167  26.427  21.988  -57.411 0.3750000000
90173  28.764  22.280  -58.668 0.3750000000
90164  29.214  21.714  -57.094 0.3750000000
87199  29.972  18.717  -59.851 0.1250000000
89155  30.391  20.481  -57.859 0.1250000000
89156  30.060  20.958  -58.541 0.2500000000
86204  30.891  17.502  -58.485 0.1250000000
89157  24.842  21.166  -58.071 0.2500000000
90174  26.087  22.120  -58.487 0.2500000000
90175  25.316  21.579  -58.682 0.3750000000
90185  27.907  22.321  -60.009 0.1250000000
91229  26.762  22.405  -59.207 0.3750000000
90184  28.671  22.134  -59.672 0.1250000000
91238  27.846  22.477  -59.139 0.2500000000
88173  28.563  19.582  -61.252 0.1250000000
90183  29.421  21.636  -59.146 0.1250000000
157819  25.168  21.482  -59.375 0.2500000000
90199  26.102  22.035  -60.562 0.1250000000
136447  25.340  21.591  -60.179 0.1250000000
90213  26.564  21.510  -61.349 0.1250000000
90214  25.681  21.310  -61.065 0.1250000000
87206  28.776  18.429  -61.142 0.1250000000
89192  27.746  20.318  -61.733 0.1250000000
136777  23.892  20.370  -60.884 0.1250000000
150031  26.544  20.243  -62.276 0.1250000000
89195  25.286  20.446  -61.422 0.1250000000
87212  26.963  18.934  -62.343 0.1250000000
87209  28.182  18.687  -61.687 0.1250000000
66517  24.820  -0.414  -47.674 0.8750000000
150929  27.471  0.761  -49.166 0.6250000000
146816  29.845  10.228  -48.969 0.6250000000
150001  28.632  13.466  -50.519 0.8750000000
84071  30.221  15.877  -50.889 0.5000000000
83087  31.950  14.618  -50.587 0.3750000000
154159  24.090  18.277  -53.032 0.6250000000
86191  24.709  18.092  -53.796 0.8750000000
87180  25.530  18.133  -54.437 0.8750000000
87181  25.014  18.490  -54.289 0.7500000000
87178  26.887  18.925  -54.054 0.7500000000
87173  28.405  18.802  -53.163 0.7500000000
86159  31.002  17.227  -51.807 0.5000000000
86169  30.521  17.841  -52.195 0.5000000000
86170  29.587  17.706  -52.217 0.7500000000
85126  31.621  17.083  -52.083 0.5000000000
88163  29.905  19.730  -59.759 0.1250000000
90186  25.811  22.116  -59.528 0.2500000000
89194  26.159  20.756  -61.777 0.1250000000
88180  27.740  19.314  -62.036 0.1250000000
73146  29.119  5.513  -49.472 0.5000000000
73147  28.678  5.520  -50.267 0.6250000000
145355  28.284  4.982  -50.649 0.7500000000
78661  31.166  10.310  -48.695 0.3750000000
78673  30.517  10.818  -48.895 0.3750000000
79781  32.652  12.114  -49.917 0.2500000000
85127  29.205  16.928  -51.940 0.7500000000
89165  29.119  21.337  -60.115 0.1250000000
80929  32.740  12.907  -50.489 0.1250000000
61604  25.059  -5.151  -44.092 0.7500000000
62603  24.315  -4.823  -43.757 0.7500000000
63543  23.222  -3.730  -43.542 0.7500000000
61603  25.878  -5.409  -44.319 0.7500000000
62613  24.678  -4.443  -44.360 0.7500000000
61615  27.240  -5.147  -45.111 0.7500000000
65447  22.450  -1.572  -44.418 0.6250000000
64548  22.916  -1.994  -44.645 0.7500000000
62636  27.216  -3.704  -46.080 0.6250000000
64568  27.691  -2.320  -46.988 0.6250000000
65489  27.257  -1.196  -47.705 0.6250000000
66524  27.713  -0.303  -48.216 0.5000000000
67647  28.371  0.723  -48.399 0.3750000000
142182  27.759  0.411  -48.694 0.5000000000
69762  29.696  2.086  -47.761 0.1250000000
70837  31.004  3.547  -47.636 0.1250000000
71946  31.573  4.177  -47.714 0.1250000000
71954  32.948  4.525  -48.344 0.1250000000
73145  33.723  5.787  -49.214 0.1250000000
74287  33.584  6.573  -49.136 0.1250000000
143008  33.453  7.237  -49.128 0.1250000000
85136  23.644  16.449  -52.413 0.3750000000
76455  33.404  8.392  -49.501 0.1250000000
76446  32.135  8.293  -48.510 0.1250000000
77587  31.942  10.126  -48.717 0.1250000000
78672  31.600  10.906  -48.905 0.2500000000
79769  32.166  11.538  -49.329 0.2500000000
87163  23.501  17.742  -51.940 0.5000000000
131142  32.909  13.926  -51.658 0.1250000000
82042  32.949  13.299  -51.222 0.2500000000
83106  32.829  14.377  -53.254 0.1250000000
85148  32.208  16.111  -55.945 0.1250000000
87162  23.819  18.601  -52.311 0.3750000000
144278  31.095  16.744  -58.180 0.1250000000
85151  31.278  15.930  -57.777 0.1250000000
86214  30.001  17.712  -59.808 0.1250000000
85171  28.211  16.402  -60.619 0.1250000000
90105  24.720  21.081  -52.174 0.1250000000
89167  24.138  20.681  -58.991 0.2500000000
89168  23.259  20.379  -59.035 0.1250000000
89181  23.250  20.449  -60.154 0.1250000000
89179  24.542  20.490  -60.870 0.1250000000
88185  26.443  19.511  -62.483 0.1250000000
86226  27.174  17.337  -61.755 0.1250000000
69795  26.926  2.828  -50.370 0.7500000000
78682  28.099  10.494  -50.394 0.7500000000
77598  28.341  9.784  -50.055 0.7500000000
83102  23.243  14.581  -52.033 0.3750000000
85129  27.555  16.172  -52.808 0.8750000000
157749  25.307  0.275  -48.552 0.8750000000
66491  22.587  -0.476  -45.239 0.7500000000
66490  23.278  -0.819  -45.695 0.8750000000
66518  24.185  0.201  -47.541 0.8750000000
68720  27.347  2.429  -50.101 0.7500000000
74289  28.716  6.250  -50.310 0.6250000000
82036  28.206  12.799  -50.624 0.8750000000
152953  25.886  16.756  -54.550 0.8750000000
85134  26.370  16.890  -54.161 0.8750000000
86172  27.723  17.036  -52.832 0.8750000000
90176  23.296  21.399  -57.518 0.1250000000
89159  23.616  20.622  -58.157 0.2500000000
63554  23.563  -3.387  -44.264 0.7500000000
62627  25.124  -3.986  -44.924 0.7500000000
62612  25.509  -4.693  -44.608 0.7500000000
61616  26.375  -4.924  -44.832 0.7500000000
62625  26.807  -4.423  -45.451 0.7500000000
64531  22.424  -2.627  -43.362 0.7500000000
64539  22.527  -2.201  -43.999 0.7500000000
63566  24.733  -3.313  -45.283 0.7500000000
151048  23.559  -2.144  -45.191 0.7500000000
64560  24.162  -1.806  -45.850 0.8750000000
64558  26.280  -2.553  -46.523 0.7500000000
65468  24.562  -1.439  -46.544 0.8750000000
66502  24.217  -0.595  -46.900 0.8750000000
65482  25.790  -1.321  -47.409 0.7500000000
141369  26.464  -1.663  -47.268 0.7500000000
66526  26.265  -0.328  -48.398 0.7500000000
66527  25.470  -0.226  -48.234 0.8750000000
66525  27.066  -0.485  -48.308 0.6250000000
67656  27.304  1.064  -49.497 0.7500000000
68688  28.990  1.342  -47.958 0.2500000000
68690  27.744  1.118  -49.223 0.6250000000
69786  27.765  2.384  -49.911 0.7500000000
70852  28.743  3.080  -49.051 0.5000000000
70850  30.128  3.744  -47.901 0.2500000000
144651  30.364  2.862  -47.685 0.1250000000
71957  30.098  4.700  -48.202 0.2500000000
71969  29.152  4.757  -49.029 0.3750000000
71970  28.549  4.765  -50.071 0.6250000000
73134  31.707  5.589  -48.014 0.1250000000
73133  32.625  5.443  -48.281 0.1250000000
73135  30.714  5.582  -48.146 0.1250000000
75359  31.064  7.046  -48.261 0.1250000000
75358  32.104  7.305  -48.349 0.1250000000
151978  29.620  6.960  -48.964 0.5000000000
75357  32.981  6.912  -48.639 0.1250000000
146863  31.413  7.825  -48.347 0.1250000000
76447  31.131  8.644  -48.437 0.1250000000
77577  29.744  8.957  -48.793 0.6250000000
77575  31.205  9.607  -48.570 0.1250000000
78674  29.107  9.879  -49.375 0.6250000000
78675  28.728  10.586  -49.765 0.6250000000
82035  30.002  13.518  -49.811 0.6250000000
85116  29.725  16.423  -51.417 0.7500000000
84061  30.674  15.199  -50.523 0.5000000000
86182  27.988  17.944  -52.906 0.7500000000
84069  32.029  15.324  -51.012 0.3750000000
87160  29.965  18.447  -52.582 0.6250000000
85132  32.390  16.554  -52.898 0.1250000000
135066  32.701  15.150  -53.004 0.1250000000
151753  32.429  15.313  -51.656 0.2500000000
83098  32.782  14.729  -52.248 0.1250000000
88130  25.249  19.885  -54.983 0.7500000000
88128  26.736  20.278  -54.888 0.7500000000
88107  29.866  19.587  -53.602 0.6250000000
88106  31.156  19.225  -54.168 0.3750000000
88117  30.375  19.970  -54.432 0.3750000000
86180  32.263  17.235  -53.317 0.1250000000
86181  31.993  17.878  -53.629 0.3750000000
90146  26.684  21.369  -55.952 0.3750000000
86187  32.315  17.320  -54.130 0.1250000000
87184  31.592  18.694  -55.566 0.1250000000
85146  32.130  17.180  -55.578 0.1250000000
89136  29.737  21.236  -56.527 0.3750000000
90154  28.272  21.947  -56.627 0.3750000000
88145  30.743  19.879  -57.396 0.2500000000
86202  31.306  17.567  -57.794 0.1250000000
144783  31.829  16.944  -56.488 0.1250000000
87187  31.447  18.548  -56.476 0.1250000000
89139  24.954  21.093  -56.930 0.3750000000
89146  30.368  20.648  -56.942 0.2500000000
87191  31.085  18.249  -58.175 0.1250000000
146929  30.713  18.786  -58.590 0.1250000000
88154  30.573  19.708  -58.331 0.1250000000
89148  25.031  21.107  -57.330 0.3750000000
91239  27.283  22.393  -59.816 0.3750000000
90165  28.613  22.244  -57.647 0.3750000000
87198  30.413  18.357  -59.231 0.1250000000
88162  30.377  19.258  -59.159 0.1250000000
88172  29.365  19.139  -60.493 0.1250000000
86220  29.411  18.034  -60.479 0.1250000000
88155  30.275  20.152  -58.997 0.1250000000
89164  29.749  20.714  -59.518 0.1250000000
85166  30.519  16.776  -58.830 0.1250000000
86213  30.448  17.545  -59.111 0.1250000000
89158  24.319  20.839  -58.207 0.2500000000
90197  28.225  21.784  -60.502 0.1250000000
89176  29.279  20.259  -60.381 0.1250000000
90187  24.710  21.087  -59.674 0.1250000000
90200  24.921  20.964  -60.573 0.1250000000
89178  27.535  21.288  -61.264 0.1250000000
86225  28.057  17.804  -61.564 0.1250000000
89177  28.469  20.799  -60.917 0.1250000000
89197  23.087  20.381  -61.030 0.1250000000
89180  24.090  20.694  -60.067 0.1250000000
61592  24.708  -5.486  -43.526 0.7500000000
60557  26.148  -5.954  -43.989 0.7500000000
62604  23.582  -4.481  -43.334 0.7500000000
61593  23.998  -5.168  -43.193 0.7500000000
65448  21.972  -1.392  -43.854 0.5000000000
65480  27.777  -1.721  -47.353 0.6250000000
149052  28.300  -0.830  -47.687 0.5000000000
77585  33.284  9.108  -49.524 0.1250000000
77574  32.075  9.237  -48.597 0.1250000000
84085  32.565  15.807  -53.354 0.1250000000
85170  29.234  16.860  -60.230 0.1250000000
86221  28.626  17.373  -60.949 0.1250000000
62592  23.326  -4.866  -42.679 0.7500000000
63544  22.577  -3.268  -43.101 0.5000000000
60544  25.926  -6.393  -43.562 0.6250000000
60554  27.987  -6.191  -44.361 0.3750000000
60556  26.762  -5.720  -44.443 0.6250000000
62611  28.787  -5.219  -45.314 0.2500000000
61614  28.068  -5.244  -45.299 0.3750000000
67635  28.481  -0.180  -47.890 0.3750000000
61591  25.477  -5.777  -43.769 0.6250000000
62635  28.259  -4.120  -46.162 0.5000000000
63578  27.516  -2.970  -46.605 0.5000000000
135346  27.985  -6.715  -43.742 0.5000000000
60555  27.378  -6.330  -44.163 0.6250000000
66515  27.844  -1.095  -47.687 0.5000000000
59401  25.493  -7.430  -42.356 0.6250000000
63531  22.271  -3.403  -42.421 0.3750000000
62581  22.714  -4.658  -42.131 0.3750000000
59411  25.737  -6.923  -43.024 0.6250000000
60529  25.091  -6.223  -43.202 0.6250000000
61584  23.797  -5.537  -42.597 0.6250000000
60527  28.323  -7.065  -42.850 0.3750000000
60528  27.599  -7.277  -43.133 0.5000000000
59400  26.364  -7.553  -42.704 0.6250000000
63545  22.108  -2.640  -42.715 0.2500000000
60526  28.749  -6.413  -43.307 0.3750000000
62622  29.212  -4.703  -45.807 0.2500000000
61600  29.011  -5.578  -44.625 0.2500000000
62634  28.990  -4.280  -46.287 0.2500000000
63590  28.403  -2.969  -46.751 0.3750000000
64567  29.103  -2.723  -47.007 0.2500000000
65479  28.669  -1.445  -47.436 0.2500000000
66514  29.050  -1.012  -47.466 0.2500000000
77522  18.519  9.474  -44.413 0.1250000000
78641  20.480  10.517  -47.137 0.2500000000
67634  29.182  0.383  -47.747 0.2500000000
148433  21.279  10.968  -48.605 0.2500000000
82045  22.942  13.874  -51.774 0.2500000000
87151  23.644  18.462  -51.635 0.2500000000
155351  18.924  10.468  -44.902 0.1250000000
76389  18.303  8.736  -44.112 0.2500000000
67599  21.266  0.538  -43.713 0.2500000000
79773  21.694  11.339  -49.938 0.3750000000
145795  28.059  -3.512  -46.442 0.5000000000
62593  22.809  -4.084  -42.753 0.5000000000
60543  26.656  -6.400  -43.866 0.6250000000
61602  27.650  -5.737  -44.701 0.5000000000
62624  27.722  -4.578  -45.662 0.5000000000
137459  29.486  -0.478  -47.573 0.2500000000
66481  21.569  -0.260  -44.028 0.2500000000
61583  24.404  -5.713  -43.022 0.6250000000
64532  22.072  -2.027  -43.270 0.3750000000
157854  28.352  -1.737  -47.342 0.2500000000
59410  26.472  -6.937  -43.353 0.6250000000
60542  27.176  -6.884  -43.624 0.5000000000
61601  28.349  -5.698  -44.767 0.2500000000
60541  28.546  -6.116  -44.143 0.2500000000
62610  29.409  -4.988  -45.101 0.2500000000
62623  28.546  -4.733  -45.804 0.3750000000
62594  22.354  -4.024  -42.034 0.3750000000
60530  24.395  -6.278  -42.490 0.6250000000
59398  27.911  -7.633  -42.421 0.3750000000
59399  27.186  -7.738  -42.672 0.5000000000
63576  29.372  -3.736  -46.583 0.2500000000
156619  29.012  -2.092  -47.280 0.2500000000
77518  17.717  9.552  -43.423 0.1250000000
59390  24.335  -7.334  -41.488 0.5000000000
59388  27.501  -8.109  -42.017 0.2500000000
58222  26.506  -8.585  -41.633 0.3750000000
58223  25.949  -8.217  -41.918 0.5000000000
59402  24.736  -7.078  -42.073 0.5000000000
59377  23.370  -7.473  -40.448 0.3750000000
151264  23.433  -6.405  -41.454 0.5000000000
60522  24.037  -6.659  -41.761 0.5000000000
61585  23.136  -5.321  -42.091 0.3750000000
60531  23.599  -6.007  -42.002 0.5000000000
59368  22.411  -7.612  -39.331 0.1250000000
144248  22.661  -5.095  -41.559 0.2500000000
56851  22.817  -9.940  -38.420 0.1250000000
58199  23.356  -8.862  -39.552 0.2500000000
56877  24.044  -9.116  -39.927 0.3750000000
58209  27.334  -8.767  -40.791 0.2500000000
56875  25.434  -9.274  -40.729 0.3750000000
58211  25.463  -8.630  -41.306 0.5000000000
58190  22.179  -8.786  -38.339 0.1250000000
58213  23.692  -8.350  -40.178 0.3750000000
136671  24.288  -8.680  -40.453 0.3750000000
60505  22.186  -6.805  -39.513 0.1250000000
61565  22.318  -5.354  -40.251 0.1250000000
78670  32.862  11.247  -49.799 0.1250000000
131933  25.107  -6.795  -42.651 0.5000000000
150007  22.444  -4.469  -41.625 0.2500000000
59387  28.056  -7.852  -41.702 0.2500000000
58224  24.184  -7.914  -40.875 0.5000000000
59389  25.009  -7.912  -41.581 0.5000000000
59391  23.681  -7.064  -41.163 0.5000000000
58233  26.775  -8.206  -42.171 0.3750000000
56887  26.030  -8.910  -41.275 0.3750000000
59378  22.684  -7.096  -40.012 0.2500000000
59392  22.989  -6.523  -40.813 0.1250000000
61573  22.575  -5.604  -40.895 0.1250000000
60532  23.006  -5.814  -41.488 0.1250000000
58200  22.647  -8.580  -39.054 0.1250000000
58201  22.113  -7.978  -38.667 0.1250000000
58214  23.028  -7.975  -39.741 0.2500000000
155364  21.984  -7.289  -38.995 0.1250000000
56839  22.262  -9.566  -38.038 0.1250000000
58189  22.590  -9.267  -38.572 0.1250000000
56874  26.165  -9.414  -40.686 0.2500000000
60514  22.412  -6.223  -40.183 0.1250000000
56864  23.734  -9.663  -39.405 0.2500000000
56862  25.139  -9.891  -40.100 0.2500000000
65438  21.691  -1.416  -43.141 0.2500000000
58210  26.670  -8.983  -41.104 0.2500000000
56865  23.082  -9.427  -38.986 0.1250000000
56876  24.687  -9.305  -40.361 0.2500000000
56863  24.452  -9.862  -39.769 0.2500000000
65439  21.457  -0.812  -43.038 0.1250000000
139914  23.131  15.393  -51.759 0.1250000000
85118  23.065  16.198  -51.595 0.1250000000
85104  22.786  16.392  -50.947 0.1250000000
87152  23.402  17.826  -51.355 0.1250000000
85093  22.722  16.661  -50.088 0.1250000000
86152  22.914  17.027  -50.644 0.1250000000
87144  23.522  18.302  -50.825 0.1250000000
87145  23.209  17.622  -50.706 0.1250000000
131056  23.156  18.011  -49.056 0.1250000000
83095  22.564  13.874  -51.301 0.1250000000
84075  22.776  14.643  -51.388 0.1250000000
79750  20.883  10.888  -47.859 0.1250000000
63532  22.090  -3.458  -41.906 0.1250000000
65427  21.583  -1.578  -42.564 0.1250000000
141763  21.636  12.092  -49.722 0.1250000000
83091  22.325  14.198  -50.812 0.1250000000
84065  22.485  15.045  -50.705 0.1250000000
84064  22.770  15.574  -51.189 0.1250000000
144290  22.686  16.599  -49.417 0.1250000000
86135  22.791  18.179  -48.283 0.1250000000
87134  23.065  18.599  -48.270 0.1250000000
88075  23.415  18.799  -48.981 0.1250000000
133221  21.118  1.199  -43.535 0.1250000000
67589  21.200  0.591  -43.186 0.1250000000
154300  21.854  -0.931  -44.173 0.1250000000
86161  23.136  17.079  -51.379 0.1250000000
150707  21.921  -2.171  -42.818 0.1250000000
64522  21.734  -2.347  -42.289 0.1250000000
79762  21.482  11.450  -49.127 0.1250000000
66470  21.331  -0.116  -43.343 0.1250000000
66469  21.642  -0.885  -43.748 0.1250000000
145745  21.452  -0.957  -42.791 0.1250000000
149357  21.507  -1.560  -42.282 0.1250000000
85105  22.551  15.868  -50.500 0.1250000000
86144  23.027  17.433  -49.936 0.1250000000
85081  22.883  17.330  -49.252 0.1250000000
87137  23.334  18.146  -49.923 0.1250000000
85082  22.713  16.684  -49.282 0.1250000000
88073  23.342  19.189  -47.794 0.1250000000
59386  28.558  -7.252  -41.771 0.1250000000
61582  29.384  -5.863  -42.745 0.1250000000
61590  29.197  -5.778  -43.748 0.1250000000
61589  29.778  -5.184  -43.185 0.1250000000
62609  30.008  -4.509  -44.635 0.1250000000
63563  29.618  -4.154  -46.206 0.1250000000
63562  30.214  -3.857  -45.966 0.1250000000
64556  29.670  -3.165  -46.888 0.1250000000
64545  31.066  -2.585  -46.674 0.1250000000
64555  30.377  -2.951  -46.931 0.1250000000
65476  31.268  -1.646  -47.697 0.1250000000
65478  29.529  -1.733  -47.456 0.1250000000
66511  31.728  -1.012  -47.912 0.1250000000
66512  30.928  -1.231  -47.820 0.1250000000
66513  30.420  -0.605  -47.676 0.1250000000
56873  26.846  -9.289  -40.380 0.1250000000
131505  25.720  -9.762  -40.282 0.1250000000
58198  27.532  -8.911  -39.931 0.1250000000
58208  27.991  -8.341  -40.373 0.1250000000
59376  28.414  -7.731  -40.880 0.1250000000
61572  29.632  -5.959  -41.735 0.1250000000
60521  29.259  -6.640  -41.276 0.1250000000
61581  30.057  -5.314  -42.207 0.1250000000
62600  30.857  -4.059  -43.108 0.1250000000
63552  30.393  -3.906  -45.085 0.1250000000
154077  30.673  -3.397  -45.527 0.1250000000
63561  31.194  -2.717  -45.555 0.1250000000
65475  31.958  -1.260  -47.516 0.1250000000
150823  29.936  0.074  -47.540 0.1250000000
67633  30.764  0.171  -47.658 0.1250000000
133936  31.377  -0.539  -47.901 0.1250000000
68674  30.008  1.012  -47.542 0.1250000000
134606  28.963  -6.532  -42.285 0.1250000000
146089  29.997  -1.223  -47.597 0.1250000000
62601  30.205  -4.564  -43.636 0.1250000000
64566  29.887  -2.456  -47.296 0.1250000000
58220  27.753  -8.257  -41.239 0.1250000000
137233  26.299  -9.774  -39.973 0.1250000000
59375  28.967  -7.186  -40.896 0.1250000000
62591  30.463  -4.675  -42.665 0.1250000000
63542  30.607  -3.933  -44.084 0.1250000000
63575  30.010  -3.592  -46.565 0.1250000000
65466  30.813  -2.310  -47.375 0.1250000000
64546  30.585  -3.219  -46.277 0.1250000000
65465  31.502  -1.893  -47.117 0.1250000000
65477  30.449  -1.829  -47.612 0.1250000000
152496  32.281  -0.726  -47.790 0.1250000000
56861  27.045  -9.530  -39.519 0.1250000000
58197  28.280  -8.515  -39.509 0.1250000000
62580  30.761  -4.833  -41.737 0.1250000000
67632  31.756  0.250  -48.042 0.1250000000
58212  24.829  -8.673  -40.930 0.3750000000
58221  27.119  -8.552  -41.547 0.3750000000
62602  29.600  -5.133  -44.191 0.2500000000
62621  29.817  -4.408  -45.545 0.1250000000
63577  28.730  -3.691  -46.529 0.3750000000
63579  26.131  -3.140  -46.081 0.7500000000
64557  29.081  -3.285  -46.762 0.3750000000
64559  25.619  -2.414  -46.384 0.7500000000
64569  26.842  -2.306  -46.871 0.7500000000
65481  27.095  -1.713  -47.348 0.7500000000
65491  25.910  -0.720  -47.901 0.7500000000
67631  32.240  -0.290  -48.061 0.1250000000
67650  25.875  0.352  -48.844 0.8750000000
68689  28.342  1.547  -48.878 0.6250000000
68721  26.874  2.176  -50.059 0.7500000000
70802  20.358  3.847  -44.975 0.1250000000
70839  21.862  3.666  -47.114 1.0000000000
70874  26.983  3.500  -50.574 1.0000000000
70875  25.925  3.809  -50.697 1.0000000000
71983  27.513  4.588  -50.830 1.0000000000
71997  25.493  5.009  -51.186 1.0000000000
73132  33.359  5.222  -48.758 0.1250000000
73138  21.817  5.844  -48.326 1.0000000000
73149  22.947  5.090  -49.326 1.0000000000
73177  26.342  6.058  -51.766 1.0000000000
74262  20.856  6.196  -46.781 0.8750000000
74276  30.410  6.305  -48.448 0.1250000000
74279  21.294  6.955  -47.909 1.0000000000
74288  29.060  6.093  -49.737 0.6250000000
74301  28.254  6.425  -50.913 0.8750000000
74303  22.818  7.150  -50.156 1.0000000000
74326  26.996  6.759  -51.886 1.0000000000
74329  25.211  6.995  -51.930 1.0000000000
75320  19.591  6.941  -45.243 0.2500000000
75360  30.123  7.002  -48.636 0.5000000000
75362  21.592  7.267  -48.628 0.8750000000
75383  28.039  7.225  -50.891 1.0000000000
75385  22.757  7.968  -50.439 1.0000000000
75402  26.741  7.381  -51.969 1.0000000000
76456  32.838  8.792  -48.939 0.1250000000
76457  29.407  8.390  -49.030 0.6250000000
76459  22.063  8.401  -49.622 1.0000000000
76465  33.620  8.846  -50.215 0.1250000000
76475  27.251  7.955  -51.717 1.0000000000
76477  23.460  8.659  -51.418 1.0000000000
76488  25.740  8.475  -52.412 1.0000000000
77588  29.232  9.068  -49.190 0.6250000000
77600  22.609  9.201  -50.688 0.8750000000
77615  25.982  9.856  -52.592 1.0000000000
78624  19.933  9.804  -46.271 0.1250000000
78662  30.468  9.979  -48.716 0.5000000000
78698  25.813  10.851  -52.797 1.0000000000
78701  23.415  11.309  -52.334 1.0000000000
79782  28.451  11.138  -50.104 0.7500000000
79792  27.263  11.268  -51.354 1.0000000000
79814  25.373  11.876  -53.278 1.0000000000
79815  24.939  11.837  -53.211 1.0000000000
80918  30.377  12.314  -49.407 0.5000000000
80919  29.479  12.178  -49.632 0.6250000000
80940  27.070  12.071  -51.718 1.0000000000
80965  24.282  12.217  -53.062 1.0000000000
82025  32.236  13.374  -50.054 0.2500000000
82034  30.914  13.799  -49.850 0.3750000000
82054  27.444  13.709  -51.937 1.0000000000
82069  25.931  13.318  -54.095 1.0000000000
83090  28.658  14.158  -50.725 0.8750000000
83100  26.825  14.314  -53.876 1.0000000000
84060  31.441  15.132  -50.639 0.5000000000
84062  29.743  15.142  -50.603 0.6250000000
84086  27.050  15.832  -53.425 1.0000000000
85114  31.500  16.582  -51.602 0.5000000000
85130  23.343  16.043  -52.012 0.3750000000
85135  23.947  15.962  -52.736 0.8750000000
85141  25.688  16.331  -54.756 1.0000000000
85150  31.782  16.016  -56.952 0.1250000000
86167  32.027  17.196  -52.594 0.1250000000
86188  32.016  18.017  -54.391 0.1250000000
86194  32.235  17.451  -54.834 0.1250000000
87131  23.023  18.915  -47.341 0.1250000000
87170  31.589  18.524  -53.890 0.2500000000
87171  30.324  19.001  -53.155 0.3750000000
87174  27.442  18.429  -53.518 0.7500000000
87190  31.288  18.393  -57.368 0.1250000000
87193  30.719  18.091  -58.724 0.1250000000
87210  27.478  18.332  -61.979 0.1250000000
88118  29.369  20.131  -54.058 0.6250000000
88144  31.165  19.247  -56.938 0.1250000000
88181  27.126  19.902  -62.338 0.1250000000
89112  29.494  20.529  -54.693 0.6250000000
89147  29.957  21.208  -57.502 0.2500000000
89166  24.742  21.065  -58.816 0.2500000000
89193  26.960  20.760  -61.961 0.1250000000
90144  28.507  21.512  -55.891 0.3750000000
90198  27.174  22.107  -60.597 0.1250000000
91223  27.114  22.410  -58.283 0.3750000000
91240  26.589  22.337  -59.989 0.1250000000
133807  26.749  4.984  -51.235 1.0000000000
133970  23.986  19.453  -50.296 0.1250000000
135241  28.412  -2.270  -47.104 0.2500000000
135344  21.571  9.915  -49.348 0.8750000000
137058  24.436  9.197  -52.369 1.0000000000
138411  27.647  4.026  -50.590 0.8750000000
140627  31.065  18.867  -53.438 0.3750000000
141993  31.912  17.707  -52.986 0.3750000000
142068  27.357  5.721  -51.526 0.8750000000
147434  24.419  8.539  -52.193 1.0000000000
149844  25.001  6.277  -51.615 1.0000000000
152648  25.206  3.107  -49.972 1.0000000000
153681  26.955  -7.327  -43.166 0.5000000000
153995  27.464  13.242  -51.596 1.0000000000
154243  20.053  8.138  -46.254 0.5000000000
155704  31.682  6.749  -48.225 0.1250000000
155715  22.974  6.477  -50.004 1.0000000000
156663  26.321  0.649  -49.242 1.0000000000
157377  30.344  20.328  -58.437 0.1250000000
