#!ascii label  , from subject freesurfer vox2ras=TkReg
702
132656  28.831  -56.966  -34.007 0.6000000238
13933  26.973  -54.577  -28.247 0.6999999881
13949  26.890  -54.618  -29.910 0.6999999881
11546  25.808  -58.077  -31.298 0.8999999762
148449  26.380  -57.984  -32.782 0.8000000119
10874  27.160  -58.455  -32.995 0.8000000119
136683  28.288  -55.818  -33.868 0.6000000238
140360  28.929  -55.922  -33.857 0.6999999881
141127  29.710  -54.686  -33.854 0.6999999881
14732  27.198  -54.031  -27.558 0.6999999881
14716  27.373  -53.596  -26.940 0.6999999881
141239  27.163  -54.434  -29.128 0.6999999881
151682  26.799  -53.971  -30.603 0.6000000238
13963  26.348  -54.597  -30.893 0.6999999881
149172  25.817  -56.054  -30.766 0.6999999881
13138  25.730  -55.709  -31.622 0.8000000119
13154  25.755  -55.568  -32.466 0.8000000119
12320  26.171  -57.220  -32.873 0.8000000119
12341  26.591  -56.828  -33.376 0.8000000119
11596  27.235  -57.082  -33.677 0.6000000238
13173  27.974  -55.103  -33.958 0.6000000238
136489  28.965  -54.229  -33.897 0.6999999881
14792  29.920  -53.687  -33.798 0.6999999881
15495  27.025  -53.285  -26.164 0.6000000238
14731  27.775  -53.396  -27.759 0.4000000060
14744  27.532  -53.765  -28.735 0.6000000238
14752  27.247  -53.815  -29.864 0.5000000000
133199  25.935  -54.934  -31.539 0.8000000119
13978  25.815  -54.786  -32.130 0.6999999881
13992  25.892  -54.690  -32.628 0.6999999881
14004  26.069  -54.723  -33.065 0.6999999881
14009  27.659  -54.455  -34.011 0.5000000000
148545  28.058  -53.883  -33.936 0.6000000238
153529  28.780  -52.642  -33.449 0.6000000238
15573  29.635  -52.787  -33.626 0.6000000238
14791  30.992  -53.595  -33.995 0.5000000000
15493  28.450  -52.615  -26.223 0.5000000000
140094  27.543  -52.910  -25.841 0.6000000238
15473  26.559  -52.723  -24.738 0.6000000238
15494  27.973  -53.093  -26.827 0.5000000000
14758  26.787  -53.082  -30.680 0.5000000000
15539  26.192  -52.395  -31.304 0.6000000238
140469  26.168  -52.974  -31.888 0.6000000238
144235  26.215  -53.335  -32.626 0.6000000238
14783  26.335  -53.612  -33.140 0.5000000000
153114  26.760  -53.165  -33.260 0.5000000000
15574  27.742  -52.939  -33.386 0.6000000238
15562  28.351  -52.046  -33.080 0.6000000238
15561  29.335  -52.073  -33.293 0.5000000000
16351  29.987  -51.369  -33.230 0.5000000000
16364  31.462  -51.574  -34.151 0.5000000000
155084  30.776  -51.656  -33.724 0.5000000000
147715  28.089  -52.672  -25.463 0.5000000000
15472  27.328  -52.626  -24.285 0.5000000000
15509  28.255  -52.684  -27.923 0.5000000000
145338  28.065  -52.068  -28.820 0.4000000060
16308  28.122  -51.246  -28.958 0.3000000119
147387  27.548  -52.145  -29.364 0.4000000060
16322  26.835  -51.622  -29.923 0.3000000119
17115  26.626  -50.729  -29.786 0.3000000119
15534  26.403  -51.970  -30.605 0.5000000000
16334  25.759  -51.413  -31.058 0.5000000000
145278  26.004  -51.863  -31.587 0.5000000000
15552  26.387  -52.528  -32.360 0.5000000000
143230  26.604  -52.090  -32.510 0.5000000000
140124  27.112  -51.074  -32.777 0.6000000238
16353  27.916  -51.171  -32.951 0.6000000238
16352  28.883  -51.299  -32.972 0.5000000000
151260  29.677  -49.975  -33.038 0.5000000000
17148  30.895  -50.921  -33.550 0.5000000000
15483  28.161  -52.552  -24.730 0.5000000000
16276  28.995  -52.283  -25.420 0.5000000000
16284  29.206  -51.993  -26.532 0.5000000000
16295  29.213  -51.565  -27.522 0.4000000060
16296  28.601  -51.859  -28.179 0.5000000000
16307  28.864  -50.870  -28.412 0.4000000060
17106  27.373  -50.631  -29.404 0.3000000119
136286  25.976  -49.980  -30.079 0.3000000119
17125  25.369  -50.597  -30.935 0.4000000060
16344  26.318  -51.549  -32.179 0.5000000000
137644  26.548  -51.064  -32.446 0.4000000060
17150  28.363  -50.417  -33.072 0.5000000000
140491  28.420  -48.935  -33.613 0.5000000000
139615  28.841  -49.746  -33.258 0.5000000000
17147  31.369  -50.293  -33.590 0.5000000000
17982  31.389  -49.537  -33.399 0.4000000060
140283  30.568  -49.927  -33.088 0.5000000000
16267  29.032  -52.199  -24.292 0.5000000000
16275  29.801  -51.545  -25.849 0.5000000000
16283  29.731  -51.174  -26.804 0.5000000000
17094  29.600  -50.640  -27.640 0.4000000060
138338  28.032  -49.630  -29.172 0.3000000119
17940  26.749  -49.973  -29.632 0.3000000119
17116  25.331  -50.010  -30.570 0.4000000060
17126  25.059  -49.944  -30.976 0.4000000060
17970  25.507  -49.214  -31.657 0.4000000060
17133  25.464  -50.413  -31.305 0.4000000060
17140  25.974  -49.955  -32.150 0.4000000060
17153  26.305  -50.155  -32.469 0.5000000000
17984  26.496  -49.545  -32.844 0.5000000000
17151  27.495  -50.312  -33.050 0.6000000238
139717  28.906  -48.220  -33.752 0.4000000060
140492  29.519  -49.102  -33.347 0.5000000000
16266  29.781  -51.682  -24.805 0.4000000060
17093  30.100  -50.414  -26.976 0.4000000060
17081  30.280  -50.717  -26.181 0.4000000060
17925  29.318  -49.949  -28.300 0.4000000060
17938  28.795  -49.269  -28.811 0.4000000060
17939  27.213  -49.311  -29.475 0.4000000060
17951  26.261  -49.123  -29.831 0.4000000060
141548  25.178  -48.937  -30.684 0.4000000060
17962  25.137  -49.198  -31.110 0.4000000060
17975  25.855  -49.357  -32.156 0.5000000000
139908  26.164  -48.879  -32.654 0.5000000000
144231  26.787  -48.818  -33.230 0.6000000238
139716  27.998  -48.153  -33.783 0.5000000000
149577  28.162  -46.859  -33.780 0.4000000060
19637  28.478  -47.473  -33.852 0.4000000060
17065  30.286  -50.956  -24.269 0.4000000060
17080  30.521  -49.731  -26.515 0.4000000060
17071  30.627  -50.136  -25.540 0.4000000060
17924  30.067  -49.663  -27.567 0.4000000060
18748  27.992  -48.653  -29.258 0.4000000060
155789  25.757  -48.717  -30.022 0.4000000060
18760  25.489  -48.323  -30.375 0.4000000060
18780  25.380  -48.471  -31.555 0.4000000060
134580  25.951  -48.137  -32.492 0.5000000000
150719  26.426  -47.181  -32.901 0.4000000060
139079  27.202  -48.070  -33.548 0.6000000238
17900  30.840  -49.612  -24.805 0.4000000060
17913  30.696  -48.886  -26.350 0.4000000060
17923  30.484  -48.906  -27.076 0.4000000060
17937  29.601  -49.028  -28.270 0.4000000060
18747  29.047  -48.253  -28.796 0.4000000060
19590  28.332  -47.845  -29.232 0.4000000060
144006  27.274  -47.053  -29.680 0.5000000000
19601  26.670  -47.624  -29.720 0.4000000060
19602  25.869  -47.328  -30.148 0.3000000119
20537  25.617  -46.575  -30.805 0.3000000119
19619  25.286  -47.584  -31.501 0.4000000060
20567  26.142  -46.721  -32.520 0.4000000060
20566  26.685  -46.634  -33.023 0.4000000060
19639  26.982  -47.294  -33.348 0.5000000000
17056  30.602  -50.005  -23.867 0.4000000060
18735  29.879  -48.176  -28.128 0.4000000060
19588  29.555  -47.429  -28.464 0.4000000060
19589  28.894  -47.335  -29.066 0.3000000119
20521  27.828  -46.409  -29.624 0.3000000119
146725  26.556  -46.941  -29.903 0.3000000119
20523  26.150  -46.399  -30.230 0.3000000119
20544  25.350  -46.717  -31.418 0.3000000119
21532  26.379  -45.625  -32.433 0.4000000060
22492  27.013  -45.200  -32.909 0.4000000060
18720  30.908  -48.385  -25.802 0.3000000119
18727  30.648  -48.194  -26.624 0.3000000119
19575  30.153  -47.417  -27.795 0.3000000119
20495  29.904  -46.726  -28.164 0.3000000119
20505  29.353  -46.693  -28.781 0.3000000119
21497  28.421  -45.774  -29.511 0.3000000119
20522  26.962  -46.329  -29.923 0.4000000060
21498  27.493  -45.550  -29.951 0.4000000060
21499  26.551  -45.626  -30.288 0.3000000119
22465  26.269  -44.881  -30.827 0.3000000119
21520  25.910  -45.492  -31.847 0.3000000119
22480  26.476  -44.741  -32.219 0.4000000060
22491  27.160  -44.375  -32.730 0.4000000060
133211  27.998  -43.889  -33.221 0.4000000060
23412  26.783  -44.072  -30.575 0.4000000060
22454  26.890  -44.943  -30.323 0.4000000060
145207  26.272  -44.036  -31.204 0.3000000119
146320  26.150  -44.544  -31.637 0.4000000060
23438  26.604  -42.857  -32.005 0.4000000060
24315  27.102  -42.479  -32.490 0.4000000060
154329  26.757  -44.094  -32.297 0.4000000060
23437  27.073  -43.480  -32.509 0.4000000060
23420  26.484  -43.228  -30.989 0.4000000060
24307  26.460  -42.155  -31.679 0.4000000060
24316  26.724  -42.092  -32.136 0.4000000060
23447  27.835  -42.885  -33.001 0.3000000119
25223  27.047  -41.634  -32.529 0.3000000119
11595  28.049  -57.083  -33.845 0.6999999881
11547  25.664  -57.334  -31.532 0.8000000119
133922  27.597  -55.625  -33.866 0.6000000238
12342  26.058  -56.300  -32.938 0.6999999881
12353  26.994  -55.796  -33.746 0.6999999881
16365  30.266  -52.157  -33.641 0.6000000238
15522  27.855  -52.844  -28.754 0.4000000060
15523  27.332  -52.759  -29.800 0.4000000060
144288  26.096  -54.114  -31.835 0.6999999881
14774  26.045  -53.826  -32.351 0.6999999881
148417  27.045  -53.881  -33.723 0.6999999881
15508  28.687  -52.379  -27.215 0.5000000000
144585  26.119  -52.984  -32.074 0.5000000000
16323  25.943  -50.860  -30.455 0.4000000060
17152  26.764  -50.261  -32.839 0.6000000238
139614  27.925  -49.619  -33.364 0.5000000000
17983  27.121  -49.562  -33.233 0.6000000238
18758  26.930  -48.447  -29.595 0.3000000119
147108  25.591  -46.896  -32.013 0.4000000060
133506  30.957  -49.083  -24.055 0.4000000060
21512  25.571  -45.960  -31.396 0.3000000119
151201  26.078  -44.651  -31.269 0.3000000119
157264  26.268  -43.869  -31.556 0.3000000119
24324  27.660  -41.968  -32.997 0.3000000119
154332  28.580  -58.752  -25.318 0.6000000238
133194  28.915  -58.719  -24.675 0.6000000238
152972  31.546  -59.009  -24.246 0.6000000238
10760  31.894  -58.669  -24.630 0.6000000238
10747  27.247  -58.751  -22.950 0.5000000000
144569  28.100  -58.663  -25.059 0.6000000238
10797  27.395  -59.288  -27.064 0.6999999881
10784  28.046  -59.204  -26.624 0.6999999881
10762  28.136  -58.569  -24.160 0.6000000238
10808  29.352  -59.433  -27.602 0.6000000238
137435  29.823  -58.772  -25.878 0.6000000238
135673  30.218  -59.027  -27.530 0.6000000238
10782  30.665  -58.509  -26.098 0.6000000238
10770  31.343  -58.330  -25.283 0.6000000238
10792  32.259  -57.927  -27.004 0.6000000238
130224  33.203  -57.490  -26.329 0.6999999881
10775  26.817  -58.430  -25.315 0.6000000238
150833  26.759  -59.073  -27.499 0.6999999881
11484  26.677  -58.181  -24.099 0.5000000000
10774  27.424  -58.677  -25.536 0.6999999881
10809  28.476  -59.786  -28.206 0.6999999881
10783  28.965  -59.138  -26.536 0.6999999881
10154  30.162  -59.413  -28.228 0.5000000000
10793  31.446  -58.430  -27.269 0.6000000238
135743  32.418  -57.989  -28.080 0.6000000238
130218  32.928  -57.453  -27.463 0.6999999881
130740  32.893  -57.707  -28.639 0.6999999881
130223  33.587  -56.930  -26.779 0.6999999881
148142  33.493  -56.656  -28.601 0.6999999881
15520  38.345  -52.599  -28.070 0.4000000060
146102  34.835  -52.850  -26.979 0.5000000000
13932  33.838  -53.808  -27.744 0.6000000238
13947  33.757  -54.647  -28.119 0.6000000238
130228  33.719  -56.113  -28.527 0.6999999881
11504  25.177  -57.901  -27.730 0.5000000000
11494  26.010  -58.382  -26.525 0.5000000000
11512  25.750  -58.102  -28.729 0.6000000238
10811  26.517  -58.919  -28.231 0.6999999881
11503  25.980  -58.414  -27.612 0.5000000000
10786  26.732  -58.634  -25.955 0.6000000238
144806  26.464  -58.729  -29.067 0.6999999881
155503  27.047  -59.252  -28.724 0.6999999881
10157  27.819  -59.660  -28.947 0.6999999881
10155  29.371  -59.785  -28.580 0.6999999881
133997  30.865  -58.857  -27.848 0.6000000238
130726  32.250  -58.367  -28.978 0.6000000238
130221  32.756  -57.959  -29.815 0.6999999881
147982  33.493  -56.620  -29.539 0.6999999881
130598  33.504  -55.854  -29.473 0.6999999881
130742  33.367  -54.966  -29.110 0.6000000238
132579  24.944  -55.805  -28.451 0.5000000000
12262  24.651  -56.692  -28.808 0.4000000060
12272  25.179  -56.953  -29.143 0.5000000000
12261  24.853  -56.888  -28.844 0.5000000000
12260  25.283  -57.713  -28.425 0.5000000000
11524  25.569  -57.398  -29.947 0.6999999881
11523  25.889  -58.111  -29.525 0.6999999881
10825  27.129  -59.203  -29.457 0.6999999881
10168  29.299  -59.840  -29.437 0.6999999881
10167  30.160  -59.680  -29.102 0.6999999881
131423  30.888  -59.142  -28.688 0.6999999881
140317  31.721  -58.731  -29.929 0.6999999881
130208  32.136  -58.231  -30.804 0.6999999881
147922  32.748  -57.654  -30.753 0.8000000119
148079  33.278  -56.633  -30.407 0.6999999881
14743  33.583  -52.908  -28.415 0.5000000000
13948  33.203  -53.950  -28.920 0.6000000238
13125  32.992  -55.176  -30.027 0.6000000238
132206  24.976  -55.102  -27.508 0.4000000060
13089  25.493  -55.342  -28.149 0.6000000238
136983  25.178  -56.016  -28.812 0.6000000238
13104  25.761  -55.710  -28.880 0.6000000238
12282  25.541  -56.488  -29.581 0.6000000238
12292  25.632  -56.630  -30.330 0.6000000238
11536  25.850  -58.140  -30.370 0.6999999881
10838  26.392  -58.750  -30.903 0.6999999881
10179  27.710  -59.437  -30.993 0.6999999881
10178  28.087  -59.566  -30.346 0.6999999881
10188  27.863  -59.340  -31.734 0.8000000119
10177  28.981  -59.681  -30.262 0.8000000119
10185  30.424  -59.197  -31.100 0.6000000238
130703  31.686  -58.401  -31.650 0.6000000238
130427  32.366  -57.030  -32.178 0.8000000119
147934  32.883  -57.047  -31.172 0.6999999881
15521  33.858  -51.941  -28.483 0.5000000000
14751  33.085  -53.032  -29.591 0.6000000238
13976  32.659  -55.230  -30.917 0.6999999881
15533  33.406  -52.195  -29.405 0.6000000238
13072  25.070  -54.511  -26.469 0.5000000000
157822  24.392  -54.643  -26.032 0.4000000060
133986  23.890  -54.892  -25.943 0.4000000060
13921  25.693  -54.826  -27.343 0.5000000000
13088  26.217  -55.024  -28.096 0.6000000238
13934  26.592  -55.101  -28.995 0.6000000238
13126  25.910  -55.903  -30.059 0.6000000238
12305  25.673  -56.636  -31.193 0.6999999881
10849  27.071  -59.210  -31.388 0.8000000119
10862  27.275  -59.035  -32.195 0.8000000119
10861  28.927  -58.805  -33.005 0.6000000238
149904  30.485  -58.554  -32.807 0.6000000238
147935  31.784  -58.075  -32.436 0.6999999881
151925  32.070  -57.512  -32.510 0.6999999881
13153  32.042  -55.241  -32.768 0.6999999881
143316  32.804  -53.770  -30.089 0.6000000238
13977  32.482  -54.597  -31.518 0.6000000238
14772  33.074  -53.423  -32.479 0.6000000238
142493  33.156  -52.434  -30.240 0.6000000238
14767  32.991  -53.013  -31.521 0.6000000238
13903  25.693  -53.864  -26.076 0.5000000000
13056  24.762  -54.370  -25.644 0.5000000000
13057  24.308  -54.791  -25.380 0.5000000000
155832  25.877  -54.349  -26.734 0.5000000000
10873  28.182  -58.347  -33.360 0.6999999881
10886  28.481  -57.601  -33.774 0.6000000238
11575  29.813  -57.728  -33.680 0.6000000238
11592  30.466  -56.604  -33.799 0.6000000238
12339  31.542  -56.144  -33.266 0.6999999881
12340  30.973  -56.188  -33.653 0.6000000238
141695  31.828  -55.760  -32.904 0.6000000238
13991  32.356  -54.654  -32.493 0.6999999881
16333  33.544  -51.699  -30.491 0.5000000000
15551  33.845  -52.952  -33.227 0.4000000060
14707  26.146  -53.269  -25.790 0.5000000000
14698  25.485  -53.264  -24.804 0.5000000000
13883  25.158  -53.927  -24.442 0.5000000000
13016  25.036  -55.032  -23.158 0.5000000000
13017  24.364  -55.498  -22.824 0.5000000000
13018  23.451  -55.583  -22.534 0.5000000000
150804  29.268  -56.323  -33.893 0.6000000238
139332  30.485  -55.799  -33.803 0.6000000238
143229  30.935  -55.064  -33.780 0.4000000060
14001  32.218  -54.570  -33.436 0.5000000000
14000  32.888  -53.960  -33.994 0.4000000060
14782  33.417  -53.528  -33.658 0.5000000000
15485  26.657  -52.895  -25.453 0.6000000238
14686  26.014  -52.896  -24.365 0.5000000000
14687  25.626  -53.385  -23.950 0.5000000000
13861  25.420  -54.411  -22.531 0.5000000000
13004  24.063  -55.415  -21.816 0.5000000000
13005  23.143  -55.378  -21.615 0.5000000000
13850  22.024  -54.834  -21.030 0.4000000060
13851  20.796  -54.916  -21.623 0.5000000000
134157  20.098  -54.471  -21.587 0.4000000060
134366  18.958  -54.156  -22.117 0.4000000060
146286  18.065  -55.056  -21.879 0.4000000060
14007  30.318  -55.080  -33.820 0.6000000238
14006  31.207  -54.313  -33.886 0.4000000060
14789  32.712  -53.514  -34.385 0.4000000060
14788  33.421  -53.425  -34.407 0.4000000060
14675  25.805  -53.642  -22.949 0.4000000060
13846  25.210  -54.336  -21.561 0.4000000060
13847  24.505  -54.790  -21.223 0.5000000000
14647  22.835  -53.597  -20.481 0.4000000060
13836  21.779  -54.209  -20.803 0.5000000000
14648  22.023  -53.531  -20.662 0.4000000060
15448  20.727  -52.947  -21.229 0.5000000000
14665  20.658  -54.074  -21.193 0.5000000000
15456  19.633  -52.898  -22.134 0.3000000119
15457  19.122  -53.259  -22.469 0.3000000119
14688  18.500  -53.500  -22.740 0.3000000119
15571  31.541  -52.885  -34.221 0.4000000060
153751  26.809  -52.785  -23.277 0.5000000000
14661  26.215  -53.182  -22.295 0.5000000000
14662  25.458  -53.557  -21.147 0.4000000060
15462  27.452  -52.594  -23.278 0.4000000060
15454  26.903  -52.710  -22.491 0.4000000060
145087  26.399  -52.671  -21.594 0.4000000060
15430  25.214  -52.258  -20.517 0.4000000060
15452  28.287  -52.298  -22.987 0.4000000060
15453  27.817  -52.114  -22.267 0.4000000060
15446  26.382  -52.076  -20.986 0.4000000060
16255  28.642  -51.728  -22.545 0.4000000060
16248  26.829  -51.256  -20.910 0.4000000060
16233  25.487  -51.482  -20.541 0.4000000060
16235  23.740  -51.112  -20.528 0.4000000060
16247  27.665  -51.387  -21.490 0.4000000060
16261  29.675  -51.563  -23.766 0.3000000119
17032  26.010  -50.852  -20.587 0.4000000060
17033  25.142  -50.693  -20.495 0.4000000060
17034  24.244  -50.520  -20.555 0.4000000060
16254  29.398  -51.303  -22.822 0.4000000060
17042  22.493  -50.304  -21.139 0.4000000060
17875  23.598  -49.035  -21.328 0.4000000060
17047  29.528  -50.217  -22.421 0.3000000119
17882  28.738  -50.103  -21.746 0.4000000060
17871  28.018  -49.923  -21.319 0.4000000060
17872  26.661  -50.136  -20.756 0.4000000060
17859  24.791  -49.796  -20.645 0.4000000060
17860  23.887  -49.668  -20.825 0.4000000060
17873  25.398  -49.139  -20.858 0.3000000119
11594  29.221  -57.363  -33.906 0.6000000238
13920  26.446  -54.491  -27.384 0.5000000000
13170  29.869  -55.845  -33.851 0.6000000238
14790  31.895  -53.537  -34.178 0.4000000060
149578  30.451  -58.711  -24.504 0.6000000238
130622  33.291  -57.010  -28.040 0.6999999881
130508  33.229  -57.257  -30.188 0.6999999881
144716  35.675  -52.597  -26.848 0.5000000000
154372  34.432  -51.724  -27.870 0.5000000000
13919  34.673  -53.760  -26.896 0.5000000000
145184  34.270  -52.410  -27.682 0.4000000060
10186  29.434  -59.476  -31.040 0.6999999881
13114  32.936  -54.474  -29.725 0.6000000238
11513  25.488  -57.456  -29.385 0.6000000238
10176  30.919  -59.251  -30.315 0.6999999881
148078  32.371  -57.765  -31.707 0.8000000119
13136  32.721  -55.843  -31.202 0.6999999881
13073  24.303  -54.928  -26.751 0.4000000060
10196  29.769  -59.182  -31.739 0.6000000238
10859  31.137  -58.526  -32.288 0.6000000238
12319  32.045  -56.331  -32.620 0.6999999881
12303  32.458  -56.256  -31.776 0.6999999881
16321  33.780  -51.382  -29.348 0.5000000000
16306  34.244  -51.206  -28.453 0.5000000000
13137  32.303  -55.370  -31.845 0.6999999881
150043  32.662  -53.743  -31.262 0.6000000238
131943  29.764  -58.423  -33.247 0.6999999881
153644  31.168  -58.163  -32.990 0.6999999881
130635  31.617  -57.598  -33.050 0.6999999881
14757  32.887  -53.028  -30.625 0.6000000238
15546  33.491  -52.654  -32.132 0.6000000238
155270  25.240  -54.008  -25.734 0.5000000000
13892  25.095  -53.815  -25.201 0.5000000000
13043  24.887  -54.749  -24.072 0.4000000060
12350  29.849  -56.397  -33.893 0.6000000238
14002  31.563  -54.773  -33.741 0.6000000238
13022  18.368  -55.387  -22.228 0.3000000119
14005  32.125  -54.108  -34.049 0.5000000000
150882  33.139  -53.101  -34.676 0.4000000060
13834  23.205  -54.349  -20.620 0.5000000000
14676  20.097  -53.470  -21.530 0.4000000060
14678  18.124  -54.351  -22.186 0.4000000060
17048  28.847  -50.950  -22.129 0.4000000060
17040  27.482  -50.534  -21.128 0.4000000060
8256  41.579  -62.593  -28.555 0.3000000119
8867  41.082  -61.227  -27.861 0.3000000119
12302  36.552  -56.879  -31.756 0.4000000060
138410  38.319  -56.342  -33.082 0.4000000060
12336  37.765  -56.720  -33.844 0.4000000060
12348  38.110  -57.073  -34.571 0.4000000060
12280  37.590  -56.472  -30.189 0.4000000060
12291  37.131  -57.062  -30.281 0.4000000060
147944  37.235  -57.480  -29.429 0.4000000060
156051  37.225  -57.053  -28.471 0.5000000000
147855  36.637  -58.403  -27.953 0.5000000000
130600  36.620  -57.777  -27.244 0.5000000000
13135  38.780  -55.776  -31.632 0.4000000060
12301  37.220  -56.586  -31.875 0.5000000000
142473  37.035  -56.738  -31.061 0.5000000000
130207  35.650  -58.530  -26.515 0.5000000000
13134  39.389  -55.559  -31.892 0.5000000000
139791  38.100  -56.202  -31.959 0.5000000000
13151  39.670  -55.801  -32.688 0.5000000000
12316  39.158  -56.189  -33.315 0.4000000060
12334  39.494  -56.465  -34.152 0.4000000060
139831  39.278  -57.508  -35.078 0.4000000060
11585  39.895  -57.965  -35.116 0.4000000060
10869  40.530  -58.882  -34.271 0.3000000119
135039  40.118  -58.596  -32.372 0.4000000060
13945  38.497  -54.617  -29.371 0.4000000060
13102  37.526  -55.385  -28.495 0.4000000060
13103  37.025  -55.427  -27.620 0.4000000060
13111  38.276  -55.395  -29.786 0.4000000060
13946  37.902  -55.017  -28.930 0.4000000060
13113  37.409  -55.906  -28.507 0.4000000060
12271  37.138  -56.333  -27.969 0.5000000000
11502  36.893  -57.011  -27.472 0.5000000000
13961  38.875  -55.027  -30.224 0.4000000060
12289  38.435  -55.775  -30.832 0.4000000060
12290  37.706  -56.315  -31.028 0.4000000060
12259  36.397  -56.078  -26.808 0.5000000000
130494  36.221  -57.007  -26.532 0.5000000000
130210  35.986  -57.801  -26.470 0.5000000000
130215  35.382  -57.876  -25.973 0.6000000238
130214  34.654  -57.624  -25.780 0.6000000238
130213  34.222  -58.469  -25.553 0.6000000238
130774  33.772  -56.318  -27.381 0.6000000238
150166  33.710  -57.820  -25.596 0.5000000000
12333  40.329  -56.411  -34.263 0.4000000060
10780  32.700  -57.865  -25.765 0.5000000000
10881  40.560  -58.299  -34.721 0.4000000060
10868  40.901  -58.390  -34.159 0.4000000060
10857  40.723  -58.466  -33.265 0.4000000060
13917  36.715  -54.505  -27.143 0.4000000060
13918  35.679  -54.152  -26.608 0.5000000000
13087  36.070  -55.039  -26.597 0.5000000000
148093  34.901  -54.747  -26.591 0.5000000000
130565  35.515  -56.381  -26.234 0.5000000000
130514  34.196  -55.080  -27.347 0.5000000000
130211  34.561  -56.619  -26.116 0.6000000238
131936  33.763  -55.436  -28.358 0.6000000238
130227  34.425  -55.998  -26.689 0.6000000238
7641  42.274  -63.171  -29.141 0.3000000119
9517  42.503  -60.361  -28.359 0.3000000119
11521  42.123  -57.860  -30.160 0.3000000119
14750  38.745  -53.831  -29.058 0.4000000060
14740  38.375  -53.406  -28.440 0.4000000060
14741  37.760  -53.342  -27.850 0.4000000060
13916  37.239  -53.966  -27.606 0.4000000060
14729  36.226  -53.066  -26.845 0.4000000060
14730  35.548  -53.342  -26.700 0.4000000060
156276  34.237  -54.417  -27.260 0.5000000000
131541  33.977  -57.239  -25.977 0.6000000238
10768  33.307  -58.560  -25.159 0.5000000000
14728  36.940  -53.204  -27.266 0.4000000060
12281  37.463  -56.593  -29.152 0.4000000060
130893  34.998  -58.458  -25.922 0.5000000000
11522  41.248  -57.905  -30.245 0.3000000119
13930  38.000  -54.151  -28.476 0.4000000060
130225  35.395  -55.583  -26.391 0.5000000000
135595  34.930  -55.987  -26.293 0.6000000238
21533  25.946  -46.165  -32.143 0.3000000119
8866  41.844  -60.873  -28.103 0.3000000119
8885  41.779  -61.738  -28.310 0.3000000119
10156  28.679  -59.864  -28.949 0.6999999881
10169  28.436  -59.744  -29.610 0.6999999881
10170  27.744  -59.497  -29.747 0.6999999881
10184  31.324  -58.791  -30.901 0.6000000238
10187  28.478  -59.496  -31.059 0.8000000119
10197  28.871  -59.265  -31.998 0.6000000238
10198  28.015  -59.030  -32.651 0.6999999881
10753  28.080  -58.800  -23.249 0.6000000238
10754  27.402  -58.363  -23.701 0.5000000000
10761  31.132  -58.655  -24.587 0.6000000238
10763  27.302  -58.361  -24.690 0.5000000000
10769  32.274  -58.217  -25.139 0.6000000238
10772  29.053  -58.832  -25.558 0.6000000238
10773  28.224  -58.906  -25.867 0.6999999881
10781  31.601  -58.165  -26.226 0.6000000238
10785  27.398  -58.985  -26.291 0.6999999881
10794  30.799  -58.659  -26.996 0.6000000238
10795  29.956  -58.896  -26.816 0.6000000238
10796  28.268  -59.500  -27.321 0.6999999881
10798  26.665  -58.875  -26.769 0.6000000238
10807  31.686  -58.529  -28.162 0.6000000238
10810  27.431  -59.470  -27.982 0.6999999881
10819  41.521  -58.214  -29.440 0.3000000119
10823  31.509  -58.853  -29.082 0.6999999881
10824  30.918  -59.343  -29.552 0.6999999881
10826  26.481  -58.708  -29.932 0.6999999881
10837  27.206  -59.255  -30.397 0.6999999881
10847  31.015  -58.788  -31.599 0.6000000238
10848  30.428  -58.877  -32.018 0.6000000238
10850  26.469  -58.563  -31.998 0.8000000119
10856  41.277  -58.133  -33.751 0.4000000060
10860  29.714  -58.918  -32.518 0.6000000238
10870  31.047  -57.661  -33.414 0.6999999881
10871  30.496  -58.039  -33.392 0.6000000238
10872  29.060  -58.087  -33.576 0.6000000238
11487  26.452  -58.270  -24.858 0.6000000238
11489  26.209  -58.353  -25.594 0.6000000238
11537  25.613  -57.401  -30.757 0.6999999881
11559  31.920  -56.958  -32.965 0.6999999881
11560  25.881  -57.710  -32.165 0.8999999762
11573  31.212  -56.940  -33.509 0.6999999881
11574  30.493  -57.345  -33.694 0.6000000238
11576  27.595  -57.734  -33.615 0.6999999881
11577  26.782  -57.606  -33.356 0.8000000119
11584  40.571  -57.586  -34.764 0.4000000060
11593  29.855  -57.034  -33.903 0.6000000238
12304  32.069  -55.792  -32.384 0.6999999881
12321  25.697  -56.659  -32.179 0.8000000119
12335  38.612  -56.540  -34.002 0.4000000060
12346  39.917  -57.062  -34.755 0.4000000060
12347  38.982  -56.989  -34.668 0.4000000060
12351  28.537  -56.485  -33.877 0.6000000238
12352  27.661  -56.388  -33.796 0.6000000238
13006  22.408  -55.245  -21.473 0.5000000000
13007  21.678  -55.245  -21.748 0.4000000060
13023  17.555  -55.693  -21.819 0.4000000060
13044  24.347  -55.114  -24.560 0.4000000060
13112  37.800  -55.829  -29.290 0.4000000060
13115  26.067  -55.676  -29.409 0.6000000238
13124  38.000  -56.000  -30.206 0.4000000060
13152  38.898  -55.999  -32.417 0.5000000000
13166  31.667  -55.288  -33.307 0.6000000238
13167  31.179  -55.518  -33.629 0.6000000238
13168  26.452  -55.200  -33.441 0.6999999881
13169  26.032  -55.409  -33.010 0.6999999881
13171  29.510  -55.541  -33.844 0.6999999881
13172  28.849  -55.151  -33.926 0.6999999881
13174  27.084  -54.920  -33.875 0.6000000238
13835  22.415  -54.277  -20.686 0.5000000000
13848  23.647  -55.004  -20.999 0.5000000000
13849  22.784  -54.952  -20.958 0.5000000000
13862  24.885  -55.074  -22.145 0.5000000000
13863  19.472  -54.674  -21.948 0.4000000060
13864  18.734  -54.845  -22.050 0.3000000119
13873  25.346  -54.192  -23.538 0.5000000000
13931  37.415  -54.754  -28.070 0.4000000060
13950  26.350  -55.255  -29.941 0.6000000238
13962  32.651  -54.492  -30.559 0.6999999881
13990  32.774  -54.052  -33.110 0.5000000000
14003  26.391  -54.385  -33.394 0.6999999881
14008  28.311  -54.568  -34.005 0.6000000238
14646  23.554  -53.727  -20.453 0.4000000060
14663  24.795  -53.973  -20.826 0.4000000060
14664  21.291  -53.674  -20.889 0.5000000000
14674  26.250  -52.989  -23.353 0.5000000000
14677  19.525  -53.888  -21.779 0.4000000060
14689  17.677  -53.643  -23.022 0.3000000119
14697  25.975  -52.968  -25.127 0.6000000238
14717  26.546  -53.859  -26.607 0.5000000000
14742  34.178  -53.140  -27.456 0.4000000060
14759  26.407  -53.515  -31.371 0.6000000238
14773  32.625  -54.097  -32.173 0.6999999881
14784  26.047  -54.068  -32.846 0.6000000238
14793  28.845  -53.348  -33.738 0.6000000238
15429  25.821  -52.030  -20.693 0.4000000060
15445  27.059  -52.088  -21.560 0.4000000060
15455  20.186  -52.494  -21.885 0.3000000119
15463  26.666  -52.714  -23.926 0.5000000000
15471  28.226  -52.442  -23.804 0.4000000060
15484  27.303  -52.702  -25.092 0.5000000000
15538  33.227  -52.408  -31.119 0.6000000238
15560  34.020  -53.068  -34.143 0.4000000060
15563  27.071  -52.474  -33.068 0.5000000000
15564  26.441  -52.919  -32.813 0.5000000000
15570  32.423  -52.960  -34.519 0.4000000060
15572  30.611  -52.872  -33.888 0.5000000000
16232  26.126  -51.546  -20.691 0.4000000060
16234  24.569  -51.510  -20.425 0.4000000060
16246  28.299  -51.436  -21.931 0.4000000060
16262  28.976  -52.058  -23.305 0.3000000119
16309  27.428  -51.398  -29.421 0.4000000060
16340  25.650  -51.034  -31.300 0.4000000060
17035  23.360  -50.379  -20.743 0.4000000060
17039  28.216  -50.744  -21.567 0.4000000060
17041  23.056  -49.581  -21.219 0.4000000060
17057  30.075  -50.721  -23.281 0.4000000060
17064  30.583  -50.358  -24.744 0.4000000060
17072  30.335  -50.972  -25.241 0.4000000060
17105  28.097  -50.430  -29.082 0.3000000119
17134  25.378  -49.793  -31.382 0.4000000060
17141  25.682  -49.726  -31.813 0.4000000060
17149  30.122  -50.591  -33.051 0.5000000000
17858  25.701  -49.993  -20.610 0.4000000060
17892  30.241  -49.877  -22.962 0.3000000119
17907  30.816  -49.250  -25.671 0.4000000060
17985  26.149  -49.590  -32.459 0.5000000000
18714  31.064  -48.739  -24.941 0.4000000060
18734  30.367  -48.144  -27.421 0.3000000119
18759  26.071  -48.239  -29.844 0.4000000060
18770  25.149  -48.323  -30.998 0.4000000060
18786  25.707  -48.651  -32.120 0.5000000000
19599  28.095  -47.168  -29.399 0.3000000119
19600  27.537  -47.795  -29.470 0.3000000119
19612  25.374  -47.448  -30.872 0.3000000119
19626  25.594  -47.837  -32.062 0.4000000060
19638  27.677  -47.393  -33.704 0.6000000238
19640  25.983  -47.421  -32.514 0.5000000000
20506  28.663  -46.560  -29.272 0.3000000119
21511  25.946  -45.761  -30.813 0.3000000119
21521  25.609  -46.207  -31.758 0.3000000119
21552  26.878  -45.959  -33.061 0.4000000060
21553  26.386  -46.214  -32.612 0.4000000060
23428  26.320  -43.179  -31.471 0.3000000119
24301  26.424  -42.476  -31.222 0.5000000000
130217  36.241  -58.517  -27.235 0.5000000000
130222  35.436  -57.183  -26.015 0.5000000000
130568  34.656  -55.489  -26.675 0.6000000238
130579  33.301  -57.257  -29.194 0.6999999881
131278  27.358  -49.755  -21.047 0.4000000060
132606  25.751  -53.770  -21.950 0.4000000060
133825  24.742  -54.489  -24.903 0.5000000000
133928  26.123  -50.636  -32.144 0.4000000060
134152  26.462  -47.962  -33.012 0.4000000060
134990  26.037  -55.424  -30.788 0.6999999881
135101  25.921  -45.202  -31.353 0.3000000119
135869  26.475  -43.813  -31.919 0.4000000060
137328  30.149  -48.788  -27.732 0.4000000060
139295  21.305  -54.587  -21.079 0.5000000000
139335  36.420  -53.705  -26.915 0.4000000060
140490  27.535  -48.856  -33.561 0.6000000238
141821  34.079  -55.711  -27.459 0.6000000238
143062  25.465  -49.229  -30.282 0.4000000060
143136  33.163  -55.956  -30.447 0.6999999881
143198  27.431  -51.929  -32.945 0.6000000238
143784  26.475  -56.028  -33.391 0.6999999881
144293  28.644  -50.051  -28.796 0.3000000119
144637  29.373  -56.815  -33.973 0.6000000238
144807  25.729  -50.248  -31.762 0.4000000060
144896  29.310  -50.568  -32.977 0.5000000000
145663  26.782  -58.385  -23.411 0.5000000000
145798  25.898  -51.081  -31.743 0.5000000000
149065  25.942  -53.191  -21.544 0.4000000060
149082  26.966  -56.478  -33.634 0.6000000238
149256  27.454  -50.006  -29.368 0.3000000119
149477  26.099  -51.965  -31.802 0.5000000000
149736  31.110  -52.214  -34.073 0.5000000000
151593  30.066  -59.660  -30.118 0.6999999881
151748  26.845  -51.760  -32.699 0.5000000000
151948  30.472  -54.280  -33.840 0.6000000238
152393  25.527  -53.401  -25.468 0.5000000000
153532  25.105  -49.489  -30.710 0.4000000060
153840  32.972  -56.382  -31.005 0.6999999881
155058  26.132  -52.446  -31.911 0.5000000000
157597  33.436  -56.301  -29.997 0.6999999881
