#!ascii label  , from subject freesurfer vox2ras=TkReg
894
11583  41.087  -57.406  -34.518 0.3000000119
17935  34.981  -49.764  -28.339 0.6000000238
17974  35.777  -49.819  -33.216 0.6999999881
17980  36.288  -50.119  -34.063 0.6999999881
12345  40.755  -56.909  -34.627 0.4000000060
14749  39.464  -53.461  -29.453 0.4000000060
13163  41.645  -55.908  -34.218 0.5000000000
12331  42.387  -56.601  -34.318 0.5000000000
17922  35.653  -49.973  -27.673 0.6999999881
141783  34.622  -49.561  -29.157 0.6999999881
18779  35.240  -48.583  -31.644 0.6000000238
17968  35.237  -49.504  -32.214 0.6000000238
18785  35.702  -48.858  -32.696 0.6999999881
17979  36.746  -49.635  -34.490 0.6999999881
13165  40.008  -56.069  -33.522 0.5000000000
14756  39.899  -53.889  -30.224 0.4000000060
13164  40.807  -55.906  -33.839 0.6000000238
15520  38.345  -52.599  -28.070 0.4000000060
138749  37.830  -51.750  -27.567 0.5000000000
13149  41.348  -55.343  -33.474 0.6000000238
16292  37.178  -50.912  -27.297 0.6000000238
13999  42.132  -55.198  -33.688 0.6000000238
17921  36.433  -49.649  -27.545 0.6000000238
17950  34.689  -49.140  -29.991 0.6000000238
18769  35.013  -48.419  -30.595 0.6000000238
20550  36.848  -47.182  -33.060 0.6999999881
18784  36.383  -48.209  -33.129 0.6999999881
18792  37.032  -48.922  -34.072 0.6999999881
156632  36.685  -49.083  -35.793 0.6999999881
19630  38.156  -48.163  -34.389 0.6999999881
18791  37.660  -48.718  -34.445 0.6999999881
18812  37.240  -48.657  -35.911 0.6999999881
19646  38.459  -48.233  -35.187 0.6999999881
13151  39.670  -55.801  -32.688 0.5000000000
13975  39.803  -54.991  -31.467 0.5000000000
13960  39.513  -54.622  -30.646 0.5000000000
14739  38.940  -53.032  -28.791 0.4000000060
13989  41.176  -54.954  -32.737 0.5000000000
16305  38.730  -51.603  -28.181 0.5000000000
16291  38.133  -50.902  -27.673 0.6000000238
14770  42.816  -53.725  -32.876 0.6000000238
13973  41.468  -54.304  -32.170 0.5000000000
15544  42.043  -53.007  -31.596 0.5000000000
17934  35.739  -49.057  -28.005 0.6999999881
18757  35.137  -48.303  -29.568 0.6000000238
134458  34.996  -48.933  -28.861 0.6999999881
19618  35.354  -47.723  -31.033 0.6000000238
19611  35.300  -47.745  -30.132 0.6000000238
20551  36.105  -47.332  -32.406 0.6000000238
19625  35.642  -47.906  -32.107 0.6000000238
20559  37.733  -47.557  -33.665 0.6999999881
19654  36.760  -47.718  -36.231 0.6999999881
20558  38.408  -47.370  -33.988 0.6000000238
19653  37.919  -48.032  -35.896 0.6999999881
20580  37.288  -47.046  -36.148 0.6999999881
19629  38.840  -47.795  -34.775 0.6999999881
15532  39.676  -52.534  -29.144 0.4000000060
13974  40.597  -54.812  -31.979 0.5000000000
13959  40.212  -54.310  -31.081 0.4000000060
137015  39.392  -51.840  -28.719 0.5000000000
138095  38.825  -50.651  -28.118 0.6000000238
14766  40.865  -54.100  -31.469 0.4000000060
17920  37.263  -49.546  -27.536 0.6000000238
14755  40.682  -53.501  -30.722 0.4000000060
14765  41.405  -53.581  -31.451 0.4000000060
152051  41.261  -52.119  -30.262 0.4000000060
18733  36.711  -48.886  -27.704 0.6999999881
18746  35.623  -48.250  -28.661 0.6000000238
19598  35.594  -47.565  -29.325 0.6000000238
20542  36.319  -46.572  -32.084 0.6000000238
20536  35.686  -46.878  -30.209 0.6000000238
21529  36.991  -46.193  -32.573 0.6000000238
21565  36.745  -46.105  -35.971 0.6999999881
134001  38.178  -47.295  -35.973 0.6999999881
20574  39.286  -47.248  -35.190 0.6000000238
20579  38.881  -46.967  -35.814 0.6000000238
14748  40.239  -53.109  -29.833 0.4000000060
15531  40.523  -52.256  -29.677 0.4000000060
17919  38.066  -49.602  -27.671 0.6999999881
18732  37.623  -48.821  -27.690 0.8000000119
138909  42.030  -52.087  -31.038 0.5000000000
18745  36.264  -48.339  -28.086 0.6999999881
157287  36.009  -46.945  -29.170 0.6000000238
20535  36.123  -46.280  -31.051 0.5000000000
21566  35.896  -46.112  -35.652 0.6999999881
21527  38.618  -45.565  -33.086 0.6000000238
21543  38.490  -46.467  -33.563 0.6000000238
21564  37.899  -46.339  -36.050 0.8000000119
131516  37.203  -45.349  -35.881 0.8000000119
21542  39.345  -46.261  -33.893 0.6000000238
20557  39.115  -47.068  -34.387 0.6000000238
17113  40.181  -50.635  -29.115 0.5000000000
16304  39.441  -51.094  -28.627 0.6000000238
16319  40.868  -51.250  -29.739 0.5000000000
17122  41.685  -50.670  -30.453 0.6999999881
154922  41.326  -50.924  -30.110 0.4000000060
18744  37.027  -48.070  -27.846 0.6999999881
19587  36.299  -47.555  -28.500 0.6999999881
137154  36.256  -46.134  -30.180 0.6000000238
20520  36.333  -46.359  -29.435 0.6000000238
21519  36.653  -45.820  -31.667 0.6000000238
22500  36.976  -44.490  -35.517 0.6000000238
21528  37.770  -45.855  -32.817 0.6000000238
22498  38.607  -44.955  -36.071 0.6999999881
22499  37.709  -44.663  -35.825 0.6999999881
150411  40.619  -45.670  -34.668 0.6999999881
21558  40.440  -46.249  -35.064 0.6999999881
21563  39.025  -45.989  -36.061 0.6999999881
17101  39.456  -50.208  -28.514 0.6000000238
17102  38.786  -49.835  -28.025 0.6000000238
17959  41.123  -49.534  -29.879 0.6999999881
17123  41.159  -50.405  -29.917 0.6000000238
17933  38.535  -48.976  -27.927 0.6999999881
17967  42.141  -49.481  -30.987 0.6999999881
17131  42.201  -50.309  -30.994 0.6999999881
18743  38.065  -47.945  -27.941 0.6999999881
19586  37.212  -47.270  -28.226 0.6999999881
21495  36.734  -45.721  -29.664 0.5000000000
20504  36.650  -46.748  -28.734 0.6000000238
22495  36.609  -44.034  -34.971 0.5000000000
139447  37.903  -45.019  -32.081 0.6000000238
21518  37.147  -45.212  -31.274 0.6000000238
23453  37.228  -43.593  -35.359 0.6000000238
24327  36.997  -42.956  -34.933 0.5000000000
153425  37.212  -45.519  -32.144 0.6000000238
144689  39.105  -44.396  -36.129 0.6000000238
24329  38.110  -43.163  -35.757 0.5000000000
153174  38.138  -42.289  -35.681 0.5000000000
22484  39.498  -45.354  -33.437 0.6999999881
21540  40.241  -45.106  -33.989 0.6999999881
22497  41.116  -44.885  -35.577 0.6999999881
22504  40.475  -44.853  -36.108 0.6999999881
143241  40.340  -43.463  -36.395 0.5000000000
22494  40.901  -44.903  -34.786 0.6999999881
23455  40.930  -44.175  -36.191 0.6000000238
17932  39.332  -49.324  -28.410 0.6000000238
17948  40.531  -49.161  -29.365 0.6999999881
18756  39.904  -48.790  -28.805 0.6000000238
18767  41.511  -48.326  -30.362 0.6999999881
19584  39.097  -48.400  -28.351 0.6999999881
151061  37.311  -46.596  -28.523 0.6999999881
19585  38.014  -46.995  -28.313 0.6999999881
20519  36.965  -46.055  -28.899 0.6000000238
25233  37.362  -41.882  -34.978 0.4000000060
21509  37.171  -45.152  -30.136 0.5000000000
25238  37.903  -41.619  -35.492 0.4000000060
136295  39.563  -44.305  -33.042 0.6000000238
22476  38.843  -44.742  -32.540 0.6000000238
23457  39.134  -43.479  -36.144 0.5000000000
25236  38.726  -42.398  -35.983 0.5000000000
24333  40.674  -42.755  -36.638 0.4000000060
23440  40.347  -44.104  -33.934 0.6000000238
22493  41.347  -44.200  -35.550 0.6999999881
22502  41.220  -44.283  -35.884 0.6000000238
24331  41.766  -42.967  -36.221 0.5000000000
18768  41.031  -48.695  -29.850 0.6000000238
19609  41.559  -47.626  -30.292 0.6999999881
19610  40.935  -47.870  -29.810 0.6999999881
149098  38.865  -47.518  -28.403 0.6000000238
20503  37.867  -46.088  -28.574 0.6000000238
21517  37.655  -44.626  -30.807 0.6000000238
21494  37.407  -45.422  -29.160 0.5000000000
22470  39.000  -44.089  -32.107 0.6000000238
24334  39.668  -42.570  -36.386 0.4000000060
25242  39.113  -41.419  -36.277 0.5000000000
26177  38.882  -40.293  -36.415 0.4000000060
26176  39.695  -40.773  -36.654 0.4000000060
23448  41.100  -43.944  -34.800 0.6000000238
24328  41.820  -42.808  -35.657 0.5000000000
19595  40.185  -47.322  -29.150 0.6999999881
19596  39.681  -47.912  -28.780 0.6000000238
20534  41.001  -47.067  -29.668 0.6999999881
20517  39.467  -46.586  -28.692 0.6000000238
19597  38.738  -46.731  -28.487 0.6000000238
20533  41.841  -46.851  -30.188 0.6999999881
20518  38.722  -46.065  -28.546 0.5000000000
23427  38.433  -43.767  -30.708 0.6000000238
22464  38.092  -44.146  -30.221 0.6000000238
22471  38.360  -44.242  -31.449 0.6000000238
23432  39.253  -43.469  -32.218 0.5000000000
23441  39.806  -43.306  -33.090 0.6000000238
24326  41.160  -42.912  -34.757 0.6000000238
20516  40.291  -46.332  -28.948 0.6999999881
140762  39.302  -45.763  -28.592 0.6999999881
21493  38.339  -45.289  -28.791 0.6000000238
22450  38.504  -44.328  -29.185 0.5000000000
23419  38.596  -43.186  -30.604 0.6000000238
142303  38.481  -43.657  -29.865 0.6000000238
24309  39.387  -42.614  -32.306 0.6000000238
24318  39.912  -42.357  -33.145 0.6000000238
25232  41.321  -41.863  -34.722 0.5000000000
16348  43.740  -51.816  -33.609 0.5000000000
16342  42.909  -51.389  -32.407 0.5000000000
17143  43.883  -50.995  -33.808 0.5000000000
16349  43.363  -51.172  -33.210 0.5000000000
135515  42.605  -49.912  -31.698 0.6999999881
18790  43.348  -49.093  -32.957 0.6999999881
17978  43.304  -49.791  -33.009 0.5000000000
17977  43.730  -49.624  -33.525 0.5000000000
17966  42.536  -49.060  -31.612 0.6999999881
17973  42.969  -49.481  -32.360 0.6999999881
18778  42.051  -48.692  -30.922 0.6999999881
11570  41.563  -57.697  -34.210 0.3000000119
18793  36.379  -49.309  -33.624 0.6999999881
17960  34.815  -49.221  -31.164 0.6000000238
18804  37.327  -49.278  -35.074 0.6999999881
20581  36.236  -46.768  -36.090 0.6999999881
16337  42.174  -51.142  -30.970 0.6000000238
20573  39.789  -46.558  -35.595 0.6999999881
23452  37.590  -43.869  -35.633 0.6000000238
22505  39.686  -45.164  -36.103 0.6999999881
23451  38.322  -44.073  -35.887 0.6000000238
151132  40.794  -45.362  -35.728 0.6999999881
24330  37.619  -42.712  -35.407 0.5000000000
24332  41.360  -43.183  -36.493 0.5000000000
25225  40.550  -42.114  -33.929 0.6000000238
23426  38.766  -43.605  -31.416 0.6000000238
18788  44.452  -48.135  -33.645 0.6000000238
21537  47.202  -44.843  -34.232 0.6000000238
23439  47.422  -43.350  -33.447 0.4000000060
20554  45.520  -46.830  -33.990 0.5000000000
19628  44.044  -48.013  -33.174 0.6000000238
15507  35.986  -51.894  -26.985 0.5000000000
22473  48.005  -43.571  -33.332 0.4000000060
138889  36.344  -50.421  -27.356 0.5000000000
16294  34.908  -51.122  -27.723 0.5000000000
20553  46.521  -45.891  -34.382 0.5000000000
23430  47.647  -42.756  -32.984 0.4000000060
17092  35.615  -50.740  -27.462 0.5000000000
17114  34.175  -50.657  -29.162 0.5000000000
21538  46.389  -45.156  -33.817 0.6000000238
17936  34.465  -50.079  -28.924 0.5000000000
19622  44.608  -47.364  -33.325 0.5000000000
18783  42.980  -48.662  -32.216 0.6000000238
23417  47.767  -42.857  -30.904 0.4000000060
23403  47.745  -43.398  -29.789 0.4000000060
22483  46.719  -44.215  -33.605 0.4000000060
15538  33.227  -52.408  -31.119 0.5000000000
21539  45.651  -45.858  -33.598 0.5000000000
16332  33.983  -50.848  -30.191 0.5000000000
146701  34.298  -51.618  -32.292 0.5000000000
19623  43.836  -47.476  -32.527 0.6000000238
19615  43.356  -47.254  -31.844 0.6000000238
18777  42.510  -48.183  -31.411 0.6000000238
17961  34.511  -49.759  -30.742 0.5000000000
15545  34.151  -52.264  -32.741 0.4000000060
20547  44.435  -46.690  -32.613 0.5000000000
21525  44.964  -45.785  -32.722 0.5000000000
20548  43.820  -46.721  -31.947 0.6000000238
20540  43.204  -46.725  -31.352 0.6000000238
19616  42.814  -47.406  -31.384 0.6000000238
20541  42.564  -46.838  -30.806 0.6000000238
19617  42.214  -47.515  -30.800 0.6000000238
23431  46.997  -42.383  -33.113 0.4000000060
24302  47.395  -41.911  -31.814 0.4000000060
17145  35.822  -50.676  -33.724 0.5000000000
16343  34.786  -51.852  -33.128 0.5000000000
15559  34.403  -52.487  -34.442 0.4000000060
17138  35.290  -50.424  -32.799 0.6000000238
15550  34.483  -52.503  -33.701 0.4000000060
22475  45.183  -44.767  -32.520 0.6000000238
21515  43.734  -45.930  -31.414 0.6000000238
21516  42.972  -46.138  -30.759 0.6000000238
20532  42.374  -46.317  -30.338 0.6000000238
24282  46.938  -41.878  -29.587 0.4000000060
17146  35.473  -51.260  -34.350 0.5000000000
16361  34.724  -51.860  -34.696 0.4000000060
16362  33.251  -51.557  -34.946 0.4000000060
22467  45.465  -43.694  -32.537 0.6000000238
22474  46.438  -43.282  -33.148 0.4000000060
22468  44.679  -44.359  -31.858 0.6000000238
146622  45.892  -44.206  -33.004 0.6000000238
21514  44.483  -45.356  -31.938 0.5000000000
21505  43.332  -45.339  -30.718 0.6000000238
22469  44.003  -44.971  -31.275 0.5000000000
21507  41.960  -46.131  -29.866 0.6000000238
23390  47.267  -43.015  -29.046 0.4000000060
24303  46.867  -41.512  -32.159 0.4000000060
17993  35.716  -49.699  -35.413 0.6000000238
17995  34.105  -50.111  -35.216 0.5000000000
17996  32.891  -49.775  -34.613 0.5000000000
17163  32.560  -50.726  -34.655 0.5000000000
155595  45.431  -42.079  -32.084 0.4000000060
24304  46.172  -41.621  -32.237 0.4000000060
23425  44.891  -43.115  -31.875 0.5000000000
22461  44.130  -44.047  -31.193 0.5000000000
22445  43.027  -43.923  -29.759 0.5000000000
21506  42.543  -45.558  -30.074 0.6000000238
21490  41.701  -45.513  -29.372 0.6000000238
20515  41.264  -46.276  -29.467 0.6000000238
25190  46.435  -40.867  -30.219 0.4000000060
25189  46.966  -41.534  -30.604 0.4000000060
25174  46.473  -41.213  -29.139 0.4000000060
137071  36.214  -48.350  -36.076 0.6000000238
25191  45.828  -40.213  -30.204 0.4000000060
25207  46.584  -40.980  -31.037 0.4000000060
18805  34.280  -48.388  -34.991 0.6000000238
152876  33.474  -48.413  -34.379 0.5000000000
24305  45.543  -41.464  -31.697 0.4000000060
23418  44.188  -43.130  -30.950 0.5000000000
22463  43.092  -44.699  -30.164 0.5000000000
22446  42.299  -44.636  -29.400 0.6000000238
21491  40.786  -45.537  -28.860 0.6000000238
26112  45.571  -39.844  -28.769 0.4000000060
18814  35.194  -48.050  -35.613 0.6000000238
18795  31.384  -48.659  -33.270 0.5000000000
25209  45.305  -40.573  -30.616 0.4000000060
24297  44.796  -42.196  -31.462 0.4000000060
24298  44.185  -42.189  -30.664 0.5000000000
23405  42.969  -43.160  -29.384 0.5000000000
22447  41.296  -44.763  -28.765 0.5000000000
150635  46.086  -40.656  -28.736 0.4000000060
19647  35.190  -47.058  -35.406 0.6000000238
20576  34.087  -47.321  -34.142 0.5000000000
19632  33.259  -47.332  -33.585 0.5000000000
23404  43.603  -43.119  -30.120 0.5000000000
23391  42.276  -43.212  -28.782 0.4000000060
23406  41.787  -43.969  -28.754 0.4000000060
22448  40.178  -44.657  -28.551 0.4000000060
144420  44.617  -39.299  -27.219 0.4000000060
26126  45.499  -39.743  -29.578 0.4000000060
157647  35.595  -46.660  -35.732 0.6000000238
26127  44.944  -39.618  -29.550 0.4000000060
22501  36.381  -45.330  -35.464 0.5000000000
21560  34.950  -46.413  -34.477 0.5000000000
20560  34.131  -46.852  -33.847 0.5000000000
139805  32.215  -47.561  -33.280 0.4000000060
21544  35.192  -45.547  -34.166 0.4000000060
25194  42.966  -41.665  -28.994 0.5000000000
24284  42.773  -42.536  -29.017 0.5000000000
22437  40.872  -43.960  -28.458 0.4000000060
22438  40.003  -43.739  -28.464 0.4000000060
23408  38.856  -43.499  -29.164 0.4000000060
24269  40.149  -42.578  -28.192 0.5000000000
22496  36.007  -44.912  -34.738 0.5000000000
23449  36.018  -44.113  -34.274 0.4000000060
24285  38.933  -42.660  -29.004 0.5000000000
25178  40.348  -41.742  -27.979 0.5000000000
24268  40.993  -42.498  -28.085 0.5000000000
24270  39.519  -42.644  -28.508 0.5000000000
23407  39.362  -43.294  -28.663 0.5000000000
26986  44.544  -39.133  -28.370 0.4000000060
25226  39.962  -41.436  -33.198 0.5000000000
136731  38.639  -42.929  -29.731 0.5000000000
24271  39.222  -42.027  -28.664 0.5000000000
25179  39.551  -41.447  -28.278 0.5000000000
23442  36.378  -43.270  -34.242 0.4000000060
25217  39.480  -41.709  -32.386 0.4000000060
25215  39.097  -41.158  -31.640 0.4000000060
146920  38.935  -42.868  -31.438 0.5000000000
24299  38.688  -42.304  -30.527 0.5000000000
24300  38.681  -42.245  -29.628 0.5000000000
25196  38.832  -41.936  -29.153 0.5000000000
132912  38.759  -40.401  -30.033 0.5000000000
26138  38.820  -40.737  -30.815 0.4000000060
17969  34.728  -50.120  -31.695 0.5000000000
149415  35.967  -50.600  -34.391 0.6000000238
17992  36.550  -49.649  -35.349 0.6000000238
144054  36.870  -51.809  -27.218 0.5000000000
155057  36.540  -44.727  -35.211 0.5000000000
21492  39.930  -45.455  -28.629 0.6000000238
131202  39.214  -44.918  -28.701 0.4000000060
16338  34.098  -51.121  -31.383 0.5000000000
17124  34.290  -50.391  -30.925 0.5000000000
17132  34.698  -50.998  -32.363 0.5000000000
16350  35.000  -51.964  -34.023 0.4000000060
15568  33.992  -52.239  -34.903 0.4000000060
17160  35.459  -50.493  -35.116 0.6000000238
17162  33.569  -50.790  -35.048 0.4000000060
25214  46.313  -41.163  -31.538 0.4000000060
17998  35.100  -48.936  -35.547 0.6000000238
17994  34.673  -49.447  -35.371 0.6000000238
18806  33.618  -49.084  -34.867 0.5000000000
17997  32.028  -50.075  -33.990 0.5000000000
145052  31.940  -52.263  -34.559 0.5000000000
17981  32.127  -49.214  -33.775 0.5000000000
19648  34.577  -47.455  -34.782 0.5000000000
19633  32.970  -48.080  -33.783 0.5000000000
136196  33.775  -47.830  -34.240 0.5000000000
18794  32.163  -48.370  -33.464 0.5000000000
24283  43.526  -42.145  -29.723 0.5000000000
21559  35.643  -45.801  -35.034 0.6000000238
22449  39.282  -44.078  -28.695 0.3000000119
25211  38.778  -41.512  -30.897 0.4000000060
6046  43.149  -67.060  -27.058 0.3000000119
6503  44.490  -66.407  -27.957 0.3000000119
6037  43.873  -66.477  -27.174 0.3000000119
6505  45.555  -65.157  -29.150 0.3000000119
155894  45.016  -65.902  -28.779 0.3000000119
6506  45.184  -65.551  -28.044 0.3000000119
7036  45.435  -63.848  -30.431 0.3000000119
153501  46.084  -64.538  -28.965 0.3000000119
7613  45.806  -63.215  -26.558 0.3000000119
6994  46.148  -64.096  -27.342 0.3000000119
7640  47.009  -63.462  -28.922 0.3000000119
7653  46.610  -63.231  -29.855 0.3000000119
7628  46.641  -63.237  -27.092 0.3000000119
8231  47.037  -61.608  -26.664 0.3000000119
8241  47.296  -62.424  -27.332 0.3000000119
8252  47.513  -62.692  -28.427 0.4000000060
8265  47.202  -62.656  -29.485 0.4000000060
8904  46.618  -62.098  -30.246 0.4000000060
8266  46.036  -62.496  -30.334 0.3000000119
153675  48.655  -60.359  -26.629 0.3000000119
8864  48.702  -60.782  -27.389 0.4000000060
8880  48.630  -61.055  -28.481 0.4000000060
153447  47.293  -61.865  -29.930 0.4000000060
130193  47.789  -59.678  -25.927 0.3000000119
8895  46.527  -61.539  -30.430 0.4000000060
132657  47.443  -58.922  -25.766 0.4000000060
8896  45.644  -61.871  -30.145 0.4000000060
8881  45.922  -60.901  -30.281 0.3000000119
148137  48.974  -59.643  -26.108 0.4000000060
8863  49.133  -60.362  -27.798 0.3000000119
8879  48.993  -60.379  -28.636 0.4000000060
130801  48.946  -58.666  -25.848 0.4000000060
9528  48.300  -59.960  -30.001 0.5000000000
8894  47.333  -61.153  -30.349 0.4000000060
130183  46.669  -58.318  -26.358 0.4000000060
9529  47.017  -60.537  -30.709 0.4000000060
146075  41.882  -57.925  -33.411 0.3000000119
11568  43.072  -57.199  -33.662 0.4000000060
145534  43.241  -58.717  -29.625 0.3000000119
15506  37.414  -52.561  -27.459 0.4000000060
144196  36.520  -52.522  -27.059 0.4000000060
15543  42.636  -52.353  -32.141 0.4000000060
133599  43.192  -52.066  -33.028 0.4000000060
15549  42.506  -53.333  -32.355 0.4000000060
130574  49.856  -58.984  -26.550 0.4000000060
130195  49.520  -59.713  -27.766 0.3000000119
9527  49.049  -59.956  -29.019 0.5000000000
15548  43.052  -52.974  -32.876 0.4000000060
13987  42.682  -54.437  -33.218 0.4000000060
130614  47.945  -57.533  -26.669 0.4000000060
136212  43.033  -56.443  -33.996 0.4000000060
9530  46.016  -59.889  -30.511 0.4000000060
13161  43.472  -55.858  -33.815 0.5000000000
9515  44.930  -60.345  -29.739 0.5000000000
12315  43.852  -57.202  -33.299 0.4000000060
11557  42.622  -57.693  -32.971 0.4000000060
10165  44.196  -59.149  -29.768 0.3000000119
156692  43.010  -57.605  -32.369 0.4000000060
139336  35.063  -51.978  -27.232 0.4000000060
154916  42.507  -51.558  -31.630 0.4000000060
130189  49.795  -57.433  -26.823 0.4000000060
10161  49.516  -59.011  -28.237 0.4000000060
15558  43.587  -52.694  -33.416 0.4000000060
133829  43.432  -54.281  -33.427 0.5000000000
143985  48.735  -57.684  -29.140 0.4000000060
10162  48.626  -58.620  -29.620 0.4000000060
138509  44.137  -54.146  -33.675 0.5000000000
10802  48.240  -57.020  -27.901 0.4000000060
10814  48.440  -57.382  -29.560 0.4000000060
10163  47.046  -59.051  -30.865 0.5000000000
10815  46.190  -58.823  -31.000 0.5000000000
14780  43.922  -53.303  -33.651 0.4000000060
14779  44.969  -54.090  -33.820 0.5000000000
12279  47.744  -56.193  -28.631 0.4000000060
10816  44.764  -58.792  -30.553 0.5000000000
13160  44.240  -55.608  -33.700 0.4000000060
10817  43.849  -58.450  -30.243 0.4000000060
11531  44.540  -57.864  -31.671 0.4000000060
11542  43.423  -57.644  -31.804 0.4000000060
12314  44.560  -57.069  -33.391 0.4000000060
16360  44.260  -51.562  -34.046 0.4000000060
17159  44.443  -50.785  -34.226 0.3000000119
10174  47.654  -58.257  -30.376 0.4000000060
10830  47.793  -57.876  -30.644 0.4000000060
14787  44.876  -52.600  -34.257 0.4000000060
144903  33.001  -52.417  -34.825 0.4000000060
12278  48.023  -55.848  -29.415 0.4000000060
11519  48.426  -57.109  -29.635 0.4000000060
10831  46.738  -58.418  -31.212 0.5000000000
10832  45.334  -58.452  -31.173 0.5000000000
14786  45.345  -53.246  -34.091 0.5000000000
12288  48.454  -56.187  -30.396 0.4000000060
10833  44.376  -58.286  -30.848 0.4000000060
13159  45.215  -55.845  -33.688 0.4000000060
11556  44.501  -57.471  -32.736 0.4000000060
12313  45.329  -56.776  -33.517 0.4000000060
18802  44.342  -49.468  -34.009 0.4000000060
15567  44.566  -52.069  -34.212 0.3000000119
11529  47.914  -57.500  -30.854 0.4000000060
11540  48.061  -56.986  -31.177 0.4000000060
15566  45.177  -51.807  -34.447 0.3000000119
13122  48.653  -55.643  -30.855 0.4000000060
12299  48.297  -56.351  -31.551 0.4000000060
146074  47.234  -57.534  -31.837 0.4000000060
11541  46.226  -57.770  -32.205 0.5000000000
155379  48.492  -55.030  -30.468 0.4000000060
152200  49.315  -54.324  -31.668 0.4000000060
12312  46.872  -56.736  -33.004 0.4000000060
13148  46.135  -56.421  -33.473 0.4000000060
14778  46.006  -54.002  -33.813 0.4000000060
18789  43.972  -48.760  -33.496 0.4000000060
13146  47.804  -56.151  -32.628 0.4000000060
146890  39.958  -62.855  -28.422 0.3000000119
8233  45.116  -62.552  -25.980 0.3000000119
130670  46.565  -60.891  -26.252 0.3000000119
130181  45.776  -59.316  -26.432 0.4000000060
147277  47.001  -57.033  -27.058 0.4000000060
11510  46.570  -56.643  -27.034 0.4000000060
13100  47.160  -55.458  -28.629 0.4000000060
17158  45.473  -50.975  -34.587 0.3000000119
146697  48.216  -55.434  -30.011 0.4000000060
156130  45.207  -49.880  -34.600 0.4000000060
17157  46.368  -50.712  -34.726 0.4000000060
16358  46.057  -51.524  -34.512 0.4000000060
14763  49.459  -53.547  -31.706 0.4000000060
13971  49.100  -54.818  -32.065 0.4000000060
13985  48.382  -55.234  -32.652 0.4000000060
13993  47.910  -54.641  -33.267 0.4000000060
14785  46.467  -53.109  -34.051 0.3000000119
14769  49.418  -54.008  -32.209 0.4000000060
13998  42.930  -55.086  -33.665 0.4000000060
18801  44.703  -48.670  -34.059 0.4000000060
6049  44.037  -67.118  -28.311 0.3000000119
6499  44.468  -65.656  -27.243 0.3000000119
143711  44.995  -65.636  -29.884 0.3000000119
7643  40.343  -63.379  -28.862 0.3000000119
8257  40.679  -62.766  -28.418 0.3000000119
6993  46.500  -64.129  -28.383 0.3000000119
8242  46.586  -62.566  -26.747 0.3000000119
7627  47.006  -63.474  -27.833 0.4000000060
8276  46.710  -62.564  -30.070 0.4000000060
130831  47.865  -60.515  -26.365 0.3000000119
8240  48.129  -61.770  -27.916 0.4000000060
145907  48.284  -60.898  -29.588 0.4000000060
130691  46.413  -59.984  -26.130 0.3000000119
10142  45.028  -58.708  -26.706 0.4000000060
145081  47.466  -59.596  -30.581 0.4000000060
10164  45.378  -59.340  -30.489 0.5000000000
11520  43.003  -58.009  -30.149 0.3000000119
11509  47.680  -56.685  -28.122 0.4000000060
141884  45.325  -57.714  -32.260 0.4000000060
13994  46.741  -54.788  -33.589 0.4000000060
20578  47.937  -46.712  -35.346 0.4000000060
19651  47.325  -47.290  -35.175 0.4000000060
21554  48.940  -45.765  -34.901 0.4000000060
21536  48.041  -44.694  -34.333 0.3000000119
21556  47.588  -45.484  -34.782 0.5000000000
19643  46.493  -47.630  -34.830 0.4000000060
19645  45.070  -47.831  -34.031 0.4000000060
135494  44.554  -49.585  -28.466 0.3000000119
17947  45.543  -49.371  -29.659 0.3000000119
20512  47.419  -45.961  -29.817 0.3000000119
20529  48.484  -45.808  -30.947 0.3000000119
22460  48.294  -44.597  -30.386 0.3000000119
23429  48.211  -43.396  -32.584 0.3000000119
18754  45.588  -48.442  -29.532 0.3000000119
19594  45.745  -47.481  -29.397 0.3000000119
20514  45.986  -46.609  -29.094 0.3000000119
17917  44.086  -49.360  -27.861 0.3000000119
18742  44.497  -48.609  -28.290 0.3000000119
21488  47.785  -45.048  -29.613 0.3000000119
150386  47.561  -43.856  -29.149 0.3000000119
19582  45.280  -47.126  -28.750 0.3000000119
21480  45.778  -45.567  -28.188 0.3000000119
21489  47.022  -45.356  -29.002 0.3000000119
19572  44.290  -47.247  -27.782 0.3000000119
20502  44.863  -46.781  -28.170 0.3000000119
21469  45.235  -45.258  -27.670 0.3000000119
21470  44.662  -45.739  -27.501 0.3000000119
21457  44.563  -45.121  -27.152 0.3000000119
19573  43.762  -47.768  -27.400 0.3000000119
22436  46.799  -44.674  -28.490 0.3000000119
135093  46.575  -43.284  -28.167 0.3000000119
25161  46.209  -41.510  -28.266 0.3000000119
20482  43.971  -45.902  -27.056 0.3000000119
22425  46.027  -44.741  -27.958 0.3000000119
23366  45.545  -42.563  -27.272 0.3000000119
21458  43.875  -45.019  -26.561 0.3000000119
23368  44.538  -43.644  -26.680 0.3000000119
23367  45.342  -43.381  -27.204 0.3000000119
24248  44.718  -42.588  -26.572 0.3000000119
25162  45.765  -40.728  -27.990 0.3000000119
24256  46.176  -42.439  -27.845 0.3000000119
25153  45.149  -40.946  -27.062 0.3000000119
26099  45.237  -39.950  -27.720 0.3000000119
26985  44.987  -39.250  -28.218 0.3000000119
26961  44.181  -38.909  -26.230 0.3000000119
148954  44.233  -38.718  -26.992 0.3000000119
27912  43.940  -38.441  -27.105 0.3000000119
22481  48.463  -44.408  -33.741 0.3000000119
21555  48.379  -45.486  -34.889 0.4000000060
23421  48.324  -43.722  -31.339 0.3000000119
19642  49.202  -47.019  -35.261 0.5000000000
17931  45.026  -49.018  -28.999 0.3000000119
21479  46.406  -45.236  -28.450 0.3000000119
20530  47.989  -46.135  -30.491 0.3000000119
21513  48.830  -45.233  -31.676 0.3000000119
22466  48.615  -44.267  -32.108 0.3000000119
20501  45.553  -46.322  -28.459 0.3000000119
19583  44.669  -47.627  -28.324 0.3000000119
22444  47.436  -44.543  -29.013 0.3000000119
20491  45.109  -46.020  -27.919 0.3000000119
22417  44.378  -44.443  -26.790 0.3000000119
23352  43.851  -42.983  -25.906 0.3000000119
23378  45.986  -43.868  -27.682 0.3000000119
22405  43.189  -44.853  -25.932 0.3000000119
15565  47.006  -52.111  -34.345 0.3000000119
16347  48.386  -52.128  -34.071 0.4000000060
17142  49.915  -50.783  -33.357 0.4000000060
16354  49.640  -51.183  -33.724 0.4000000060
17156  47.409  -50.591  -34.781 0.3000000119
17976  49.988  -49.792  -33.622 0.4000000060
138611  50.116  -50.322  -33.044 0.3000000119
16356  47.906  -51.330  -34.526 0.4000000060
17986  49.566  -49.592  -34.379 0.4000000060
18787  50.140  -48.928  -33.605 0.3000000119
143307  47.807  -49.855  -34.882 0.3000000119
17987  48.608  -49.190  -34.903 0.4000000060
18797  49.970  -48.848  -34.151 0.4000000060
18811  47.144  -48.220  -35.055 0.3000000119
18810  48.121  -48.316  -35.160 0.4000000060
19641  49.785  -47.288  -34.684 0.4000000060
134641  46.859  -49.917  -34.840 0.3000000119
152599  46.274  -48.567  -34.790 0.3000000119
18800  45.566  -48.426  -34.474 0.3000000119
17989  45.821  -50.072  -34.734 0.3000000119
18808  49.399  -47.804  -34.986 0.4000000060
17155  48.747  -50.439  -34.581 0.4000000060
152444  44.644  -59.591  -26.685 0.3000000119
14776  48.457  -53.749  -33.345 0.3000000119
10118  40.668  -60.026  -24.311 0.3000000119
134321  41.251  -60.478  -25.277 0.3000000119
130684  42.830  -59.771  -26.559 0.3000000119
16346  49.377  -51.970  -33.609 0.3000000119
14775  49.407  -53.442  -32.792 0.3000000119
10752  40.515  -58.571  -23.539 0.3000000119
152541  42.142  -59.253  -26.503 0.3000000119
10779  41.249  -58.991  -26.090 0.3000000119
10791  43.988  -58.473  -26.795 0.3000000119
11499  45.790  -57.253  -26.680 0.3000000119
15553  49.641  -52.549  -33.016 0.3000000119
11481  40.981  -57.255  -22.143 0.3000000119
10758  40.540  -58.197  -24.566 0.3000000119
11483  40.521  -57.517  -23.549 0.3000000119
10778  42.274  -58.456  -26.447 0.3000000119
10766  41.647  -57.940  -25.933 0.3000000119
11501  44.158  -57.708  -26.713 0.3000000119
11486  40.693  -57.281  -24.452 0.3000000119
11488  41.048  -57.511  -25.253 0.3000000119
11492  43.554  -57.288  -26.475 0.3000000119
11493  42.606  -57.561  -26.294 0.3000000119
140569  45.548  -56.747  -26.655 0.3000000119
12270  46.721  -55.714  -27.771 0.3000000119
134983  47.440  -55.145  -29.357 0.3000000119
12222  40.567  -56.709  -22.878 0.3000000119
11500  44.517  -56.888  -26.499 0.3000000119
142353  43.805  -56.618  -26.302 0.3000000119
13086  45.808  -55.330  -27.021 0.3000000119
16341  49.772  -52.238  -32.603 0.3000000119
12238  41.191  -56.671  -24.953 0.3000000119
149198  40.578  -56.175  -23.324 0.3000000119
149566  41.976  -56.916  -25.743 0.3000000119
12248  43.013  -56.737  -26.162 0.3000000119
12258  45.285  -56.082  -26.508 0.3000000119
13942  46.651  -54.781  -28.766 0.3000000119
149469  48.302  -53.737  -30.736 0.3000000119
15540  49.713  -52.836  -32.124 0.3000000119
17135  49.928  -51.214  -32.696 0.3000000119
15555  47.762  -52.993  -33.866 0.3000000119
12236  42.657  -56.092  -25.714 0.3000000119
12247  44.363  -56.082  -26.295 0.3000000119
13101  46.284  -55.048  -27.982 0.3000000119
136452  47.574  -53.800  -30.274 0.3000000119
10135  43.842  -59.313  -26.742 0.3000000119
10119  40.561  -59.702  -24.892 0.3000000119
10136  41.768  -60.007  -26.037 0.3000000119
6045  43.868  -67.033  -27.583 0.3000000119
7005  46.404  -63.939  -29.393 0.3000000119
7006  45.868  -64.812  -28.138 0.3000000119
7019  46.073  -63.637  -30.119 0.3000000119
7020  45.816  -64.320  -29.826 0.3000000119
7021  45.263  -64.743  -30.365 0.3000000119
8232  46.067  -62.103  -26.330 0.3000000119
8244  40.046  -62.292  -27.986 0.3000000119
8251  47.892  -61.855  -29.076 0.4000000060
8865  47.971  -61.232  -26.991 0.3000000119
9485  40.764  -60.196  -24.931 0.3000000119
10111  40.473  -59.199  -24.341 0.3000000119
10128  40.839  -59.814  -25.523 0.3000000119
10759  40.609  -59.052  -25.229 0.3000000119
10767  40.900  -58.317  -25.484 0.3000000119
10777  43.242  -58.077  -26.677 0.3000000119
10789  46.126  -57.759  -26.635 0.4000000060
10790  44.914  -57.920  -26.755 0.3000000119
10844  45.826  -58.127  -31.706 0.5000000000
10867  41.012  -57.927  -34.417 0.3000000119
11518  48.411  -56.678  -29.951 0.4000000060
11530  46.978  -57.975  -31.473 0.5000000000
11532  43.636  -57.930  -30.893 0.4000000060
11543  42.456  -57.666  -31.906 0.4000000060
11554  46.586  -57.315  -32.661 0.5000000000
11555  45.525  -57.359  -32.942 0.4000000060
11569  42.256  -57.475  -33.993 0.3000000119
12228  40.633  -56.541  -23.958 0.3000000119
12237  41.871  -56.165  -25.303 0.3000000119
12257  46.239  -56.075  -26.956 0.3000000119
12300  47.529  -56.946  -32.233 0.4000000060
12329  44.397  -56.370  -33.677 0.4000000060
12330  43.713  -56.770  -33.700 0.4000000060
12332  41.554  -56.895  -34.510 0.3000000119
13041  41.299  -55.882  -24.646 0.3000000119
13070  44.842  -55.412  -26.533 0.3000000119
13123  39.134  -55.300  -31.104 0.5000000000
13132  48.676  -55.612  -31.849 0.4000000060
13133  40.013  -55.359  -32.162 0.5000000000
13147  46.329  -55.632  -33.551 0.4000000060
13150  40.534  -55.495  -32.909 0.5000000000
13162  42.553  -55.790  -34.065 0.4000000060
13929  45.891  -54.358  -28.298 0.3000000119
13941  47.702  -54.616  -29.938 0.3000000119
13944  39.193  -54.265  -29.794 0.4000000060
13957  48.971  -54.062  -31.137 0.4000000060
13958  48.406  -54.376  -30.570 0.3000000119
13972  48.992  -54.916  -31.196 0.4000000060
13984  48.902  -54.366  -32.724 0.3000000119
13986  47.398  -55.489  -33.256 0.4000000060
13988  41.856  -54.747  -33.024 0.6000000238
13995  45.603  -54.893  -33.695 0.4000000060
13996  44.598  -54.933  -33.694 0.4000000060
13997  43.736  -54.980  -33.641 0.5000000000
14764  48.753  -53.280  -31.117 0.3000000119
14768  49.655  -53.375  -32.274 0.4000000060
14771  41.968  -53.692  -32.010 0.5000000000
14777  47.224  -53.905  -33.696 0.4000000060
14781  43.307  -53.599  -33.224 0.4000000060
15519  39.018  -52.325  -28.583 0.4000000060
15536  41.396  -52.849  -30.851 0.4000000060
15537  40.831  -52.766  -30.244 0.4000000060
15547  49.688  -52.914  -32.532 0.3000000119
15554  48.976  -52.843  -33.480 0.3000000119
15556  44.375  -52.735  -34.009 0.4000000060
15557  44.091  -52.373  -33.854 0.4000000060
15569  33.766  -52.894  -34.706 0.4000000060
16293  35.562  -51.386  -27.277 0.5000000000
16320  40.032  -51.609  -29.141 0.4000000060
16331  41.576  -51.376  -30.401 0.4000000060
16335  49.584  -52.017  -32.121 0.3000000119
16339  33.761  -51.924  -31.696 0.5000000000
16345  49.767  -51.666  -33.146 0.4000000060
16355  48.962  -51.331  -34.138 0.4000000060
16357  46.912  -51.258  -34.660 0.3000000119
16359  44.787  -51.288  -34.391 0.3000000119
16363  32.276  -51.550  -34.675 0.5000000000
17087  44.204  -50.024  -28.049 0.3000000119
17089  38.318  -50.242  -27.760 0.6999999881
17090  37.675  -50.225  -27.522 0.6000000238
17091  36.988  -50.141  -27.386 0.6000000238
17103  35.115  -50.407  -27.856 0.5000000000
17104  34.620  -50.530  -28.366 0.5000000000
17130  42.610  -50.783  -31.696 0.4000000060
17137  43.050  -50.408  -32.568 0.5000000000
17139  35.292  -51.265  -33.427 0.5000000000
17144  43.532  -50.370  -33.416 0.5000000000
17154  49.717  -50.488  -34.014 0.4000000060
17161  34.685  -51.093  -35.026 0.4000000060
17164  31.752  -50.853  -34.129 0.5000000000
17949  40.035  -49.691  -28.918 0.6000000238
17958  41.649  -49.903  -30.434 0.6999999881
17971  50.112  -49.448  -33.001 0.3000000119
17988  47.480  -49.113  -34.991 0.3000000119
17990  44.660  -50.060  -34.367 0.4000000060
17991  44.089  -50.232  -33.941 0.4000000060
18741  45.095  -48.046  -28.904 0.3000000119
18755  40.397  -48.278  -29.300 0.6000000238
18781  50.031  -48.433  -33.181 0.3000000119
18782  43.503  -48.308  -32.776 0.6000000238
18798  49.445  -48.634  -34.697 0.4000000060
18799  46.519  -49.199  -34.841 0.3000000119
18803  37.932  -48.647  -35.183 0.6999999881
18807  32.869  -48.824  -34.099 0.5000000000
18809  48.883  -48.299  -35.043 0.4000000060
18813  35.876  -49.044  -35.850 0.6000000238
19624  43.130  -47.879  -32.051 0.6000000238
19631  37.348  -48.156  -33.762 0.6999999881
19644  45.765  -47.524  -34.420 0.4000000060
19649  48.718  -47.630  -35.270 0.4000000060
19650  47.958  -47.499  -35.302 0.4000000060
19652  38.655  -47.689  -35.493 0.6000000238
20492  44.447  -46.426  -27.626 0.3000000119
20500  46.251  -45.859  -28.725 0.3000000119
20543  35.744  -47.044  -31.506 0.6000000238
20549  37.686  -46.745  -33.286 0.6000000238
20555  45.031  -46.525  -33.237 0.5000000000
20556  39.827  -46.735  -34.749 0.6000000238
20568  49.354  -46.423  -34.944 0.4000000060
20569  48.686  -46.261  -35.271 0.5000000000
20570  47.972  -46.006  -35.191 0.4000000060
20571  47.145  -46.508  -35.020 0.4000000060
20572  46.273  -46.869  -34.579 0.4000000060
20575  34.948  -46.839  -34.890 0.5000000000
20577  48.540  -46.984  -35.399 0.5000000000
20582  35.371  -46.441  -35.246 0.6000000238
21503  48.528  -45.157  -30.843 0.3000000119
21504  48.127  -45.457  -30.300 0.3000000119
21508  37.781  -44.745  -29.580 0.6000000238
21510  36.616  -45.647  -30.645 0.6000000238
21524  45.780  -45.014  -33.203 0.6000000238
21526  44.300  -46.124  -32.088 0.5000000000
21535  48.733  -45.181  -34.434 0.4000000060
21541  40.126  -46.016  -34.247 0.6999999881
21557  40.837  -45.596  -35.287 0.6999999881
21561  40.453  -45.405  -35.980 0.6999999881
21562  40.425  -45.895  -35.639 0.6999999881
21567  39.942  -45.892  -35.979 0.6999999881
22416  45.161  -44.354  -27.330 0.3000000119
22435  47.111  -43.941  -28.592 0.3000000119
22443  47.877  -44.237  -29.651 0.3000000119
22459  48.569  -44.618  -31.218 0.3000000119
22462  43.620  -44.620  -30.752 0.5000000000
22482  47.890  -44.018  -33.728 0.4000000060
22503  40.959  -44.920  -36.004 0.6999999881
23377  45.975  -43.141  -27.590 0.3000000119
23392  41.426  -43.230  -28.396 0.5000000000
23393  40.545  -43.211  -28.273 0.5000000000
23394  39.888  -43.114  -28.368 0.5000000000
23422  47.824  -42.657  -32.139 0.3000000119
23423  46.722  -41.815  -32.697 0.4000000060
23424  45.995  -42.423  -32.672 0.4000000060
23450  41.542  -43.658  -35.864 0.6000000238
23454  41.414  -43.699  -36.100 0.6000000238
23456  39.960  -44.288  -36.229 0.6999999881
24257  45.723  -41.709  -27.528 0.3000000119
24266  46.657  -42.252  -28.618 0.3000000119
24267  42.041  -42.328  -28.445 0.5000000000
24281  47.405  -42.457  -30.104 0.4000000060
24295  47.313  -42.019  -30.983 0.4000000060
24296  46.956  -41.365  -31.444 0.4000000060
24306  38.996  -42.022  -31.557 0.5000000000
24308  47.294  -42.012  -32.618 0.4000000060
24317  40.461  -43.100  -33.941 0.6000000238
24325  41.472  -43.569  -35.417 0.6999999881
25195  38.971  -41.319  -28.845 0.5000000000
25208  46.083  -40.632  -30.910 0.4000000060
25212  38.686  -41.371  -29.871 0.5000000000
25237  38.413  -41.500  -35.857 0.5000000000
25239  42.149  -42.394  -36.732 0.5000000000
25241  40.220  -41.851  -36.648 0.4000000060
25243  38.544  -40.704  -36.095 0.4000000060
26111  46.042  -40.274  -29.510 0.4000000060
26137  45.323  -40.006  -30.000 0.4000000060
26970  44.454  -38.859  -27.691 0.3000000119
26999  45.090  -39.275  -29.019 0.4000000060
27902  43.700  -38.319  -26.170 0.3000000119
130177  45.061  -60.199  -26.472 0.3000000119
130190  48.367  -58.016  -25.907 0.4000000060
130687  49.348  -59.924  -26.844 0.3000000119
132928  45.018  -49.334  -34.392 0.4000000060
135560  39.728  -42.104  -28.297 0.5000000000
136492  47.560  -44.146  -33.900 0.4000000060
136526  41.584  -49.090  -30.410 0.6999999881
137399  35.755  -47.382  -36.006 0.6999999881
137676  41.963  -48.073  -30.765 0.6000000238
138071  46.662  -46.120  -29.283 0.3000000119
138344  44.946  -41.382  -31.082 0.4000000060
138966  42.251  -54.082  -32.609 0.6000000238
141748  48.090  -43.791  -30.337 0.4000000060
142301  46.526  -44.129  -28.150 0.3000000119
143538  36.258  -51.186  -27.186 0.5000000000
143905  43.508  -57.505  -32.801 0.4000000060
144761  43.008  -58.916  -26.741 0.3000000119
145097  41.004  -56.359  -34.357 0.6000000238
145282  44.209  -47.976  -27.888 0.3000000119
146458  49.835  -48.106  -34.529 0.4000000060
146489  43.600  -43.948  -30.475 0.5000000000
146839  45.750  -52.384  -34.292 0.5000000000
147231  44.536  -53.337  -33.946 0.4000000060
147400  46.099  -57.009  -33.223 0.4000000060
147513  36.260  -50.126  -34.808 0.6000000238
147585  45.713  -49.276  -34.653 0.3000000119
148895  40.624  -49.999  -29.455 0.6000000238
149004  34.555  -46.977  -34.435 0.5000000000
149388  47.027  -56.227  -27.622 0.4000000060
149574  46.940  -54.528  -29.356 0.3000000119
151266  45.021  -50.514  -34.541 0.3000000119
151539  45.677  -40.929  -31.243 0.4000000060
151581  46.925  -56.134  -33.259 0.4000000060
151638  34.123  -51.569  -35.019 0.4000000060
152088  34.344  -50.047  -29.863 0.6000000238
152807  44.928  -57.354  -26.688 0.3000000119
153294  37.609  -43.348  -35.537 0.6000000238
154040  44.854  -59.697  -29.824 0.5000000000
155549  44.005  -57.558  -32.248 0.4000000060
155930  40.708  -50.574  -29.548 0.6000000238
156320  38.045  -45.445  -36.015 0.6999999881
157150  39.419  -47.212  -28.700 0.6000000238
157205  40.616  -57.370  -22.792 0.3000000119
157410  34.435  -50.639  -31.601 0.5000000000
157460  42.471  -43.801  -29.198 0.4000000060
157986  41.229  -44.539  -35.217 0.6999999881
158002  49.355  -50.868  -34.123 0.4000000060
