#!ascii label  , from subject freesurfer vox2ras=TkReg
2161
10106  45.203  -59.282  -22.055 0.2000000030
10105  46.081  -59.052  -21.905 0.2000000030
10102  45.777  -59.670  -21.899 0.2000000030
9478  41.949  -60.699  -23.083 0.1000000015
130186  47.377  -58.133  -22.196 0.3000000119
131155  45.645  -58.458  -21.887 0.2000000030
130833  43.671  -59.917  -22.326 0.1000000015
130519  44.558  -59.852  -22.217 0.2000000030
130178  44.198  -59.202  -22.025 0.1000000015
130636  42.567  -59.918  -22.512 0.1000000015
130172  41.513  -59.806  -22.928 0.1000000015
130165  41.191  -60.388  -23.716 0.1000000015
10752  40.515  -58.571  -23.539 0.1000000015
10118  40.668  -60.026  -24.311 0.1000000015
10119  40.561  -59.702  -24.892 0.1000000015
10758  40.540  -58.197  -24.566 0.2000000030
10779  41.249  -58.991  -26.090 0.1000000015
12207  45.142  -56.986  -21.724 0.1000000015
11479  42.608  -58.335  -21.776 0.1000000015
11473  45.211  -57.861  -21.752 0.1000000015
130179  43.146  -59.165  -22.037 0.1000000015
11480  41.498  -58.179  -22.129 0.1000000015
11483  40.521  -57.517  -23.549 0.1000000015
12238  41.191  -56.671  -24.953 0.2000000030
11486  40.693  -57.281  -24.452 0.2000000030
13055  42.139  -55.394  -25.261 0.1000000015
11488  41.048  -57.511  -25.253 0.2000000030
154059  42.581  -54.576  -25.517 0.2000000030
13891  43.536  -54.654  -26.065 0.1000000015
13902  43.823  -53.939  -26.540 0.1000000015
11474  43.289  -57.606  -21.498 0.1000000015
12208  44.002  -56.893  -21.431 0.1000000015
132702  40.717  -57.987  -22.739 0.1000000015
13881  41.353  -55.027  -24.399 0.2000000030
14695  41.716  -54.203  -24.766 0.2000000030
14706  42.326  -53.663  -25.428 0.2000000030
14705  43.048  -53.888  -26.005 0.2000000030
14714  43.276  -53.171  -26.420 0.1000000015
14727  44.001  -53.071  -27.083 0.2000000030
11475  42.050  -57.385  -21.560 0.1000000015
12209  42.925  -56.788  -21.307 0.1000000015
11481  40.981  -57.255  -22.143 0.1000000015
12222  40.567  -56.709  -22.878 0.2000000030
150367  40.726  -55.025  -22.454 0.2000000030
13042  40.770  -55.706  -23.748 0.3000000119
15492  42.760  -52.529  -26.141 0.3000000119
148350  43.362  -52.364  -26.691 0.2000000030
15505  43.822  -52.182  -27.246 0.2000000030
14738  45.035  -53.110  -28.265 0.2000000030
134993  40.771  -55.021  -23.292 0.3000000119
149198  40.578  -56.175  -23.324 0.2000000030
15481  42.165  -52.715  -25.435 0.3000000119
142392  42.296  -51.108  -25.703 0.3000000119
17069  42.468  -50.298  -25.902 0.3000000119
16282  42.858  -51.708  -26.303 0.3000000119
16281  43.443  -51.538  -26.913 0.2000000030
15504  44.441  -52.416  -27.842 0.2000000030
15518  45.085  -52.339  -28.658 0.2000000030
17063  41.372  -50.123  -24.614 0.4000000060
155203  41.075  -52.352  -24.148 0.3000000119
145996  41.595  -50.969  -24.896 0.3000000119
14696  41.204  -53.692  -24.082 0.2000000030
15482  41.639  -53.292  -24.762 0.2000000030
17079  42.977  -50.740  -26.463 0.3000000119
145744  44.001  -51.497  -27.579 0.2000000030
135984  44.130  -50.691  -27.865 0.2000000030
16303  44.615  -51.400  -28.382 0.2000000030
17906  41.675  -49.466  -25.078 0.3000000119
17070  41.937  -50.259  -25.335 0.3000000119
17918  43.573  -49.289  -27.257 0.2000000030
135494  44.554  -49.585  -28.466 0.2000000030
17917  44.086  -49.360  -27.861 0.2000000030
17947  45.543  -49.371  -29.659 0.1000000015
17100  44.559  -50.434  -28.475 0.2000000030
17112  45.641  -50.224  -29.834 0.2000000030
17099  45.037  -50.034  -29.132 0.2000000030
141070  45.350  -50.743  -29.405 0.2000000030
18719  41.976  -48.800  -25.508 0.3000000119
18726  42.604  -48.873  -26.211 0.3000000119
17905  42.252  -49.586  -25.724 0.3000000119
19565  42.723  -47.925  -26.308 0.2000000030
135354  43.120  -49.287  -26.712 0.3000000119
19564  43.269  -47.439  -26.800 0.2000000030
17912  42.797  -49.798  -26.316 0.3000000119
18731  43.896  -48.586  -27.600 0.1000000015
18742  44.497  -48.609  -28.290 0.1000000015
18754  45.588  -48.442  -29.532 0.1000000015
17931  45.026  -49.018  -28.999 0.1000000015
19583  44.669  -47.627  -28.324 0.1000000015
17946  46.089  -48.841  -30.134 0.1000000015
19550  41.395  -47.703  -24.671 0.3000000119
19557  41.820  -47.999  -25.303 0.2000000030
20473  42.288  -46.534  -25.604 0.2000000030
21445  42.596  -45.589  -25.672 0.2000000030
22406  42.581  -44.635  -25.266 0.1000000015
20484  42.756  -47.035  -26.240 0.1000000015
21444  43.280  -45.686  -26.369 0.1000000015
20493  43.798  -46.873  -27.273 0.1000000015
19573  43.762  -47.768  -27.400 0.1000000015
19582  45.280  -47.126  -28.750 0.1000000015
19594  45.745  -47.481  -29.397 0.1000000015
20474  41.768  -47.161  -25.171 0.2000000030
22405  43.189  -44.853  -25.932 0.1000000015
21458  43.875  -45.019  -26.561 0.1000000015
20482  43.971  -45.902  -27.056 0.1000000015
21470  44.662  -45.739  -27.501 0.1000000015
19572  44.290  -47.247  -27.782 0.1000000015
20491  45.109  -46.020  -27.919 0.1000000015
20501  45.553  -46.322  -28.459 0.1000000015
20502  44.863  -46.781  -28.170 0.1000000015
22417  44.378  -44.443  -26.790 0.1000000015
21480  45.778  -45.567  -28.188 0.1000000015
20514  45.986  -46.609  -29.094 0.1000000015
22404  43.720  -44.059  -26.113 0.1000000015
10746  41.037  -58.912  -22.746 0.1000000015
147007  44.375  -57.716  -21.596 0.1000000015
12236  42.657  -56.092  -25.714 0.1000000015
17721  56.028  -48.975  -8.965 0.5000000000
18540  55.144  -48.657  -7.570 0.5000000000
18554  55.480  -48.391  -8.628 0.5000000000
18562  55.401  -48.472  -9.620 0.5000000000
18563  54.537  -47.967  -10.317 0.5000000000
18525  51.752  -48.549  -5.694 0.2000000030
18524  53.083  -48.784  -5.891 0.2000000030
19370  52.460  -48.423  -6.239 0.3000000119
18523  53.794  -48.862  -6.157 0.3000000119
18541  54.196  -48.439  -7.116 0.5000000000
18555  54.599  -48.022  -8.217 0.5000000000
19392  53.006  -47.200  -8.528 0.5000000000
19391  53.987  -47.461  -8.872 0.5000000000
19390  54.831  -47.801  -9.292 0.5000000000
18566  54.972  -48.893  -10.348 0.5000000000
16928  53.485  -50.091  -10.633 0.5000000000
16142  51.362  -51.926  -10.407 0.5000000000
151247  51.862  -47.980  -6.540 0.3000000119
19379  53.580  -47.819  -7.785 0.5000000000
19403  53.538  -46.943  -9.425 0.5000000000
19402  54.090  -47.360  -9.824 0.5000000000
17744  53.499  -49.285  -10.760 0.5000000000
150697  52.625  -49.466  -10.671 0.5000000000
12925  50.799  -55.320  -12.201 0.4000000060
13758  49.999  -54.710  -11.507 0.5000000000
13747  50.345  -54.088  -11.062 0.5000000000
15338  50.844  -52.613  -10.467 0.5000000000
143576  51.856  -51.148  -10.473 0.5000000000
146267  49.974  -55.672  -12.503 0.4000000060
19371  51.229  -47.774  -6.383 0.4000000060
19381  51.517  -47.467  -7.260 0.4000000060
19393  51.986  -47.137  -8.134 0.5000000000
134187  51.529  -46.523  -8.619 0.5000000000
151278  53.059  -46.755  -9.145 0.5000000000
20281  52.466  -46.659  -8.916 0.5000000000
20294  52.123  -46.051  -9.336 0.5000000000
20293  53.085  -46.330  -9.674 0.5000000000
20292  53.537  -46.725  -10.220 0.5000000000
139409  53.522  -48.005  -10.775 0.5000000000
138701  52.276  -50.283  -10.528 0.6000000238
14557  50.540  -53.348  -10.685 0.5000000000
143575  50.764  -51.180  -10.253 0.5000000000
12146  49.736  -56.216  -14.023 0.4000000060
12145  50.886  -56.083  -13.756 0.4000000060
12926  49.490  -55.211  -11.960 0.5000000000
19338  52.499  -47.183  -3.269 0.1000000015
20246  50.747  -46.621  -3.363 0.1000000015
20247  49.813  -46.303  -3.431 0.1000000015
19352  50.357  -46.992  -4.116 0.1000000015
20255  49.392  -46.603  -4.173 0.1000000015
152110  48.672  -46.302  -4.234 0.1000000015
19360  49.957  -47.215  -4.776 0.1000000015
20256  48.902  -46.686  -4.903 0.1000000015
20257  48.095  -46.203  -4.643 0.1000000015
19362  50.561  -47.748  -5.586 0.2000000030
19372  50.519  -47.492  -6.251 0.3000000119
19394  51.204  -46.935  -7.885 0.5000000000
19383  49.944  -46.966  -6.717 0.4000000060
19382  50.633  -47.092  -7.156 0.4000000060
137321  50.530  -46.434  -8.187 0.4000000060
20295  51.077  -45.804  -9.067 0.5000000000
18568  53.041  -48.740  -10.881 0.5000000000
15339  49.725  -52.643  -10.359 0.5000000000
13748  49.451  -54.176  -11.068 0.5000000000
12161  50.882  -56.131  -15.803 0.5000000000
19301  54.628  -47.391  -0.007 0.1000000015
20212  53.984  -47.098  -1.621 0.1000000015
20216  53.251  -46.824  -2.109 0.1000000015
153454  51.953  -46.617  -2.798 0.1000000015
139114  51.228  -46.371  -2.713 0.1000000015
20235  50.275  -45.993  -2.616 0.1000000015
21157  49.317  -45.683  -2.860 0.1000000015
140223  51.735  -46.348  -2.261 0.1000000015
137671  48.962  -46.030  -3.587 0.1000000015
20269  47.170  -45.606  -6.379 0.2000000030
139552  46.368  -44.864  -6.887 0.2000000030
142647  50.561  -47.756  -5.117 0.1000000015
19363  49.589  -47.165  -5.453 0.1000000015
155239  48.827  -46.723  -5.493 0.1000000015
20262  48.156  -46.372  -5.481 0.1000000015
20268  47.906  -46.080  -6.353 0.2000000030
20267  48.787  -46.693  -6.062 0.1000000015
134047  48.545  -46.284  -6.747 0.2000000030
20275  48.078  -45.855  -7.151 0.2000000030
21191  46.981  -45.270  -6.941 0.2000000030
22144  46.792  -44.861  -7.414 0.2000000030
19373  49.708  -47.180  -6.134 0.2000000030
20266  49.244  -46.621  -6.740 0.2000000030
20273  49.778  -46.539  -7.402 0.3000000119
20282  49.597  -46.038  -8.184 0.3000000119
21200  49.575  -45.417  -8.825 0.4000000060
21199  50.205  -45.805  -8.721 0.5000000000
16929  51.193  -50.388  -10.358 0.5000000000
21218  50.369  -45.249  -9.250 0.4000000060
143362  48.832  -51.197  -10.091 0.5000000000
157965  49.401  -50.566  -10.081 0.5000000000
139671  50.613  -49.668  -10.332 0.5000000000
16144  48.776  -52.143  -10.265 0.5000000000
16930  50.196  -50.444  -10.195 0.5000000000
14568  48.574  -53.797  -10.942 0.5000000000
15340  48.749  -52.980  -10.530 0.5000000000
155508  49.470  -51.831  -10.163 0.5000000000
146036  51.047  -48.952  -10.517 0.5000000000
12933  49.031  -55.596  -12.534 0.5000000000
13759  48.946  -54.590  -11.418 0.5000000000
16143  50.308  -51.912  -10.230 0.5000000000
139672  51.602  -49.588  -10.488 0.6000000238
14558  49.539  -53.538  -10.702 0.5000000000
12162  49.559  -56.124  -15.571 0.4000000060
19302  53.536  -47.102  0.312 0.1000000015
19308  53.843  -46.971  -0.647 0.1000000015
147395  52.247  -46.435  -0.895 0.1000000015
20214  51.464  -46.192  -1.062 0.1000000015
21123  49.575  -45.456  -0.369 0.1000000015
20213  53.079  -46.658  -1.218 0.1000000015
20218  50.960  -46.032  -2.114 0.1000000015
21143  48.720  -45.244  -2.344 0.1000000015
21158  48.477  -45.504  -3.076 0.1000000015
20248  48.168  -45.912  -3.828 0.1000000015
21169  46.443  -45.433  -4.408 0.1000000015
154073  47.524  -46.050  -5.067 0.1000000015
143508  46.177  -45.297  -5.276 0.2000000030
22130  46.647  -45.241  -6.444 0.2000000030
20263  47.360  -45.909  -5.742 0.1000000015
21176  46.690  -45.484  -5.880 0.2000000030
21189  48.282  -45.640  -7.798 0.3000000119
21201  48.225  -45.182  -8.357 0.3000000119
22159  46.971  -44.512  -8.073 0.2000000030
20283  48.875  -45.601  -8.274 0.3000000119
22158  47.699  -44.652  -8.496 0.2000000030
22175  48.778  -44.331  -9.320 0.3000000119
22174  49.678  -44.638  -9.445 0.4000000060
152784  48.917  -48.929  -10.398 0.5000000000
18571  49.661  -48.671  -10.513 0.5000000000
146035  50.250  -49.049  -10.408 0.5000000000
152569  51.109  -45.131  -9.534 0.5000000000
142414  49.184  -47.519  -11.213 0.5000000000
19425  50.676  -46.923  -12.165 0.5000000000
142114  51.243  -47.352  -11.715 0.5000000000
19411  50.815  -47.863  -11.159 0.5000000000
18569  51.427  -48.328  -10.871 0.6000000238
21216  52.726  -45.555  -9.936 0.5000000000
21217  51.874  -45.307  -9.616 0.5000000000
20318  51.699  -46.827  -12.169 0.5000000000
19410  51.905  -47.726  -11.302 0.6000000238
150200  52.008  -48.858  -10.724 0.5000000000
19408  53.729  -47.288  -10.542 0.5000000000
147009  52.507  -48.163  -11.011 0.5000000000
155209  52.017  -55.825  -16.752 0.4000000060
12968  51.339  -55.771  -16.656 0.4000000060
12154  50.490  -56.196  -15.019 0.4000000060
22070  46.571  -44.124  0.204 0.1000000015
22068  48.153  -44.710  -0.328 0.1000000015
22081  46.882  -43.851  -1.262 0.1000000015
21127  50.731  -45.907  -1.418 0.1000000015
22074  48.160  -44.707  -1.141 0.1000000015
22080  47.494  -44.365  -1.562 0.1000000015
21128  49.778  -45.489  -1.219 0.1000000015
22091  47.530  -44.607  -2.175 0.1000000015
22092  46.840  -44.165  -2.172 0.1000000015
21159  47.643  -45.413  -3.304 0.1000000015
21160  46.799  -45.247  -3.537 0.1000000015
21161  46.020  -44.977  -3.775 0.1000000015
21177  45.478  -44.823  -5.381 0.2000000030
22131  45.205  -44.459  -6.090 0.2000000030
22145  45.664  -44.421  -6.800 0.2000000030
23094  46.154  -44.321  -7.611 0.2000000030
25936  50.527  -40.564  -14.630 0.2000000030
23107  47.286  -44.000  -8.804 0.2000000030
24994  50.828  -41.401  -14.312 0.2000000030
24982  50.521  -41.727  -13.573 0.2000000030
132369  50.280  -41.959  -12.760 0.2000000030
24048  50.066  -42.105  -11.951 0.2000000030
22176  48.038  -44.133  -9.107 0.2000000030
138455  52.152  -42.589  -14.150 0.2000000030
24060  51.865  -42.773  -13.372 0.2000000030
24046  51.614  -42.868  -12.574 0.2000000030
23144  51.424  -42.944  -11.759 0.2000000030
24033  50.596  -42.599  -11.313 0.3000000119
155133  51.317  -43.082  -11.105 0.2000000030
23126  50.680  -43.256  -10.611 0.4000000060
23173  52.818  -44.448  -13.259 0.2000000030
23174  52.307  -43.495  -12.931 0.3000000119
23157  52.093  -43.424  -12.166 0.3000000119
23143  51.948  -43.433  -11.396 0.4000000060
23125  51.625  -43.606  -10.776 0.4000000060
22191  51.141  -44.028  -10.249 0.5000000000
22192  50.224  -43.946  -10.054 0.4000000060
135318  50.684  -44.600  -9.745 0.5000000000
21272  51.470  -46.187  -13.031 0.5000000000
21271  52.293  -45.783  -12.639 0.4000000060
21270  52.730  -45.019  -12.117 0.4000000060
21256  52.852  -45.038  -11.303 0.5000000000
22189  52.597  -44.567  -10.747 0.5000000000
22190  51.982  -44.235  -10.431 0.5000000000
22173  51.572  -44.649  -9.907 0.5000000000
20340  52.058  -46.296  -12.462 0.5000000000
20339  52.665  -45.656  -11.944 0.5000000000
20317  52.592  -46.279  -11.753 0.5000000000
19424  52.424  -47.054  -11.670 0.5000000000
19409  53.027  -47.399  -11.139 0.5000000000
19423  53.297  -46.528  -11.020 0.5000000000
20303  53.199  -45.975  -10.476 0.5000000000
136805  45.304  -43.055  -0.037 0.1000000015
22071  45.745  -43.882  0.397 0.1000000015
23006  46.152  -43.415  -0.183 0.1000000015
23923  45.248  -42.563  -0.814 0.1000000015
23014  46.342  -43.303  -0.921 0.1000000015
23015  45.813  -42.862  -1.347 0.1000000015
23024  45.654  -43.033  -2.208 0.1000000015
23025  44.848  -42.812  -2.540 0.1000000015
22104  45.640  -44.315  -3.362 0.1000000015
22105  44.801  -44.151  -3.859 0.1000000015
21171  45.045  -44.609  -4.677 0.2000000030
22113  44.305  -44.187  -4.773 0.2000000030
22120  44.716  -44.408  -5.438 0.2000000030
23095  45.335  -43.847  -7.389 0.2000000030
23108  46.481  -43.833  -8.470 0.2000000030
25937  49.763  -40.208  -14.366 0.1000000015
25918  50.092  -41.023  -14.020 0.2000000030
151809  49.559  -41.581  -12.463 0.2000000030
26828  49.029  -39.899  -14.034 0.1000000015
25919  49.386  -40.646  -13.680 0.1000000015
24967  49.083  -40.995  -12.942 0.1000000015
24034  49.773  -42.231  -11.339 0.1000000015
24019  49.707  -42.676  -10.734 0.1000000015
23115  49.343  -43.831  -9.829 0.2000000030
21237  52.367  -44.860  -10.140 0.5000000000
20316  53.014  -45.718  -11.161 0.5000000000
21236  52.882  -45.248  -10.611 0.5000000000
22072  44.842  -43.772  0.589 0.1000000015
23917  43.910  -42.555  0.057 0.1000000015
23925  43.711  -42.120  -0.535 0.1000000015
23924  44.544  -42.532  -0.326 0.1000000015
23931  44.505  -42.239  -1.110 0.1000000015
23932  43.754  -41.949  -1.418 0.1000000015
23939  44.359  -42.252  -2.004 0.1000000015
23038  43.608  -43.044  -3.662 0.1000000015
23951  43.194  -42.452  -3.145 0.1000000015
22106  43.969  -43.665  -4.184 0.1000000015
22114  43.580  -43.758  -4.978 0.2000000030
22132  44.399  -44.099  -6.072 0.2000000030
23079  44.100  -43.652  -6.630 0.2000000030
22146  44.903  -43.971  -6.686 0.2000000030
23096  44.580  -43.470  -7.282 0.2000000030
23109  45.678  -43.563  -8.142 0.2000000030
26821  48.368  -39.603  -13.675 0.1000000015
25904  48.407  -40.638  -12.622 0.1000000015
24950  48.839  -41.250  -12.192 0.1000000015
153981  49.322  -41.787  -11.740 0.1000000015
24010  47.351  -42.791  -9.782 0.1000000015
23117  47.709  -43.472  -9.425 0.2000000030
23118  46.867  -43.341  -9.204 0.2000000030
24951  48.577  -41.514  -11.500 0.1000000015
24035  49.066  -42.078  -11.108 0.1000000015
23128  49.051  -43.145  -10.183 0.2000000030
23116  48.521  -43.631  -9.639 0.2000000030
23918  42.214  -42.310  0.404 0.1000000015
23926  42.682  -41.799  -0.333 0.1000000015
25779  41.163  -41.160  0.074 0.1000000015
24846  43.174  -41.719  -0.973 0.1000000015
24854  41.765  -41.007  -1.140 0.1000000015
24862  42.156  -41.303  -1.963 0.1000000015
23952  42.378  -42.312  -3.445 0.1000000015
23941  42.713  -41.899  -2.594 0.1000000015
23039  42.839  -42.811  -3.961 0.1000000015
23052  41.943  -43.060  -5.059 0.1000000015
22134  42.887  -43.491  -5.921 0.1000000015
145267  42.270  -43.287  -5.672 0.1000000015
23080  43.294  -43.348  -6.537 0.1000000015
23110  45.006  -43.320  -7.862 0.2000000030
24005  45.168  -42.771  -8.512 0.2000000030
24004  46.033  -43.118  -8.913 0.2000000030
24011  46.501  -42.608  -9.563 0.1000000015
27779  47.039  -37.755  -14.026 0.1000000015
26823  46.946  -38.946  -13.124 0.1000000015
26811  47.317  -39.663  -12.745 0.1000000015
25905  47.713  -40.317  -12.332 0.1000000015
25906  46.972  -40.031  -12.082 0.1000000015
25891  48.144  -40.909  -11.897 0.1000000015
24937  48.257  -41.837  -10.882 0.1000000015
24020  48.697  -42.475  -10.540 0.1000000015
24021  47.824  -42.293  -10.353 0.2000000030
25786  40.490  -39.980  -0.668 0.1000000015
25802  41.165  -40.389  -2.105 0.1000000015
24863  41.452  -41.041  -2.541 0.1000000015
23953  41.645  -42.101  -3.792 0.1000000015
23082  41.811  -42.938  -5.718 0.1000000015
23081  42.356  -42.919  -6.409 0.1000000015
23098  43.100  -42.875  -7.035 0.2000000030
24922  42.999  -41.879  -8.019 0.1000000015
24000  43.441  -42.542  -7.647 0.1000000015
24006  43.797  -42.131  -8.279 0.2000000030
23999  44.318  -42.830  -7.918 0.2000000030
24928  44.194  -41.677  -8.814 0.1000000015
156162  44.480  -42.289  -8.517 0.2000000030
27756  45.101  -38.552  -11.865 0.1000000015
26805  45.477  -39.339  -11.530 0.1000000015
26796  45.128  -39.705  -10.878 0.1000000015
25877  45.066  -40.859  -9.973 0.1000000015
24933  45.383  -41.587  -9.639 0.1000000015
24927  44.902  -42.021  -9.063 0.1000000015
27774  46.596  -38.167  -13.458 0.1000000015
27766  46.201  -38.573  -12.831 0.1000000015
26804  46.240  -39.689  -11.798 0.1000000015
25894  45.883  -40.055  -11.157 0.1000000015
25884  46.291  -40.699  -10.766 0.1000000015
24939  46.653  -41.372  -10.438 0.1000000015
24932  46.182  -41.849  -9.876 0.1000000015
25893  46.654  -40.348  -11.397 0.1000000015
25883  47.080  -40.941  -10.984 0.1000000015
24938  47.451  -41.606  -10.668 0.1000000015
25803  40.809  -39.831  -2.414 0.1000000015
24864  40.889  -40.538  -3.034 0.1000000015
24876  40.689  -40.972  -3.925 0.1000000015
23969  40.941  -42.028  -4.887 0.1000000015
23995  41.480  -42.340  -6.124 0.1000000015
24923  42.216  -41.544  -7.669 0.1000000015
27748  43.357  -37.939  -10.444 0.1000000015
27740  42.983  -38.430  -9.820 0.1000000015
25880  42.777  -39.801  -9.128 0.1000000015
25873  43.110  -40.613  -8.836 0.1000000015
24930  42.641  -41.082  -8.291 0.1000000015
28806  44.228  -37.189  -11.641 0.1000000015
28792  43.786  -37.527  -11.066 0.1000000015
26798  43.651  -38.903  -10.249 0.1000000015
26792  43.252  -39.350  -9.659 0.1000000015
25879  43.535  -40.196  -9.437 0.1000000015
24935  43.862  -40.968  -9.140 0.1000000015
28805  44.833  -37.686  -12.082 0.1000000015
27757  44.390  -38.080  -11.512 0.1000000015
27747  44.031  -38.464  -10.860 0.1000000015
26791  43.965  -39.767  -10.013 0.1000000015
25878  44.296  -40.546  -9.718 0.1000000015
24934  44.612  -41.291  -9.406 0.1000000015
24913  40.713  -40.953  -6.116 0.1000000015
26758  40.659  -39.645  -6.906 0.1000000015
24924  41.477  -41.118  -7.270 0.1000000015
26773  41.047  -39.246  -7.636 0.1000000015
25866  41.159  -40.207  -7.519 0.1000000015
28793  43.329  -36.821  -10.466 0.1000000015
27741  42.402  -37.989  -9.321 0.1000000015
27732  41.961  -38.430  -8.820 0.1000000015
25875  41.584  -39.783  -8.172 0.1000000015
29835  43.904  -36.093  -10.766 0.1000000015
26793  42.541  -38.907  -9.289 0.1000000015
18542  53.253  -48.322  -6.690 0.4000000060
19380  52.491  -47.739  -7.307 0.4000000060
20234  51.642  -46.945  -3.338 0.1000000015
20208  52.790  -46.705  -0.337 0.1000000015
21181  47.508  -45.633  -6.892 0.3000000119
21182  46.046  -44.929  -6.115 0.2000000030
21190  47.521  -45.259  -7.659 0.3000000119
20274  48.878  -46.113  -7.481 0.3000000119
22157  48.877  -45.007  -8.885 0.3000000119
139670  49.509  -49.641  -10.218 0.5000000000
20209  51.651  -46.363  -0.143 0.1000000015
21122  50.536  -45.861  -0.480 0.1000000015
21124  48.884  -45.123  -0.742 0.1000000015
21142  49.544  -45.502  -2.095 0.1000000015
21144  47.963  -45.035  -2.572 0.1000000015
21129  48.857  -45.143  -1.573 0.1000000015
21168  47.330  -45.773  -4.258 0.1000000015
20258  46.885  -45.713  -5.128 0.1000000015
134592  48.307  -44.673  -8.851 0.3000000119
147292  49.002  -48.188  -10.688 0.5000000000
19426  50.127  -47.352  -11.592 0.5000000000
19413  48.324  -47.720  -10.934 0.5000000000
146627  51.065  -46.544  -12.656 0.5000000000
22076  46.789  -43.864  -0.466 0.1000000015
22075  47.466  -44.286  -0.774 0.1000000015
23023  46.317  -43.410  -1.768 0.1000000015
21145  47.189  -44.842  -2.759 0.1000000015
22103  46.419  -44.552  -3.029 0.1000000015
135693  46.038  -43.800  -2.595 0.1000000015
21170  45.723  -45.047  -4.581 0.1000000015
24981  51.278  -42.136  -13.877 0.2000000030
24061  51.047  -42.324  -13.070 0.2000000030
24047  50.841  -42.453  -12.220 0.2000000030
22210  52.779  -44.774  -12.651 0.5000000000
23156  52.589  -44.002  -12.561 0.4000000060
23188  52.573  -43.534  -13.652 0.2000000030
23142  52.538  -44.023  -11.865 0.4000000060
22200  52.694  -44.429  -11.371 0.5000000000
22201  52.354  -43.939  -11.020 0.5000000000
23127  49.814  -43.348  -10.292 0.3000000119
21293  51.964  -45.912  -13.298 0.5000000000
21292  52.472  -45.439  -12.824 0.5000000000
134288  44.378  -43.044  0.279 0.1000000015
146522  45.822  -42.944  -0.621 0.1000000015
22093  45.248  -43.553  -2.982 0.1000000015
23026  44.014  -42.629  -2.849 0.1000000015
23037  44.412  -43.325  -3.342 0.1000000015
22122  43.365  -43.682  -5.563 0.2000000030
24966  49.791  -41.352  -13.258 0.1000000015
25903  48.695  -40.312  -13.347 0.1000000015
23007  43.513  -43.065  0.484 0.1000000015
132849  43.141  -42.430  0.149 0.1000000015
23940  43.541  -42.086  -2.296 0.1000000015
23933  42.994  -41.697  -1.692 0.1000000015
23050  43.212  -43.311  -4.473 0.1000000015
23064  42.779  -43.426  -5.228 0.2000000030
22133  43.638  -43.769  -6.043 0.2000000030
23097  43.796  -43.153  -7.198 0.2000000030
26829  48.095  -38.883  -13.998 0.1000000015
26822  47.671  -39.292  -13.406 0.1000000015
25920  48.018  -39.988  -13.033 0.1000000015
24009  48.202  -42.948  -9.976 0.2000000030
24952  47.830  -41.226  -11.246 0.1000000015
23919  41.354  -42.114  0.763 0.1000000015
24839  41.768  -41.688  0.145 0.1000000015
25780  40.495  -40.500  0.117 0.1000000015
25785  41.154  -40.790  -0.557 0.1000000015
24847  41.889  -41.320  -0.476 0.1000000015
24853  42.515  -41.381  -1.050 0.1000000015
25793  41.170  -40.447  -1.268 0.1000000015
151734  41.549  -40.813  -1.790 0.1000000015
24874  41.916  -41.682  -2.963 0.1000000015
23051  42.518  -43.120  -4.618 0.1000000015
23967  42.055  -42.745  -4.232 0.1000000015
24012  45.678  -42.348  -9.291 0.2000000030
27773  47.372  -38.526  -13.716 0.1000000015
26812  46.575  -39.338  -12.476 0.1000000015
25892  47.419  -40.613  -11.628 0.1000000015
25794  40.765  -39.856  -1.559 0.1000000015
24875  41.217  -41.397  -3.394 0.1000000015
24889  41.031  -41.760  -4.208 0.1000000015
23968  41.437  -42.441  -4.574 0.1000000015
23983  41.345  -42.493  -5.337 0.1000000015
24002  41.843  -42.002  -6.924 0.1000000015
24001  42.654  -42.306  -7.299 0.1000000015
24929  43.442  -41.397  -8.561 0.1000000015
26806  44.711  -38.945  -11.247 0.1000000015
27767  45.479  -38.163  -12.497 0.1000000015
26813  45.828  -38.971  -12.189 0.1000000015
25886  44.731  -40.117  -10.288 0.1000000015
26797  44.370  -39.335  -10.595 0.1000000015
25885  45.505  -40.429  -10.538 0.1000000015
24940  45.851  -41.135  -10.211 0.1000000015
24022  46.975  -42.113  -10.168 0.1000000015
144374  40.606  -39.798  -3.086 0.1000000015
25817  40.424  -40.111  -3.719 0.1000000015
25831  40.368  -40.421  -4.569 0.1000000015
25842  40.502  -40.729  -5.423 0.1000000015
24901  40.875  -41.678  -5.612 0.1000000015
145957  41.163  -41.481  -6.505 0.1000000015
28779  42.799  -37.430  -9.839 0.1000000015
25874  42.321  -40.234  -8.545 0.1000000015
26786  42.069  -39.350  -8.747 0.1000000015
25854  40.487  -40.143  -6.128 0.1000000015
25853  40.868  -40.615  -6.785 0.1000000015
25865  41.848  -40.695  -7.968 0.1000000015
26787  41.494  -38.849  -8.267 0.1000000015
27720  41.237  -38.448  -7.671 0.1000000015
29817  42.964  -36.468  -9.459 0.1000000015
29836  43.553  -36.031  -10.016 0.1000000015
144608  42.090  -37.692  -8.782 0.1000000015
16879  51.668  -50.949  -6.666 0.1000000015
16095  52.970  -51.848  -6.882 0.1000000015
16081  53.665  -51.129  -6.395 0.1000000015
16877  54.275  -50.338  -5.970 0.1000000015
16862  53.814  -49.641  -5.710 0.1000000015
141576  52.220  -50.384  -6.119 0.1000000015
17688  52.228  -49.593  -5.714 0.1000000015
16096  51.155  -51.688  -7.266 0.2000000030
18508  52.550  -48.986  -5.504 0.1000000015
15291  53.277  -52.671  -7.330 0.2000000030
16094  53.955  -51.938  -7.075 0.1000000015
14509  52.626  -53.374  -7.610 0.2000000030
16080  54.733  -51.190  -6.749 0.1000000015
152673  54.060  -49.347  -5.910 0.1000000015
150123  52.163  -54.049  -7.641 0.2000000030
16876  55.085  -50.257  -6.422 0.2000000030
142286  54.645  -52.035  -7.427 0.2000000030
16894  55.487  -50.684  -7.184 0.2000000030
17686  55.245  -49.669  -6.660 0.3000000119
18522  54.710  -49.121  -6.517 0.3000000119
16875  55.586  -50.060  -6.973 0.3000000119
156139  55.413  -49.217  -7.183 0.3000000119
15289  54.807  -52.547  -8.191 0.2000000030
16093  55.338  -51.586  -7.770 0.2000000030
13718  53.023  -55.053  -7.817 0.2000000030
16092  55.846  -50.856  -7.932 0.2000000030
14533  53.826  -53.765  -8.412 0.2000000030
11357  51.276  -58.564  -8.371 0.1000000015
13719  52.253  -54.824  -7.492 0.2000000030
15313  53.536  -53.325  -7.824 0.2000000030
14534  53.036  -54.182  -7.870 0.2000000030
17720  56.116  -49.608  -8.275 0.3000000119
18539  55.859  -48.990  -7.972 0.4000000060
152081  51.841  -57.679  -7.824 0.1000000015
12882  52.411  -55.570  -7.359 0.1000000015
16115  55.807  -51.278  -8.708 0.2000000030
11343  51.017  -58.050  -7.544 0.1000000015
17731  56.084  -49.795  -9.234 0.4000000060
148671  52.457  -56.994  -7.896 0.2000000030
15312  54.193  -53.161  -8.120 0.2000000030
12881  53.021  -55.645  -7.890 0.2000000030
10628  51.520  -58.780  -9.493 0.1000000015
10655  51.768  -58.661  -10.762 0.2000000030
11356  52.070  -58.076  -8.979 0.1000000015
12880  53.488  -55.256  -8.602 0.2000000030
14532  54.387  -53.175  -8.890 0.2000000030
15321  54.895  -52.494  -9.285 0.2000000030
16127  55.320  -51.662  -9.668 0.4000000060
11355  52.561  -57.327  -8.760 0.1000000015
15334  54.708  -52.322  -10.010 0.4000000060
157553  55.716  -50.043  -9.923 0.4000000060
12902  53.649  -55.340  -9.557 0.3000000119
13732  53.715  -54.637  -9.552 0.3000000119
12094  52.997  -56.579  -8.669 0.2000000030
12093  53.523  -56.008  -9.649 0.4000000060
16139  54.594  -51.691  -10.311 0.4000000060
17742  55.175  -49.755  -10.345 0.4000000060
14543  53.905  -53.795  -9.474 0.3000000119
13754  53.489  -54.908  -11.278 0.4000000060
12915  53.629  -55.344  -10.434 0.3000000119
26837  50.762  -39.452  -15.414 0.1000000015
16926  55.165  -50.738  -10.245 0.4000000060
15335  53.947  -52.507  -10.408 0.4000000060
16140  53.727  -51.673  -10.529 0.5000000000
13745  53.339  -54.279  -11.113 0.4000000060
14554  53.605  -54.028  -10.363 0.3000000119
138778  53.780  -53.356  -10.352 0.4000000060
14555  53.217  -53.650  -10.820 0.4000000060
25955  50.998  -40.093  -15.169 0.1000000015
26836  51.392  -39.614  -15.687 0.1000000015
16927  54.139  -50.924  -10.532 0.4000000060
143577  53.036  -51.042  -10.631 0.5000000000
16141  52.688  -52.009  -10.551 0.5000000000
25935  51.276  -40.900  -14.885 0.1000000015
24993  51.611  -41.723  -14.528 0.1000000015
25011  52.934  -41.734  -15.293 0.1000000015
133561  52.049  -41.219  -15.104 0.1000000015
16895  50.629  -50.817  -6.838 0.1000000015
16082  52.625  -51.030  -6.450 0.1000000015
17675  53.069  -49.418  -5.665 0.1000000015
16878  53.177  -50.183  -5.868 0.1000000015
17689  51.246  -49.537  -5.712 0.1000000015
145119  50.299  -52.169  -7.552 0.1000000015
16910  56.093  -50.408  -8.550 0.3000000119
13717  53.618  -54.538  -8.563 0.2000000030
16918  55.854  -50.684  -9.493 0.4000000060
14542  54.343  -52.992  -9.831 0.3000000119
141049  51.729  -40.373  -15.437 0.1000000015
25012  52.281  -41.985  -14.751 0.1000000015
148435  50.509  -49.570  -5.797 0.1000000015
11431  39.942  -57.403  -15.342 0.1000000015
10699  39.410  -57.733  -16.002 0.1000000015
10707  42.134  -58.445  -16.149 0.1000000015
10700  38.436  -57.821  -15.971 0.1000000015
155706  41.934  -58.038  -15.656 0.1000000015
11432  39.009  -57.348  -15.306 0.1000000015
10701  37.634  -57.888  -15.565 0.1000000015
10702  36.850  -58.331  -15.523 0.1000000015
10711  37.621  -58.319  -16.201 0.1000000015
6359  41.882  -66.532  -7.588 0.1000000015
8756  36.132  -61.224  -11.984 0.1000000015
9395  35.803  -60.415  -12.404 0.1000000015
148622  41.218  -57.336  -14.664 0.1000000015
9410  35.573  -59.714  -13.029 0.1000000015
11430  40.842  -57.529  -15.323 0.1000000015
10046  35.946  -58.751  -14.110 0.1000000015
10691  42.370  -57.842  -14.546 0.1000000015
10054  36.052  -58.757  -15.012 0.1000000015
152293  42.905  -58.620  -15.789 0.1000000015
6344  41.701  -66.333  -6.217 0.1000000015
6358  42.247  -66.275  -7.806 0.1000000015
6368  42.030  -66.476  -8.687 0.1000000015
6835  41.075  -65.297  -4.822 0.1000000015
6847  40.917  -65.348  -5.620 0.1000000015
6350  42.519  -66.440  -6.944 0.1000000015
7467  41.728  -64.630  -8.316 0.1000000015
8116  38.899  -63.129  -11.225 0.1000000015
8743  37.648  -61.759  -11.344 0.1000000015
11422  40.487  -57.116  -14.665 0.1000000015
11423  39.570  -56.990  -14.645 0.1000000015
11433  38.107  -57.473  -15.113 0.1000000015
11412  41.853  -57.458  -14.236 0.1000000015
10696  43.363  -58.629  -15.107 0.1000000015
10053  43.569  -59.053  -15.866 0.1000000015
6349  42.879  -65.977  -7.231 0.1000000015
6862  42.437  -65.467  -7.843 0.1000000015
6821  41.758  -66.401  -4.644 0.1000000015
6846  41.750  -66.327  -5.469 0.1000000015
150045  43.119  -66.311  -6.720 0.1000000015
6852  42.745  -65.175  -7.335 0.1000000015
7461  42.037  -64.410  -7.589 0.1000000015
7462  41.271  -63.671  -7.970 0.1000000015
8713  40.366  -62.539  -8.375 0.1000000015
8090  39.710  -62.680  -9.898 0.1000000015
8714  39.832  -61.873  -8.472 0.1000000015
8105  39.373  -62.915  -10.668 0.1000000015
8726  38.723  -61.405  -9.936 0.1000000015
8742  37.903  -61.318  -10.943 0.1000000015
9370  37.571  -60.540  -10.724 0.1000000015
152592  37.085  -60.105  -11.031 0.1000000015
139590  36.865  -57.745  -13.080 0.1000000015
11413  41.140  -56.954  -13.927 0.1000000015
12148  39.748  -56.434  -13.229 0.1000000015
11415  39.177  -56.660  -13.890 0.1000000015
11417  37.514  -57.210  -13.455 0.1000000015
10684  36.987  -57.663  -13.989 0.1000000015
10683  42.651  -57.737  -13.713 0.1000000015
137734  43.047  -58.213  -14.406 0.1000000015
132689  42.065  -63.345  -6.393 0.1000000015
6330  41.797  -66.615  -3.822 0.1000000015
6329  42.639  -66.699  -4.445 0.1000000015
6337  42.813  -66.688  -5.314 0.1000000015
6342  43.421  -66.245  -6.135 0.1000000015
7443  43.650  -64.321  -6.168 0.1000000015
7444  42.887  -64.014  -6.498 0.1000000015
8058  41.502  -63.332  -7.099 0.1000000015
8059  40.769  -62.280  -6.882 0.1000000015
8705  39.660  -61.285  -7.703 0.1000000015
9342  39.092  -60.540  -7.772 0.1000000015
6328  43.592  -66.273  -4.237 0.1000000015
6336  43.415  -66.474  -4.876 0.1000000015
6341  43.859  -66.119  -5.489 0.1000000015
7442  44.318  -64.531  -5.751 0.1000000015
8725  39.405  -61.801  -9.389 0.1000000015
153996  38.863  -61.076  -9.226 0.1000000015
9361  38.342  -60.646  -9.589 0.1000000015
9986  37.449  -59.138  -9.824 0.1000000015
9997  37.286  -59.686  -10.569 0.1000000015
10647  37.132  -58.770  -10.633 0.1000000015
10011  36.882  -59.309  -11.140 0.1000000015
10660  36.929  -58.374  -11.341 0.1000000015
12128  38.436  -56.318  -11.402 0.1000000015
11394  37.340  -57.450  -11.479 0.1000000015
10012  36.558  -58.934  -11.843 0.1000000015
12136  41.020  -56.383  -12.485 0.1000000015
12149  38.740  -56.506  -13.026 0.1000000015
11406  37.952  -56.791  -13.071 0.1000000015
157139  42.019  -56.995  -12.915 0.1000000015
11404  42.565  -57.384  -12.789 0.1000000015
10681  44.241  -58.934  -13.363 0.1000000015
10682  43.467  -58.292  -13.573 0.1000000015
10024  44.950  -59.551  -12.863 0.1000000015
10669  44.519  -58.805  -12.449 0.1000000015
8041  42.300  -62.273  -5.163 0.1000000015
8049  41.790  -62.560  -5.851 0.1000000015
135461  43.399  -66.303  -3.341 0.1000000015
6820  44.288  -65.521  -3.850 0.1000000015
6819  45.037  -64.749  -4.293 0.1000000015
7433  44.715  -64.218  -5.229 0.1000000015
7434  43.951  -63.746  -5.504 0.1000000015
8048  42.809  -63.280  -5.783 0.1000000015
8050  41.059  -62.031  -6.089 0.1000000015
8696  40.136  -61.457  -6.946 0.1000000015
9334  39.541  -60.609  -6.863 0.1000000015
147138  42.537  -66.670  -3.648 0.1000000015
6335  44.113  -65.946  -4.948 0.1000000015
9954  38.681  -59.410  -7.068 0.1000000015
9967  38.581  -59.791  -7.759 0.1000000015
9985  37.970  -59.817  -9.258 0.1000000015
10619  38.203  -58.864  -7.589 0.1000000015
9977  37.673  -59.057  -9.004 0.1000000015
10620  37.779  -58.112  -7.822 0.1000000015
10634  37.496  -58.211  -9.216 0.1000000015
12116  37.791  -56.692  -10.221 0.1000000015
12102  37.791  -56.643  -9.539 0.1000000015
12125  41.360  -56.272  -11.649 0.1000000015
136867  41.732  -56.142  -10.834 0.1000000015
12126  40.257  -56.029  -11.881 0.1000000015
141630  39.715  -55.816  -11.056 0.1000000015
12115  38.334  -56.230  -10.644 0.1000000015
12129  37.819  -56.760  -11.029 0.1000000015
12127  39.224  -56.029  -11.685 0.1000000015
11405  41.976  -56.754  -12.321 0.1000000015
12124  42.294  -56.649  -11.372 0.1000000015
11393  42.841  -57.197  -11.886 0.1000000015
10670  43.796  -58.331  -12.756 0.1000000015
10010  45.263  -59.304  -12.138 0.1000000015
6306  42.632  -66.828  -1.967 0.1000000015
5848  41.872  -67.270  -2.151 0.1000000015
6317  41.658  -66.974  -2.961 0.1000000015
6806  44.909  -64.630  -2.875 0.1000000015
7424  45.377  -64.168  -3.714 0.1000000015
146302  43.321  -66.165  -2.458 0.1000000015
6315  44.121  -65.457  -3.029 0.1000000015
7432  45.209  -63.900  -4.490 0.1000000015
8031  45.018  -62.894  -4.102 0.1000000015
8673  42.869  -61.837  -4.360 0.1000000015
8684  41.432  -61.740  -5.417 0.1000000015
9325  41.061  -60.954  -5.014 0.1000000015
9327  39.740  -60.301  -5.986 0.1000000015
9316  41.546  -60.631  -4.471 0.1000000015
9317  39.871  -59.543  -5.303 0.1000000015
10611  39.181  -58.731  -5.696 0.1000000015
10612  38.588  -58.648  -6.573 0.1000000015
145905  38.031  -58.017  -7.136 0.1000000015
10603  38.776  -58.047  -5.927 0.1000000015
11339  38.042  -57.271  -7.003 0.1000000015
12064  38.044  -56.553  -7.437 0.1000000015
12081  37.616  -57.001  -8.988 0.1000000015
12909  38.719  -55.550  -9.362 0.1000000015
12080  38.055  -56.212  -8.952 0.1000000015
12113  40.731  -55.891  -11.013 0.1000000015
12918  39.049  -55.686  -10.310 0.1000000015
12100  42.147  -55.841  -10.125 0.1000000015
12916  41.167  -55.638  -10.305 0.1000000015
12112  42.645  -56.452  -10.576 0.1000000015
11379  43.131  -57.060  -11.035 0.1000000015
11403  43.358  -57.765  -12.317 0.1000000015
10659  44.084  -58.183  -11.985 0.1000000015
8659  45.411  -61.130  -3.125 0.1000000015
9308  44.123  -60.626  -3.167 0.1000000015
6299  43.314  -65.882  -1.396 0.1000000015
6800  44.062  -65.177  -2.108 0.1000000015
6799  44.887  -64.259  -1.855 0.1000000015
8030  45.885  -63.207  -3.701 0.1000000015
8660  44.370  -61.789  -3.638 0.1000000015
9309  42.896  -60.072  -3.347 0.1000000015
152693  43.541  -61.812  -3.957 0.1000000015
9310  41.836  -59.963  -4.009 0.1000000015
10593  41.028  -58.422  -4.039 0.1000000015
10595  39.729  -57.707  -4.790 0.1000000015
131554  40.856  -59.987  -4.611 0.1000000015
9941  40.498  -58.934  -4.495 0.1000000015
12043  38.763  -57.216  -5.779 0.1000000015
12054  38.365  -56.733  -6.519 0.1000000015
12852  38.332  -56.004  -6.938 0.1000000015
144202  38.097  -56.126  -8.153 0.1000000015
13723  39.716  -54.377  -8.336 0.1000000015
12891  38.515  -55.532  -8.475 0.1000000015
13733  41.144  -54.727  -9.216 0.1000000015
12907  40.625  -55.133  -9.757 0.1000000015
12908  39.608  -55.188  -9.655 0.1000000015
12906  41.618  -55.268  -9.691 0.1000000015
12905  42.630  -55.357  -9.440 0.1000000015
12111  43.531  -56.752  -10.288 0.1000000015
7999  47.105  -61.569  -0.609 0.1000000015
6789  44.765  -63.856  -0.754 0.1000000015
8007  46.550  -62.525  -1.152 0.1000000015
8651  47.124  -61.347  -2.318 0.1000000015
8029  46.439  -61.673  -2.995 0.1000000015
9923  44.698  -59.240  -2.407 0.1000000015
142953  42.962  -66.132  -0.643 0.1000000015
6791  43.389  -65.328  -0.376 0.1000000015
7409  45.744  -63.373  -1.544 0.1000000015
8018  46.797  -62.234  -2.699 0.1000000015
141319  45.691  -62.252  -3.515 0.1000000015
9930  43.970  -59.584  -2.800 0.1000000015
9931  43.125  -59.017  -2.977 0.1000000015
10583  41.688  -58.393  -3.561 0.1000000015
9932  42.202  -59.143  -3.472 0.1000000015
12033  40.379  -56.348  -4.063 0.1000000015
11323  39.388  -57.085  -5.089 0.1000000015
138944  39.655  -56.161  -4.775 0.1000000015
12053  38.665  -55.898  -6.214 0.1000000015
12848  38.974  -54.881  -6.275 0.1000000015
137475  39.002  -54.648  -7.083 0.1000000015
13699  39.446  -54.217  -7.525 0.1000000015
12888  41.775  -54.366  -8.715 0.1000000015
12889  40.136  -54.680  -9.123 0.1000000015
12886  43.431  -55.098  -8.877 0.1000000015
12079  44.112  -55.522  -8.930 0.1000000015
7396  45.595  -62.830  -0.375 0.1000000015
9293  47.361  -60.338  -0.764 0.1000000015
9922  45.850  -59.479  -2.215 0.1000000015
9301  46.481  -60.480  -2.516 0.1000000015
10573  43.226  -58.525  -2.561 0.1000000015
11304  42.073  -57.299  -2.418 0.1000000015
11305  41.858  -57.631  -3.073 0.1000000015
11292  41.482  -56.722  -2.878 0.1000000015
12832  40.673  -55.782  -3.591 0.1000000015
12839  40.171  -55.504  -4.210 0.1000000015
13675  39.514  -54.288  -5.128 0.1000000015
138287  39.175  -55.544  -5.505 0.1000000015
153933  39.678  -52.809  -5.786 0.1000000015
150404  39.297  -54.794  -5.533 0.1000000015
14516  40.246  -53.137  -7.241 0.1000000015
14505  39.685  -53.275  -6.483 0.1000000015
15301  40.876  -52.602  -7.088 0.1000000015
13698  40.278  -53.750  -7.873 0.1000000015
15300  41.707  -52.646  -7.360 0.1000000015
13697  41.421  -53.754  -8.191 0.1000000015
13722  40.734  -54.244  -8.598 0.1000000015
13721  43.496  -54.425  -8.349 0.1000000015
153666  44.718  -55.275  -8.511 0.1000000015
12096  45.775  -56.966  -9.297 0.1000000015
154234  46.444  -62.208  -0.393 0.1000000015
8636  46.771  -60.699  0.350 0.1000000015
10564  45.175  -59.036  -1.377 0.1000000015
11279  43.226  -58.269  -2.052 0.1000000015
145603  42.559  -57.667  -2.118 0.1000000015
7990  44.990  -62.507  0.442 0.1000000015
9914  45.085  -59.012  -1.983 0.1000000015
12020  41.753  -56.572  -2.168 0.1000000015
13667  40.452  -54.417  -3.421 0.1000000015
134159  40.495  -55.090  -3.718 0.1000000015
14489  39.953  -53.872  -3.943 0.1000000015
14490  39.615  -53.681  -4.669 0.1000000015
15282  40.672  -52.031  -6.499 0.1000000015
15283  39.973  -52.423  -6.202 0.1000000015
14504  40.261  -52.684  -6.733 0.1000000015
14513  43.097  -53.360  -7.695 0.1000000015
13695  43.562  -53.860  -7.936 0.1000000015
13694  44.383  -54.171  -7.909 0.1000000015
12861  46.288  -55.187  -7.892 0.1000000015
11346  48.071  -57.235  -8.393 0.1000000015
8620  45.800  -60.920  1.053 0.1000000015
9283  45.911  -59.741  0.603 0.1000000015
10557  44.341  -58.934  -0.662 0.1000000015
12006  42.297  -56.935  -1.193 0.1000000015
9905  45.816  -59.377  -0.455 0.1000000015
10565  44.223  -58.754  -1.702 0.1000000015
12007  41.538  -55.783  -1.708 0.1000000015
12819  41.312  -55.916  -2.547 0.1000000015
13658  40.796  -54.600  -2.731 0.1000000015
15254  39.897  -52.832  -3.222 0.1000000015
16059  39.554  -51.391  -4.137 0.1000000015
15276  39.719  -52.070  -5.488 0.1000000015
17708  45.855  -50.084  -6.611 0.1000000015
16900  45.386  -50.647  -6.797 0.1000000015
16901  44.446  -50.663  -6.700 0.1000000015
17697  42.774  -50.032  -6.360 0.1000000015
16882  42.871  -50.842  -6.508 0.1000000015
16864  40.594  -50.563  -5.564 0.1000000015
15275  40.159  -51.786  -6.016 0.1000000015
151410  45.766  -51.219  -7.002 0.1000000015
16102  45.050  -51.392  -6.963 0.1000000015
16902  43.700  -50.987  -6.661 0.1000000015
16884  41.356  -50.612  -6.132 0.1000000015
16101  46.503  -51.316  -7.153 0.1000000015
140098  46.741  -52.314  -7.324 0.1000000015
15296  46.162  -53.068  -7.283 0.1000000015
15297  45.302  -53.009  -7.273 0.1000000015
145577  43.889  -52.228  -7.126 0.1000000015
15280  42.243  -52.226  -7.140 0.1000000015
16100  47.401  -51.525  -7.370 0.1000000015
140475  47.706  -52.465  -7.455 0.1000000015
135855  46.471  -53.706  -7.354 0.1000000015
14512  44.042  -53.477  -7.615 0.1000000015
150667  46.418  -54.243  -7.491 0.1000000015
12863  45.165  -54.268  -7.750 0.1000000015
12859  49.162  -55.476  -7.389 0.1000000015
139099  47.181  -55.328  -7.712 0.1000000015
12074  48.730  -56.830  -7.817 0.1000000015
9896  44.334  -59.341  1.160 0.1000000015
152062  44.928  -59.390  0.424 0.1000000015
144700  43.864  -58.894  0.518 0.1000000015
11263  43.288  -58.223  -0.192 0.1000000015
11272  42.763  -57.514  -0.766 0.1000000015
12001  41.871  -56.105  -0.832 0.1000000015
156735  41.921  -56.521  -1.567 0.1000000015
13653  41.241  -54.861  -1.474 0.1000000015
13657  41.111  -55.117  -2.277 0.1000000015
14471  40.551  -53.941  -2.790 0.1000000015
15252  40.149  -52.765  -2.471 0.1000000015
16054  39.599  -51.397  -3.304 0.1000000015
17669  40.505  -49.521  -4.646 0.1000000015
152791  39.968  -50.804  -5.139 0.1000000015
138446  44.117  -49.902  -6.491 0.1000000015
18545  42.031  -48.916  -6.466 0.1000000015
17698  42.119  -49.674  -6.253 0.1000000015
16863  41.173  -50.063  -5.681 0.1000000015
17695  44.558  -49.534  -6.326 0.1000000015
150167  49.581  -52.578  -7.565 0.1000000015
140476  48.711  -52.528  -7.549 0.1000000015
10545  43.647  -58.879  1.528 0.1000000015
11257  42.654  -57.271  1.284 0.1000000015
11994  42.335  -56.665  0.693 0.1000000015
12797  41.915  -55.193  0.784 0.1000000015
11264  42.687  -57.439  0.270 0.1000000015
12803  41.992  -56.005  0.207 0.1000000015
12804  41.695  -55.272  -0.183 0.1000000015
132133  41.529  -55.341  -0.969 0.1000000015
14466  41.144  -53.756  -0.291 0.1000000015
14468  41.051  -54.017  -1.159 0.1000000015
15250  40.406  -52.856  -1.693 0.1000000015
16052  39.744  -51.422  -2.584 0.1000000015
16051  40.031  -51.945  -1.968 0.1000000015
17666  40.390  -49.246  -3.929 0.1000000015
17657  39.914  -49.789  -3.226 0.1000000015
16852  39.642  -50.616  -3.716 0.1000000015
18532  44.095  -49.088  -6.159 0.1000000015
18516  43.369  -48.356  -5.309 0.1000000015
18505  40.934  -48.949  -4.493 0.1000000015
16855  39.759  -50.703  -4.519 0.1000000015
17693  46.364  -49.645  -6.314 0.1000000015
18531  44.971  -49.163  -5.934 0.1000000015
17678  41.334  -49.385  -5.553 0.1000000015
17707  46.741  -50.234  -6.652 0.1000000015
11988  42.486  -56.533  1.603 0.1000000015
12796  42.195  -55.925  1.149 0.1000000015
13641  41.532  -54.325  0.409 0.1000000015
152008  40.950  -53.028  -0.046 0.1000000015
14467  40.722  -53.129  -0.851 0.1000000015
141063  40.400  -52.175  -1.053 0.1000000015
17642  40.504  -49.646  -1.803 0.1000000015
16847  39.973  -50.094  -2.278 0.1000000015
18486  41.772  -48.461  -3.646 0.1000000015
139066  40.557  -49.068  -3.109 0.1000000015
140911  41.937  -48.384  -4.931 0.1000000015
17694  45.452  -49.597  -6.322 0.1000000015
16897  48.052  -50.801  -7.172 0.1000000015
16098  49.420  -51.739  -7.496 0.1000000015
12787  42.406  -55.930  1.866 0.1000000015
14440  42.081  -53.668  2.144 0.1000000015
13632  41.875  -54.421  1.433 0.1000000015
15213  42.407  -52.753  2.409 0.1000000015
14449  41.619  -53.580  1.241 0.1000000015
15245  41.141  -52.442  0.556 0.1000000015
14459  41.281  -53.346  0.501 0.1000000015
15246  40.737  -52.318  -0.228 0.1000000015
15239  40.576  -51.453  -0.461 0.1000000015
16045  40.200  -51.240  -1.236 0.1000000015
16840  40.249  -50.362  -1.469 0.1000000015
140276  42.191  -48.477  -2.878 0.1000000015
141267  42.916  -48.311  -4.704 0.1000000015
18485  42.505  -48.360  -3.545 0.1000000015
147264  45.561  -48.905  -5.503 0.1000000015
18515  44.134  -48.576  -5.290 0.1000000015
140188  49.786  -51.081  -7.123 0.1000000015
16097  50.245  -51.493  -7.297 0.1000000015
15228  42.158  -52.016  1.988 0.1000000015
138011  41.814  -52.816  1.740 0.1000000015
15229  41.563  -52.085  1.281 0.1000000015
16789  41.914  -50.820  1.067 0.1000000015
16036  41.006  -51.548  0.336 0.1000000015
16813  41.429  -50.634  0.474 0.1000000015
16835  40.568  -50.614  -0.706 0.1000000015
17613  40.771  -49.867  -1.010 0.1000000015
18467  41.782  -48.747  -2.011 0.1000000015
17691  48.107  -49.753  -6.283 0.1000000015
18529  46.901  -49.254  -5.937 0.1000000015
18502  43.747  -48.445  -4.633 0.1000000015
17705  48.747  -50.171  -6.612 0.1000000015
16020  42.747  -51.305  1.997 0.1000000015
17578  42.741  -49.690  0.279 0.1000000015
16788  42.564  -50.697  1.408 0.1000000015
18423  43.839  -49.102  -0.963 0.1000000015
17610  43.323  -49.331  -0.314 0.1000000015
16812  42.237  -50.235  0.773 0.1000000015
18446  44.342  -48.872  -1.731 0.1000000015
17640  41.844  -49.094  -1.204 0.1000000015
134331  42.525  -48.873  -1.399 0.1000000015
18528  47.878  -49.394  -5.883 0.1000000015
150738  47.154  -49.015  -4.775 0.1000000015
18513  46.444  -48.969  -5.284 0.1000000015
18514  44.876  -48.727  -5.358 0.1000000015
18483  44.213  -48.447  -3.958 0.1000000015
140682  43.047  -48.358  -3.003 0.1000000015
17690  49.743  -49.810  -6.190 0.1000000015
18500  45.568  -48.709  -4.744 0.1000000015
153381  45.075  -49.047  -1.483 0.1000000015
18424  43.083  -49.068  -0.960 0.1000000015
17611  42.381  -49.298  -0.571 0.1000000015
18464  44.555  -48.675  -2.642 0.1000000015
18447  43.368  -48.792  -1.588 0.1000000015
141803  45.870  -48.764  -3.929 0.1000000015
156060  44.662  -48.586  -3.362 0.1000000015
18465  43.667  -48.560  -2.380 0.1000000015
139535  45.081  -48.611  -3.955 0.1000000015
145226  43.905  -48.436  -3.203 0.1000000015
7505  36.828  -62.714  -11.653 0.1000000015
9381  37.186  -60.856  -11.285 0.1000000015
10025  36.672  -59.934  -11.538 0.1000000015
9394  36.441  -60.603  -11.808 0.1000000015
147151  36.142  -59.580  -12.325 0.1000000015
10698  40.321  -57.830  -16.019 0.1000000015
10673  36.386  -58.538  -12.700 0.1000000015
11421  41.730  -57.726  -15.115 0.1000000015
11425  37.757  -57.267  -14.298 0.1000000015
10685  36.405  -58.274  -13.615 0.1000000015
10692  37.263  -57.739  -14.860 0.1000000015
10066  36.930  -58.844  -16.362 0.1000000015
10693  36.541  -58.205  -14.534 0.1000000015
6351  41.413  -66.342  -6.843 0.1000000015
8757  35.376  -61.047  -12.522 0.1000000015
8123  36.520  -61.986  -11.777 0.1000000015
10038  35.592  -59.309  -13.736 0.1000000015
6343  42.649  -66.544  -6.159 0.1000000015
8734  39.112  -62.136  -10.304 0.1000000015
8735  38.501  -61.704  -10.651 0.1000000015
12147  40.653  -56.529  -13.248 0.1000000015
11416  38.255  -56.813  -13.741 0.1000000015
7451  43.308  -65.290  -6.741 0.1000000015
6845  44.043  -65.311  -6.068 0.1000000015
7452  42.441  -64.228  -6.963 0.1000000015
8071  40.814  -62.801  -7.730 0.1000000015
136376  40.770  -63.137  -8.360 0.1000000015
139246  41.400  -62.690  -6.447 0.1000000015
8704  40.256  -62.024  -7.684 0.1000000015
9352  38.572  -60.373  -8.640 0.1000000015
9362  37.774  -60.158  -10.061 0.1000000015
11407  37.453  -57.189  -12.519 0.1000000015
10672  36.827  -57.971  -12.154 0.1000000015
137084  41.486  -56.758  -13.073 0.1000000015
12138  39.468  -56.210  -12.460 0.1000000015
139516  40.725  -61.308  -5.730 0.1000000015
140857  39.247  -61.150  -8.539 0.1000000015
6833  44.968  -64.642  -4.919 0.1000000015
141422  37.202  -57.987  -10.834 0.1000000015
157082  37.528  -57.544  -9.085 0.1000000015
11380  37.469  -57.356  -10.569 0.1000000015
12114  38.946  -56.008  -11.019 0.1000000015
8040  43.360  -62.815  -4.988 0.1000000015
6316  42.549  -66.888  -2.794 0.1000000015
8039  44.428  -63.386  -4.790 0.1000000015
9333  40.147  -60.972  -6.212 0.1000000015
9953  39.168  -59.643  -6.341 0.1000000015
11348  37.624  -57.654  -8.482 0.1000000015
12917  40.129  -55.492  -10.379 0.1000000015
7418  45.800  -63.642  -2.814 0.1000000015
8674  41.869  -61.385  -4.725 0.1000000015
8661  43.268  -61.185  -3.672 0.1000000015
9326  40.366  -60.519  -5.453 0.1000000015
9315  42.311  -60.863  -4.044 0.1000000015
9942  39.764  -58.476  -4.936 0.1000000015
10602  39.249  -57.890  -5.353 0.1000000015
11333  38.397  -57.666  -6.465 0.1000000015
12890  39.213  -54.986  -8.815 0.1000000015
12099  43.065  -56.093  -9.870 0.1000000015
11378  43.989  -57.358  -10.782 0.1000000015
11391  44.433  -57.931  -11.274 0.1000000015
9302  45.155  -59.991  -2.742 0.1000000015
6790  44.038  -64.802  -1.061 0.1000000015
7408  46.534  -62.817  -2.249 0.1000000015
9940  41.319  -59.148  -4.007 0.1000000015
11313  41.191  -57.749  -3.742 0.1000000015
10594  40.415  -57.924  -4.333 0.1000000015
154663  38.656  -56.571  -5.970 0.1000000015
12864  38.856  -54.861  -7.859 0.1000000015
12887  42.665  -54.677  -8.805 0.1000000015
12098  44.039  -56.267  -9.525 0.1000000015
9924  43.826  -58.966  -2.570 0.1000000015
10582  42.500  -58.365  -3.053 0.1000000015
12027  40.955  -56.504  -3.488 0.1000000015
12840  39.619  -55.141  -4.875 0.1000000015
13685  39.333  -54.131  -6.764 0.1000000015
13682  39.316  -54.122  -5.957 0.1000000015
13696  42.610  -53.947  -8.216 0.1000000015
13720  44.202  -54.856  -8.430 0.1000000015
12097  44.977  -56.634  -9.419 0.1000000015
9294  46.870  -59.789  -1.670 0.1000000015
9904  46.778  -59.616  -0.830 0.1000000015
12019  42.234  -57.098  -1.864 0.1000000015
12831  41.076  -56.025  -3.104 0.1000000015
14501  39.499  -53.485  -5.548 0.1000000015
143751  39.502  -52.843  -5.063 0.1000000015
14515  41.063  -53.160  -7.638 0.1000000015
15281  41.537  -52.085  -6.873 0.1000000015
12884  45.455  -55.393  -8.306 0.1000000015
12077  45.573  -56.258  -8.778 0.1000000015
12883  46.100  -55.894  -8.297 0.1000000015
12076  46.408  -56.633  -8.663 0.1000000015
9282  46.749  -59.856  0.167 0.1000000015
11280  42.720  -57.620  -1.593 0.1000000015
14476  40.124  -53.591  -3.371 0.1000000015
15255  39.585  -52.149  -3.699 0.1000000015
146104  43.535  -52.839  -7.371 0.1000000015
141644  47.230  -56.672  -8.353 0.1000000015
12862  45.636  -54.678  -7.831 0.1000000015
13692  46.127  -54.586  -7.652 0.1000000015
12075  47.883  -56.178  -7.949 0.1000000015
11271  43.383  -58.247  -1.252 0.1000000015
13654  40.893  -54.220  -2.058 0.1000000015
15253  39.771  -52.103  -2.863 0.1000000015
142261  43.275  -49.671  -6.413 0.1000000015
145697  44.759  -52.225  -7.147 0.1000000015
16104  43.353  -51.557  -6.855 0.1000000015
16105  43.013  -52.186  -7.137 0.1000000015
157173  42.038  -50.955  -6.453 0.1000000015
145368  41.646  -49.896  -5.990 0.1000000015
16854  40.205  -50.195  -4.912 0.1000000015
16103  44.202  -51.516  -6.905 0.1000000015
16898  47.166  -50.766  -7.021 0.1000000015
15295  47.069  -53.293  -7.327 0.1000000015
15298  44.430  -52.952  -7.324 0.1000000015
13693  45.690  -54.196  -7.586 0.1000000015
148494  45.818  -53.693  -7.404 0.1000000015
16099  48.370  -51.628  -7.496 0.1000000015
139718  47.064  -54.005  -7.375 0.1000000015
12860  48.163  -55.386  -7.592 0.1000000015
140378  49.781  -56.171  -7.293 0.1000000015
17670  39.918  -49.934  -4.192 0.1000000015
19374  43.269  -48.840  -6.399 0.1000000015
137341  42.527  -48.175  -5.358 0.1000000015
19367  41.890  -48.231  -5.608 0.1000000015
16896  49.008  -50.921  -7.211 0.1000000015
14469  40.724  -53.546  -1.605 0.1000000015
16046  39.879  -50.939  -2.021 0.1000000015
17706  47.680  -50.222  -6.658 0.1000000015
18466  42.756  -48.545  -2.184 0.1000000015
145695  41.821  -49.820  0.083 0.1000000015
15336  53.001  -52.953  -10.548 0.4000000060
12922  53.347  -55.149  -12.080 0.3000000119
13755  53.123  -54.595  -11.797 0.3000000119
13746  52.737  -54.049  -11.302 0.3000000119
14556  52.313  -53.410  -10.806 0.4000000060
15337  51.911  -52.672  -10.580 0.4000000060
13756  52.346  -54.569  -11.768 0.3000000119
147130  51.402  -53.186  -10.709 0.4000000060
10740  50.660  -58.517  -20.900 0.1000000015
11469  51.867  -57.414  -21.534 0.1000000015
12199  52.809  -56.607  -20.706 0.2000000030
12984  52.909  -55.169  -18.293 0.3000000119
14569  47.590  -53.588  -11.137 0.4000000060
140877  53.565  -55.856  -10.960 0.3000000119
12172  50.010  -55.878  -16.418 0.4000000060
12947  49.031  -56.177  -14.741 0.4000000060
12184  52.882  -56.302  -18.348 0.2000000030
12985  51.944  -55.026  -17.971 0.3000000119
151696  48.559  -56.085  -13.994 0.4000000060
13760  47.973  -54.334  -11.501 0.4000000060
10735  50.200  -59.202  -20.460 0.1000000015
138058  53.324  -55.811  -19.998 0.3000000119
142226  48.397  -55.918  -15.372 0.4000000060
12934  48.024  -55.460  -12.669 0.4000000060
13767  47.476  -54.776  -12.171 0.4000000060
10741  49.825  -58.312  -21.608 0.1000000015
15341  48.018  -52.482  -10.522 0.5000000000
12198  53.417  -55.514  -21.162 0.2000000030
12191  53.248  -55.515  -19.103 0.3000000119
12977  50.396  -55.480  -17.173 0.3000000119
12948  47.801  -55.814  -14.525 0.4000000060
16146  47.297  -51.370  -10.421 0.4000000060
139669  48.397  -49.594  -10.210 0.4000000060
140742  49.332  -55.497  -17.158 0.4000000060
12959  48.846  -55.914  -16.032 0.4000000060
13775  47.110  -55.150  -12.988 0.4000000060
13768  46.535  -54.433  -12.470 0.4000000060
13761  47.073  -54.052  -11.712 0.5000000000
149650  50.365  -57.758  -22.632 0.2000000030
11470  50.874  -57.991  -21.674 0.2000000030
136070  51.919  -57.136  -22.749 0.2000000030
12986  50.712  -55.059  -17.902 0.3000000119
10736  49.289  -59.286  -21.023 0.1000000015
140288  47.529  -55.615  -15.340 0.4000000060
12991  53.167  -54.560  -19.176 0.3000000119
12987  49.520  -55.162  -17.870 0.4000000060
12949  46.844  -55.376  -14.883 0.4000000060
144579  46.719  -53.238  -11.375 0.5000000000
16147  46.678  -51.665  -10.685 0.5000000000
16932  47.779  -50.585  -10.195 0.4000000060
12960  47.924  -55.651  -16.047 0.4000000060
13776  46.276  -54.825  -13.387 0.4000000060
14570  46.379  -53.794  -11.923 0.5000000000
156339  46.152  -52.685  -11.330 0.5000000000
16933  46.771  -50.865  -10.442 0.4000000060
133289  51.155  -57.574  -22.783 0.2000000030
12206  52.615  -56.519  -22.025 0.2000000030
12205  53.143  -55.659  -22.700 0.2000000030
13824  53.351  -54.015  -20.013 0.4000000060
12995  53.654  -54.328  -20.902 0.2000000030
13816  52.289  -54.404  -18.790 0.3000000119
157495  53.063  -53.478  -20.183 0.4000000060
13817  51.056  -54.472  -18.686 0.3000000119
14579  45.852  -53.891  -12.416 0.5000000000
16148  46.009  -51.184  -10.780 0.5000000000
147094  46.890  -50.131  -10.275 0.4000000060
139748  47.440  -49.505  -10.256 0.4000000060
13825  52.627  -53.630  -19.649 0.4000000060
12978  48.378  -55.142  -17.627 0.4000000060
12961  46.915  -55.189  -15.910 0.4000000060
14571  45.856  -53.225  -11.847 0.5000000000
12215  52.390  -56.553  -23.379 0.2000000030
130679  50.469  -57.631  -24.035 0.2000000030
12214  52.771  -55.691  -23.912 0.2000000030
18573  47.053  -48.670  -10.444 0.4000000060
13013  53.284  -54.917  -23.259 0.2000000030
13818  49.849  -54.595  -18.633 0.3000000119
13804  47.553  -55.273  -16.860 0.4000000060
152543  46.040  -54.941  -14.406 0.4000000060
10742  48.728  -58.598  -21.651 0.2000000030
12221  51.828  -56.559  -24.486 0.2000000030
13838  53.488  -53.719  -21.818 0.3000000119
13832  52.579  -53.005  -20.623 0.4000000060
18572  48.078  -48.624  -10.484 0.4000000060
13826  51.414  -53.672  -19.407 0.3000000119
13777  45.501  -54.435  -13.708 0.5000000000
16163  45.214  -51.526  -11.302 0.5000000000
19443  49.923  -46.845  -12.130 0.4000000060
11472  49.038  -58.017  -22.311 0.2000000030
130609  50.832  -57.233  -24.915 0.2000000030
13812  47.937  -54.527  -18.340 0.4000000060
143478  46.218  -55.008  -15.297 0.4000000060
16947  45.400  -50.736  -10.892 0.5000000000
17745  46.527  -49.413  -10.312 0.4000000060
131055  48.260  -58.002  -22.308 0.2000000030
130748  51.055  -56.552  -25.114 0.2000000030
13027  52.921  -54.706  -24.061 0.2000000030
13856  52.655  -53.763  -23.633 0.2000000030
13827  50.211  -53.823  -19.352 0.4000000060
14590  44.610  -53.673  -13.583 0.5000000000
15357  44.739  -52.198  -11.874 0.5000000000
141271  47.439  -59.412  -21.458 0.2000000030
14636  51.639  -52.927  -20.094 0.4000000060
13811  48.774  -54.635  -18.489 0.3000000119
13785  45.347  -54.517  -14.491 0.5000000000
150293  45.379  -53.455  -12.430 0.5000000000
141970  46.018  -50.239  -10.470 0.5000000000
130581  46.917  -58.880  -21.861 0.2000000030
21294  50.925  -45.907  -13.652 0.4000000060
22229  52.441  -45.431  -13.434 0.2000000030
19444  49.295  -46.990  -11.847 0.4000000060
19414  47.462  -47.928  -10.801 0.4000000060
130198  50.123  -57.483  -25.045 0.2000000030
14650  52.310  -52.723  -21.772 0.4000000060
17746  45.607  -49.220  -10.538 0.4000000060
19415  46.576  -47.994  -10.785 0.4000000060
130191  48.950  -57.605  -23.283 0.2000000030
130203  51.199  -55.723  -24.982 0.2000000030
13870  52.018  -54.661  -24.467 0.2000000030
131284  49.669  -57.356  -25.080 0.2000000030
20319  48.659  -46.632  -12.151 0.4000000060
19428  47.708  -47.315  -11.340 0.4000000060
19429  46.417  -47.401  -11.245 0.4000000060
13805  46.552  -54.775  -16.979 0.3000000119
15367  44.447  -52.662  -12.500 0.5000000000
16948  44.670  -50.662  -11.236 0.5000000000
18575  45.730  -48.217  -10.748 0.4000000060
14642  51.394  -52.453  -20.953 0.4000000060
13819  48.176  -53.969  -18.998 0.4000000060
13820  47.329  -53.963  -18.669 0.3000000119
13786  44.874  -54.246  -14.998 0.4000000060
154610  51.002  -52.549  -20.386 0.4000000060
15377  44.156  -53.032  -13.190 0.5000000000
152811  50.493  -56.558  -25.289 0.2000000030
20343  48.055  -46.242  -12.432 0.4000000060
16934  45.120  -50.016  -10.788 0.5000000000
16949  43.815  -50.424  -11.592 0.5000000000
13806  45.636  -54.285  -17.044 0.4000000060
14601  44.253  -53.708  -14.571 0.5000000000
16164  44.186  -51.374  -11.815 0.5000000000
14602  43.521  -53.123  -14.480 0.5000000000
14611  44.402  -53.845  -15.513 0.5000000000
152639  51.542  -53.909  -11.116 0.4000000060
13766  48.435  -55.045  -11.976 0.4000000060
20365  50.450  -46.147  -13.158 0.4000000060
19427  48.510  -47.130  -11.552 0.4000000060
16176  43.553  -51.675  -12.506 0.5000000000
11401  53.077  -56.253  -13.376 0.3000000119
12134  52.750  -55.654  -13.434 0.3000000119
12931  52.014  -55.424  -13.006 0.2000000030
12924  52.100  -55.038  -12.346 0.2000000030
10668  51.460  -58.858  -13.259 0.2000000030
155254  52.703  -56.910  -14.415 0.3000000119
12153  51.765  -56.143  -14.999 0.3000000119
140974  50.955  -56.138  -14.453 0.3000000119
10687  52.126  -57.827  -15.325 0.2000000030
12160  52.088  -56.347  -15.994 0.2000000030
136609  51.640  -56.169  -15.493 0.2000000030
12192  52.933  -56.559  -19.507 0.2000000030
8825  45.291  -60.930  -21.831 0.1000000015
8826  44.605  -61.573  -21.972 0.1000000015
12999  46.036  -55.081  -21.909 0.1000000015
11375  52.365  -58.018  -10.243 0.1000000015
12123  53.480  -55.938  -11.995 0.2000000030
12133  53.215  -55.483  -12.870 0.2000000030
11402  52.845  -57.329  -12.795 0.2000000030
11389  53.289  -56.549  -12.409 0.2000000030
10642  50.988  -59.471  -10.057 0.1000000015
142947  51.449  -58.878  -12.409 0.1000000015
133518  52.203  -58.118  -13.085 0.2000000030
10656  51.104  -59.366  -11.304 0.1000000015
10021  50.701  -59.675  -12.332 0.1000000015
10743  47.795  -58.679  -21.736 0.1000000015
9468  45.918  -60.317  -21.628 0.1000000015
130200  48.815  -56.364  -24.202 0.1000000015
130607  49.019  -55.156  -23.821 0.1000000015
13857  49.458  -54.112  -23.422 0.1000000015
14671  49.027  -53.460  -22.798 0.1000000015
130711  47.518  -57.032  -22.927 0.1000000015
130192  48.047  -55.371  -23.257 0.1000000015
130199  48.553  -54.311  -23.079 0.1000000015
14653  49.137  -52.560  -22.105 0.1000000015
149400  47.454  -55.088  -22.791 0.1000000015
157920  46.898  -53.180  -21.941 0.1000000015
15438  47.481  -51.604  -20.806 0.1000000015
14655  46.786  -52.463  -21.512 0.1000000015
16239  46.936  -50.942  -20.446 0.1000000015
11390  52.612  -57.662  -11.570 0.2000000030
10667  51.941  -58.313  -12.001 0.1000000015
14651  51.231  -52.498  -22.038 0.1000000015
130196  48.125  -57.433  -22.980 0.1000000015
130197  49.164  -57.088  -24.694 0.1000000015
13871  51.010  -54.796  -24.484 0.1000000015
14669  50.931  -52.995  -22.966 0.1000000015
15426  49.644  -51.924  -20.902 0.2000000030
153555  48.130  -52.344  -19.642 0.3000000119
14627  44.663  -53.137  -17.544 0.3000000119
14622  43.654  -52.962  -16.357 0.3000000119
9470  45.197  -60.106  -22.104 0.1000000015
130629  47.060  -57.579  -22.337 0.1000000015
14684  50.485  -53.920  -23.652 0.1000000015
15436  49.677  -52.007  -21.527 0.1000000015
15421  48.739  -52.234  -19.979 0.2000000030
15411  45.336  -52.475  -18.277 0.3000000119
15437  48.938  -51.921  -21.231 0.1000000015
145314  46.822  -50.990  -19.117 0.2000000030
15412  44.584  -52.137  -17.911 0.3000000119
16238  47.483  -50.971  -20.157 0.1000000015
16220  46.313  -50.411  -18.833 0.2000000030
16216  44.641  -51.040  -18.012 0.4000000060
15439  46.426  -51.726  -21.145 0.1000000015
17021  46.579  -50.024  -19.495 0.1000000015
17016  45.827  -49.612  -18.873 0.3000000119
15293  51.074  -52.553  -7.545 0.1000000015
13687  51.439  -54.480  -7.431 0.1000000015
16965  43.312  -50.926  -12.155 0.4000000060
16185  43.146  -51.954  -13.227 0.4000000060
14621  44.286  -53.511  -16.464 0.3000000119
14612  43.705  -53.287  -15.477 0.4000000060
15379  42.787  -52.172  -13.928 0.4000000060
15400  42.755  -51.965  -16.328 0.4000000060
16206  42.026  -51.570  -15.021 0.4000000060
150637  43.167  -51.487  -17.086 0.4000000060
16214  42.497  -51.142  -16.612 0.5000000000
16221  45.421  -50.215  -18.414 0.3000000119
16218  43.106  -50.518  -17.262 0.5000000000
16240  45.982  -51.061  -20.848 0.2000000030
16227  46.472  -50.304  -20.124 0.1000000015
140938  44.532  -49.318  -18.251 0.4000000060
14657  44.713  -52.959  -21.519 0.1000000015
15441  44.286  -52.238  -21.382 0.1000000015
16228  45.465  -50.433  -20.530 0.2000000030
17027  45.857  -49.705  -19.677 0.2000000030
135737  43.643  -54.662  -21.227 0.1000000015
13843  43.102  -53.987  -21.261 0.1000000015
153732  44.536  -50.765  -20.825 0.2000000030
13003  42.241  -55.402  -21.163 0.1000000015
135516  42.611  -54.749  -21.163 0.1000000015
17748  44.156  -48.943  -11.093 0.4000000060
144634  44.958  -48.620  -10.833 0.3000000119
17766  43.471  -49.513  -11.475 0.4000000060
16186  42.449  -51.553  -13.534 0.4000000060
16177  42.814  -51.290  -12.800 0.4000000060
16194  42.286  -51.756  -14.221 0.4000000060
152894  42.411  -49.947  -12.223 0.4000000060
135694  42.270  -51.582  -15.896 0.4000000060
17002  41.369  -50.112  -15.330 0.4000000060
16207  41.563  -50.826  -14.944 0.4000000060
17010  42.377  -50.163  -16.781 0.5000000000
17824  43.107  -49.535  -17.447 0.4000000060
17853  45.107  -49.304  -19.434 0.3000000119
17830  44.970  -49.166  -18.709 0.4000000060
17823  43.836  -49.066  -17.976 0.4000000060
14660  41.674  -52.962  -21.517 0.2000000030
15442  43.230  -52.398  -21.308 0.2000000030
17028  44.663  -49.911  -20.195 0.2000000030
134257  41.420  -53.794  -21.594 0.1000000015
14659  42.455  -53.281  -21.329 0.2000000030
10766  41.647  -57.940  -25.933 0.1000000015
145915  43.789  -48.341  -11.320 0.4000000060
19431  44.783  -47.456  -11.374 0.4000000060
18589  42.284  -48.642  -11.910 0.4000000060
18617  40.965  -48.732  -13.268 0.4000000060
145395  41.478  -48.683  -12.482 0.4000000060
17792  40.978  -49.548  -13.811 0.4000000060
17810  41.227  -49.373  -15.613 0.4000000060
17798  40.945  -49.478  -14.801 0.4000000060
146964  41.495  -48.819  -16.258 0.3000000119
18648  42.620  -48.284  -17.683 0.4000000060
18645  41.905  -48.167  -16.918 0.4000000060
17029  43.424  -50.015  -20.224 0.3000000119
152137  44.128  -48.790  -18.960 0.3000000119
18665  44.282  -48.882  -18.683 0.4000000060
14673  40.883  -53.706  -22.233 0.2000000030
15444  41.457  -52.227  -21.585 0.2000000030
16242  42.934  -51.614  -21.112 0.2000000030
16229  43.671  -50.761  -20.762 0.2000000030
13860  40.931  -54.533  -21.959 0.2000000030
10791  43.988  -58.473  -26.795 0.1000000015
10778  42.274  -58.456  -26.447 0.1000000015
11493  42.606  -57.561  -26.294 0.1000000015
20344  47.376  -46.393  -12.176 0.3000000119
20322  44.413  -46.831  -11.771 0.4000000060
143855  45.280  -46.837  -11.667 0.3000000119
19433  42.999  -47.416  -11.858 0.4000000060
20349  42.199  -46.368  -12.415 0.4000000060
19445  42.298  -47.245  -12.189 0.4000000060
19461  41.092  -47.141  -13.367 0.4000000060
19446  41.630  -47.140  -12.655 0.4000000060
152464  40.722  -48.007  -14.559 0.4000000060
140501  40.833  -47.956  -13.711 0.4000000060
131966  41.252  -47.940  -16.172 0.4000000060
19480  40.809  -47.476  -15.281 0.3000000119
17843  41.340  -48.804  -19.993 0.3000000119
17842  42.304  -48.799  -19.488 0.3000000119
18658  42.045  -47.906  -18.585 0.3000000119
19495  42.158  -47.773  -17.991 0.3000000119
18649  41.974  -47.772  -17.445 0.3000000119
15461  40.795  -52.227  -23.534 0.2000000030
16252  40.921  -51.727  -21.853 0.2000000030
17037  41.238  -50.625  -21.051 0.3000000119
17031  41.670  -50.249  -20.631 0.2000000030
17841  43.381  -48.711  -19.186 0.3000000119
18666  43.545  -48.611  -18.696 0.3000000119
15460  40.779  -52.851  -22.687 0.2000000030
16231  41.862  -50.840  -20.836 0.2000000030
14685  40.821  -53.649  -23.140 0.2000000030
21296  48.266  -45.719  -12.955 0.3000000119
133895  48.660  -45.210  -13.465 0.3000000119
21273  47.326  -45.750  -12.621 0.3000000119
153210  46.088  -45.901  -12.216 0.4000000060
143179  46.124  -46.855  -11.666 0.3000000119
21276  43.566  -45.254  -12.320 0.3000000119
22212  45.058  -44.788  -12.512 0.4000000060
146306  42.129  -44.978  -12.739 0.4000000060
22214  42.778  -44.660  -12.614 0.4000000060
20348  43.116  -46.120  -12.160 0.4000000060
22216  41.646  -44.992  -13.043 0.4000000060
20350  41.392  -46.328  -13.008 0.4000000060
22252  40.956  -44.414  -14.347 0.3000000119
20368  40.888  -46.302  -13.909 0.4000000060
21299  41.250  -45.520  -13.357 0.4000000060
149233  41.081  -46.402  -18.793 0.3000000119
21362  41.053  -45.834  -18.256 0.2000000030
21352  41.029  -45.902  -17.574 0.2000000030
21322  40.685  -45.718  -15.849 0.2000000030
134974  40.791  -46.598  -15.553 0.3000000119
20377  40.678  -45.942  -14.837 0.3000000119
19514  40.882  -48.195  -20.054 0.3000000119
19503  41.574  -47.243  -18.305 0.3000000119
20400  41.290  -46.646  -17.131 0.2000000030
157836  41.272  -46.941  -16.643 0.2000000030
16265  41.161  -51.725  -24.324 0.2000000030
17046  40.587  -50.370  -22.352 0.3000000119
17038  40.765  -50.117  -21.532 0.3000000119
17857  41.060  -49.299  -20.527 0.3000000119
21295  49.754  -45.490  -13.652 0.3000000119
20366  49.587  -46.106  -12.995 0.3000000119
144570  49.006  -45.768  -13.202 0.3000000119
22237  41.498  -43.869  -13.802 0.3000000119
23232  40.982  -43.696  -17.003 0.2000000030
131248  41.297  -42.820  -16.804 0.2000000030
23208  41.175  -43.082  -15.141 0.2000000030
152871  41.169  -43.658  -14.539 0.2000000030
138903  41.210  -44.356  -18.626 0.2000000030
22302  40.824  -44.590  -17.162 0.2000000030
22291  40.726  -44.266  -16.321 0.2000000030
23223  40.952  -43.356  -16.073 0.2000000030
21306  51.571  -45.761  -13.985 0.2000000030
12216  40.878  -56.301  -22.014 0.1000000015
13845  41.575  -54.852  -21.420 0.1000000015
17055  40.634  -50.599  -23.216 0.3000000119
15470  41.009  -52.951  -23.898 0.2000000030
13757  51.173  -54.650  -11.624 0.3000000119
12932  50.918  -55.855  -12.976 0.3000000119
12135  51.988  -55.775  -13.705 0.3000000119
131611  51.405  -56.016  -16.245 0.2000000030
153276  51.492  -53.431  -7.642 0.1000000015
11374  53.216  -56.969  -11.005 0.2000000030
12923  52.993  -54.875  -12.481 0.2000000030
14668  52.039  -53.015  -22.883 0.1000000015
14638  49.475  -52.976  -19.744 0.3000000119
14683  51.600  -53.785  -23.779 0.1000000015
19430  45.639  -47.477  -11.215 0.3000000119
14643  50.452  -52.208  -20.622 0.3000000119
14625  46.365  -53.980  -18.094 0.2000000030
15420  49.606  -52.257  -20.349 0.2000000030
131425  49.533  -55.868  -24.616 0.1000000015
11411  52.803  -57.083  -13.747 0.2000000030
12143  52.591  -56.233  -14.055 0.3000000119
10679  52.280  -57.951  -14.082 0.1000000015
11428  52.378  -56.642  -15.438 0.2000000030
13839  47.315  -53.698  -22.314 0.1000000015
151086  48.478  -56.986  -23.774 0.1000000015
130559  47.843  -56.380  -23.275 0.1000000015
130202  49.968  -54.931  -24.224 0.1000000015
14670  49.865  -53.190  -22.839 0.1000000015
14672  48.254  -53.431  -22.483 0.1000000015
14654  47.919  -52.471  -21.674 0.1000000015
15428  47.854  -51.448  -20.271 0.1000000015
14652  50.212  -52.402  -22.155 0.2000000030
14632  46.924  -53.032  -18.962 0.3000000119
15427  48.664  -51.881  -20.523 0.2000000030
15416  47.555  -52.105  -19.372 0.3000000119
15407  43.991  -52.736  -17.148 0.4000000060
15390  42.575  -52.225  -14.661 0.4000000060
15422  47.942  -51.605  -19.964 0.3000000119
149165  46.184  -51.617  -18.726 0.3000000119
15418  45.431  -51.297  -18.384 0.3000000119
17767  42.666  -49.439  -11.866 0.4000000060
16981  41.491  -50.280  -13.457 0.4000000060
14658  43.652  -53.147  -21.367 0.2000000030
143764  43.912  -51.520  -21.164 0.2000000030
141781  43.077  -48.220  -11.555 0.4000000060
16967  41.929  -50.128  -12.703 0.4000000060
15443  42.269  -52.386  -21.342 0.2000000030
20323  43.553  -46.820  -11.949 0.4000000060
17855  42.931  -49.397  -19.757 0.3000000119
16230  42.681  -50.839  -20.757 0.2000000030
16244  41.382  -51.356  -21.320 0.2000000030
21275  44.577  -45.438  -12.255 0.4000000060
21274  45.552  -45.557  -12.286 0.4000000060
20347  44.027  -46.098  -12.046 0.4000000060
18668  41.628  -48.118  -19.349 0.3000000119
16253  40.643  -51.200  -22.483 0.2000000030
16245  40.847  -50.951  -21.668 0.2000000030
21298  46.846  -44.926  -12.861 0.4000000060
22238  41.297  -44.705  -13.560 0.4000000060
148645  40.672  -45.038  -15.019 0.2000000030
20426  40.799  -45.972  -19.755 0.2000000030
136342  41.018  -45.289  -18.962 0.2000000030
144498  40.974  -45.048  -17.958 0.2000000030
135442  40.891  -45.896  -16.800 0.2000000030
22211  45.950  -44.825  -12.647 0.3000000119
21297  47.751  -45.056  -13.167 0.2000000030
22234  46.346  -44.133  -13.058 0.3000000119
22251  49.795  -44.675  -14.276 0.2000000030
11429  52.111  -57.412  -15.889 0.1000000015
134470  51.532  -58.215  -16.280 0.1000000015
11443  52.269  -56.886  -16.896 0.1000000015
149417  52.673  -57.468  -9.760 0.1000000015
12171  52.215  -56.176  -16.469 0.1000000015
11451  51.658  -57.767  -17.928 0.1000000015
136383  52.532  -56.501  -17.634 0.1000000015
146950  52.280  -57.190  -18.134 0.1000000015
23187  53.075  -44.478  -14.072 0.1000000015
141827  52.742  -45.186  -13.868 0.1000000015
23186  53.607  -44.391  -14.437 0.1000000015
22247  53.420  -45.217  -14.551 0.1000000015
22249  52.098  -45.521  -14.358 0.1000000015
22248  52.757  -45.285  -14.509 0.1000000015
22230  50.632  -45.318  -14.172 0.1000000015
156019  51.240  -45.300  -14.489 0.1000000015
22250  50.569  -44.669  -14.635 0.1000000015
22232  48.153  -44.349  -13.733 0.1000000015
22233  47.230  -44.284  -13.328 0.2000000030
23190  49.825  -43.990  -14.761 0.1000000015
23189  50.479  -44.091  -15.174 0.2000000030
22236  44.510  -44.128  -12.717 0.2000000030
24073  49.857  -43.529  -15.267 0.2000000030
23192  47.963  -43.487  -14.170 0.2000000030
23193  47.189  -43.126  -14.061 0.2000000030
22235  45.420  -44.067  -12.856 0.2000000030
24097  50.283  -43.424  -15.802 0.2000000030
24075  48.390  -43.011  -14.698 0.2000000030
24077  46.391  -42.834  -13.949 0.2000000030
23158  43.835  -43.511  -12.949 0.2000000030
23159  42.901  -43.807  -12.893 0.2000000030
23178  43.107  -42.982  -13.312 0.2000000030
24080  42.329  -42.214  -14.394 0.1000000015
23221  51.663  -44.500  -15.997 0.2000000030
24078  45.577  -42.507  -13.928 0.2000000030
24079  44.748  -42.187  -13.948 0.2000000030
24983  44.006  -41.978  -13.983 0.1000000015
24998  44.413  -41.600  -14.458 0.1000000015
24064  43.200  -42.212  -13.939 0.1000000015
22246  54.142  -44.865  -14.608 0.1000000015
22267  53.760  -45.722  -14.965 0.1000000015
23191  48.927  -43.907  -14.339 0.2000000030
145040  47.646  -42.831  -14.492 0.2000000030
17890  40.598  -49.354  -23.212 0.2000000030
17869  40.658  -49.337  -21.210 0.2000000030
143343  40.480  -49.346  -22.284 0.2000000030
17054  40.823  -49.863  -23.804 0.2000000030
17889  40.842  -48.862  -23.849 0.2000000030
19515  40.443  -47.737  -20.693 0.2000000030
18699  40.413  -48.283  -22.428 0.2000000030
152848  40.322  -47.587  -21.755 0.2000000030
18713  41.405  -48.621  -24.727 0.2000000030
19510  40.873  -47.507  -19.756 0.2000000030
140669  40.423  -46.742  -22.214 0.1000000015
19530  40.465  -47.477  -22.607 0.2000000030
20431  40.366  -46.671  -21.186 0.2000000030
20427  40.580  -46.807  -20.215 0.2000000030
20449  40.704  -46.807  -23.219 0.1000000015
20437  40.638  -45.916  -22.606 0.1000000015
144490  40.461  -46.021  -21.833 0.1000000015
21432  41.466  -45.595  -24.160 0.1000000015
157146  42.136  -45.914  -25.280 0.1000000015
22290  52.359  -45.120  -15.828 0.1000000015
21368  40.945  -45.089  -19.840 0.1000000015
21384  40.738  -45.198  -21.928 0.1000000015
21376  40.759  -45.377  -20.490 0.1000000015
20448  40.982  -45.807  -23.441 0.1000000015
21394  40.948  -45.080  -22.861 0.1000000015
21409  41.668  -44.704  -24.051 0.1000000015
21410  41.267  -45.079  -23.560 0.1000000015
23354  42.628  -43.767  -24.861 0.1000000015
23220  52.286  -44.564  -16.702 0.1000000015
20399  56.799  -46.742  -16.471 0.1000000015
21341  54.040  -45.904  -16.220 0.1000000015
152602  41.110  -44.077  -17.823 0.1000000015
22318  41.268  -44.445  -19.497 0.1000000015
140872  40.862  -45.042  -21.131 0.1000000015
22324  41.283  -44.523  -20.523 0.1000000015
22373  41.486  -44.332  -23.142 0.1000000015
22390  42.172  -44.281  -24.535 0.1000000015
137434  41.954  -43.864  -23.753 0.1000000015
21351  54.692  -45.891  -16.862 0.1000000015
24098  49.505  -42.917  -15.597 0.1000000015
23251  42.120  -43.186  -19.456 0.1000000015
23241  41.812  -42.945  -18.623 0.1000000015
136395  42.886  -43.586  -20.830 0.1000000015
135163  42.475  -43.376  -20.181 0.1000000015
134803  41.586  -43.726  -19.083 0.1000000015
23285  42.287  -43.803  -21.316 0.1000000015
22323  42.003  -43.814  -20.655 0.1000000015
137852  43.757  -43.655  -21.953 0.1000000015
22354  41.682  -44.055  -21.779 0.1000000015
22355  41.237  -44.488  -22.287 0.1000000015
22339  41.211  -44.558  -21.477 0.1000000015
23299  43.904  -43.207  -22.381 0.1000000015
23300  42.896  -43.293  -22.183 0.1000000015
140468  41.713  -43.971  -22.428 0.1000000015
135712  42.653  -42.895  -22.884 0.1000000015
22300  53.882  -45.253  -17.152 0.1000000015
24116  51.490  -43.783  -16.924 0.1000000015
154773  41.785  -42.450  -17.982 0.1000000015
22338  44.577  -43.871  -22.062 0.1000000015
23284  43.183  -43.652  -21.535 0.1000000015
151918  41.609  -42.410  -17.381 0.1000000015
19542  41.001  -47.333  -24.040 0.1000000015
20461  41.200  -46.466  -24.062 0.1000000015
23319  42.094  -43.521  -22.863 0.1000000015
150250  42.370  -43.138  -23.593 0.1000000015
24156  42.477  -42.515  -19.145 0.1000000015
13942  46.651  -54.781  -28.766 0.1000000015
14746  46.825  -53.913  -29.655 0.1000000015
134983  47.440  -55.145  -29.357 0.1000000015
13100  47.160  -55.458  -28.629 0.1000000015
11519  48.426  -57.109  -29.635 0.1000000015
10174  47.654  -58.257  -30.376 0.1000000015
10815  46.190  -58.823  -31.000 0.1000000015
13101  46.284  -55.048  -27.982 0.1000000015
13943  46.252  -54.136  -29.038 0.1000000015
12278  48.023  -55.848  -29.415 0.1000000015
12279  47.744  -56.193  -28.631 0.1000000015
15529  46.671  -53.019  -30.039 0.1000000015
144364  45.460  -53.015  -28.853 0.1000000015
14725  45.184  -53.874  -27.926 0.1000000015
13914  45.481  -54.596  -27.519 0.1000000015
12270  46.721  -55.714  -27.771 0.1000000015
136452  47.574  -53.800  -30.274 0.1000000015
14726  44.646  -53.317  -27.653 0.1000000015
13915  44.656  -54.059  -27.152 0.1000000015
152091  47.134  -52.262  -30.642 0.1000000015
138783  46.162  -51.977  -30.013 0.1000000015
16317  45.871  -51.055  -29.921 0.1000000015
16329  47.659  -51.602  -31.151 0.1000000015
16330  46.675  -51.348  -30.545 0.1000000015
17120  47.205  -50.710  -30.983 0.1000000015
14737  45.600  -53.663  -28.626 0.1000000015
10816  44.764  -58.792  -30.553 0.1000000015
6834  44.547  -65.383  -4.651 0.1000000015
6844  44.577  -65.160  -5.401 0.1000000015
6870  41.405  -64.832  -9.084 0.1000000015
7417  46.416  -62.909  -3.050 0.1000000015
7989  46.091  -61.792  0.328 0.1000000015
8006  47.127  -61.996  -1.801 0.1000000015
8078  40.483  -63.028  -8.845 0.1000000015
8079  40.033  -62.510  -9.099 0.1000000015
8106  38.770  -62.377  -10.974 0.1000000015
8122  37.298  -62.280  -11.545 0.1000000015
8619  46.149  -60.154  0.998 0.1000000015
8644  47.368  -61.129  -1.490 0.1000000015
8672  43.891  -62.452  -4.267 0.1000000015
8755  36.872  -61.488  -11.579 0.1000000015
9260  45.288  -60.399  1.358 0.1000000015
9300  47.282  -60.547  -1.810 0.1000000015
9369  38.137  -60.983  -10.345 0.1000000015
9485  40.764  -60.196  -24.931 0.1000000015
9913  46.067  -59.259  -1.502 0.1000000015
9966  38.992  -60.012  -7.149 0.1000000015
9976  38.099  -59.429  -8.430 0.1000000015
10037  35.929  -58.979  -13.229 0.1000000015
10101  46.552  -59.678  -21.584 0.1000000015
10111  40.473  -59.199  -24.341 0.1000000015
10128  40.839  -59.814  -25.523 0.1000000015
10572  44.038  -58.824  -2.212 0.1000000015
10625  37.741  -58.568  -8.403 0.1000000015
10671  43.157  -57.924  -13.008 0.1000000015
10690  43.795  -58.730  -14.267 0.1000000015
10697  42.512  -58.183  -15.260 0.1000000015
10708  40.622  -58.402  -16.640 0.1000000015
10759  40.609  -59.052  -25.229 0.1000000015
10767  40.900  -58.317  -25.484 0.2000000030
11256  43.080  -58.143  1.056 0.1000000015
11306  41.273  -57.126  -3.424 0.1000000015
11314  40.716  -57.111  -3.913 0.1000000015
11315  40.016  -57.065  -4.453 0.1000000015
11340  37.811  -57.399  -7.669 0.1000000015
11363  37.516  -57.340  -9.679 0.1000000015
11392  43.642  -57.589  -11.533 0.1000000015
11414  40.145  -56.691  -13.974 0.1000000015
11420  52.515  -57.303  -14.872 0.1000000015
11424  38.633  -57.034  -14.526 0.1000000015
11438  52.096  -57.270  -16.516 0.1000000015
11450  52.271  -57.075  -17.427 0.1000000015
11457  52.320  -57.327  -19.069 0.2000000030
11471  49.685  -57.761  -23.075 0.2000000030
11478  51.498  -57.257  -23.872 0.2000000030
11518  48.411  -56.678  -29.951 0.1000000015
12042  39.018  -56.414  -5.518 0.1000000015
12062  48.912  -56.148  -7.561 0.1000000015
12063  46.839  -55.963  -8.116 0.1000000015
12065  37.783  -56.798  -8.266 0.1000000015
12070  52.653  -56.269  -7.662 0.2000000030
12078  44.806  -55.910  -8.891 0.1000000015
12101  38.216  -56.100  -9.852 0.1000000015
12110  53.183  -56.766  -9.793 0.1000000015
12137  40.241  -56.276  -12.672 0.1000000015
12139  38.085  -56.664  -12.533 0.1000000015
12140  37.885  -56.729  -11.857 0.1000000015
12144  51.927  -55.993  -14.410 0.3000000119
12152  52.407  -56.445  -14.764 0.3000000119
12177  52.367  -56.203  -17.049 0.1000000015
12210  41.585  -55.905  -21.445 0.1000000015
12228  40.633  -56.541  -23.958 0.2000000030
12820  40.866  -55.272  -3.057 0.1000000015
12851  38.633  -55.293  -6.995 0.1000000015
12865  38.350  -55.688  -7.643 0.1000000015
12885  44.958  -54.736  -8.076 0.1000000015
12903  53.316  -55.903  -8.595 0.3000000119
12904  43.457  -55.677  -9.341 0.1000000015
12930  52.784  -55.213  -12.958 0.2000000030
12937  49.839  -56.028  -13.109 0.4000000060
12938  48.766  -55.916  -13.271 0.5000000000
12939  47.791  -55.706  -13.526 0.4000000060
12940  46.904  -55.387  -13.928 0.4000000060
12969  48.622  -55.613  -16.696 0.4000000060
12975  52.537  -55.735  -17.596 0.3000000119
12976  51.670  -55.547  -17.216 0.4000000060
12990  53.529  -54.911  -19.946 0.2000000030
12998  53.552  -54.660  -22.166 0.2000000030
13002  43.126  -55.402  -21.110 0.1000000015
13015  40.931  -55.401  -21.909 0.1000000015
13028  52.033  -55.638  -24.649 0.2000000030
13029  40.616  -55.761  -22.744 0.2000000030
13041  41.299  -55.882  -24.646 0.2000000030
13054  43.114  -55.353  -25.819 0.1000000015
13649  41.358  -54.609  -0.614 0.1000000015
13674  39.996  -54.565  -4.265 0.1000000015
13689  49.483  -54.865  -7.302 0.1000000015
13691  47.362  -54.658  -7.494 0.1000000015
13744  53.609  -54.712  -10.478 0.3000000119
13769  45.846  -54.342  -12.972 0.5000000000
13795  45.933  -54.747  -16.090 0.4000000060
13828  49.121  -53.937  -19.203 0.4000000060
13831  53.313  -53.529  -20.763 0.4000000060
13844  42.150  -54.143  -21.277 0.1000000015
13855  53.341  -54.065  -23.014 0.2000000030
13858  47.725  -54.457  -22.722 0.1000000015
13859  46.904  -54.839  -22.446 0.1000000015
13872  40.764  -54.378  -22.719 0.2000000030
13882  41.037  -54.323  -23.741 0.2000000030
13929  45.891  -54.358  -28.298 0.1000000015
13941  47.702  -54.616  -29.938 0.1000000015
14477  39.637  -53.020  -4.082 0.1000000015
14514  42.087  -53.250  -7.784 0.1000000015
14517  39.740  -53.674  -7.215 0.1000000015
14559  48.026  -53.161  -10.733 0.4000000060
14580  45.281  -53.900  -13.058 0.5000000000
14581  44.819  -53.293  -12.790 0.5000000000
14591  43.966  -53.289  -13.874 0.5000000000
14600  44.899  -54.167  -14.148 0.5000000000
14610  45.032  -54.244  -16.060 0.4000000060
14620  44.944  -53.835  -17.021 0.3000000119
14626  45.432  -53.512  -17.842 0.3000000119
14631  47.752  -53.106  -19.225 0.3000000119
14633  46.119  -52.805  -18.596 0.3000000119
14637  50.564  -52.823  -19.972 0.4000000060
14639  48.557  -53.094  -19.496 0.3000000119
14641  53.053  -53.130  -21.483 0.3000000119
14667  53.007  -53.222  -22.524 0.4000000060
14715  42.687  -53.207  -25.939 0.2000000030
14747  46.019  -53.405  -29.306 0.1000000015
15264  39.515  -52.132  -4.585 0.1000000015
15290  54.137  -52.687  -7.595 0.2000000030
15294  48.084  -53.416  -7.401 0.1000000015
15299  42.616  -52.742  -7.425 0.1000000015
15342  47.331  -52.074  -10.616 0.5000000000
15354  47.375  -52.840  -10.855 0.5000000000
15355  46.700  -52.432  -10.954 0.5000000000
15356  45.503  -52.447  -11.552 0.5000000000
15366  45.111  -52.902  -12.129 0.5000000000
15368  43.801  -52.363  -12.884 0.5000000000
15378  43.449  -52.694  -13.680 0.4000000060
15389  43.013  -52.766  -15.054 0.4000000060
15399  43.121  -52.652  -15.905 0.3000000119
15408  43.372  -52.336  -16.743 0.4000000060
15413  43.886  -51.804  -17.481 0.4000000060
15417  46.869  -51.905  -19.047 0.3000000119
15423  47.335  -51.178  -19.532 0.2000000030
15425  50.418  -52.140  -21.336 0.2000000030
15440  45.355  -51.981  -21.363 0.2000000030
15450  40.896  -52.384  -22.018 0.2000000030
15451  40.707  -51.985  -22.623 0.2000000030
15530  45.738  -52.559  -29.377 0.1000000015
16021  42.026  -51.347  1.503 0.1000000015
16035  41.502  -51.363  0.944 0.1000000015
16071  40.085  -51.297  -5.566 0.1000000015
16072  39.684  -51.386  -4.928 0.1000000015
16083  42.363  -51.599  -6.780 0.1000000015
16084  41.421  -51.409  -6.494 0.1000000015
16085  40.676  -51.259  -6.086 0.1000000015
16116  55.383  -52.018  -8.730 0.2000000030
16145  47.988  -51.647  -10.312 0.4000000060
16175  44.138  -52.065  -12.295 0.5000000000
16195  41.771  -51.100  -14.052 0.4000000060
16217  43.875  -50.794  -17.640 0.4000000060
16223  47.513  -50.875  -19.890 0.1000000015
16224  46.907  -50.447  -19.489 0.2000000030
16226  47.098  -50.520  -19.868 0.1000000015
16241  44.930  -51.302  -21.140 0.2000000030
16243  42.068  -51.575  -21.170 0.2000000030
16260  40.722  -51.429  -23.407 0.2000000030
16273  42.387  -51.976  -25.765 0.3000000119
16274  41.828  -51.829  -25.174 0.3000000119
16290  43.612  -50.747  -27.208 0.2000000030
16302  44.952  -50.837  -28.933 0.2000000030
16318  45.360  -51.559  -29.246 0.2000000030
16811  43.114  -50.096  1.033 0.1000000015
16814  40.875  -50.844  -0.077 0.1000000015
16834  41.100  -50.157  -0.269 0.1000000015
16848  39.696  -50.681  -2.840 0.1000000015
16883  42.144  -50.332  -6.300 0.1000000015
16893  55.939  -50.185  -7.655 0.2000000030
16899  46.154  -50.674  -6.868 0.1000000015
16931  48.761  -50.321  -10.076 0.5000000000
16950  43.014  -50.153  -11.913 0.4000000060
16966  42.569  -50.573  -12.457 0.4000000060
16980  42.076  -50.891  -13.101 0.4000000060
16991  41.257  -50.273  -14.390 0.4000000060
17001  41.831  -50.807  -15.904 0.4000000060
17012  44.642  -50.045  -18.075 0.3000000119
17013  43.883  -49.821  -17.766 0.4000000060
17015  46.475  -49.873  -19.172 0.3000000119
17017  45.156  -49.552  -18.465 0.3000000119
17022  46.149  -49.682  -19.207 0.2000000030
17030  42.373  -50.173  -20.369 0.2000000030
17078  43.336  -49.984  -26.894 0.2000000030
17087  44.204  -50.024  -28.049 0.2000000030
17088  43.802  -50.022  -27.534 0.2000000030
17612  41.472  -49.535  -0.699 0.1000000015
17641  41.180  -49.287  -1.474 0.1000000015
17656  40.317  -49.493  -2.524 0.1000000015
17674  53.386  -49.180  -5.697 0.1000000015
17679  40.820  -49.829  -5.219 0.1000000015
17687  54.601  -49.710  -6.007 0.3000000119
17692  47.278  -49.703  -6.301 0.1000000015
17696  43.560  -50.339  -6.487 0.1000000015
17704  55.753  -49.607  -7.409 0.3000000119
17709  42.499  -49.400  -6.385 0.1000000015
17710  41.907  -49.101  -6.256 0.1000000015
17732  55.721  -49.271  -9.827 0.4000000060
17743  54.322  -49.470  -10.627 0.5000000000
17747  44.829  -49.332  -10.860 0.5000000000
17765  44.341  -49.823  -11.168 0.5000000000
17779  41.968  -49.406  -12.295 0.4000000060
17780  41.366  -49.495  -12.933 0.4000000060
17820  41.694  -49.757  -16.213 0.5000000000
17822  44.296  -48.984  -18.403 0.4000000060
17839  45.530  -49.350  -19.107 0.2000000030
17840  44.798  -48.981  -19.016 0.3000000119
17854  44.152  -49.185  -19.488 0.3000000119
17856  41.798  -49.567  -20.151 0.2000000030
17868  41.140  -49.911  -20.800 0.3000000119
17899  41.212  -49.388  -24.426 0.2000000030
18468  40.898  -49.080  -2.282 0.1000000015
18484  43.230  -48.321  -3.903 0.1000000015
18487  41.012  -48.725  -3.773 0.1000000015
18501  44.604  -48.562  -4.662 0.1000000015
18503  42.280  -48.332  -4.280 0.1000000015
18504  41.502  -48.550  -4.393 0.1000000015
18517  41.450  -48.763  -5.108 0.1000000015
18518  40.991  -49.241  -5.002 0.1000000015
18530  45.948  -49.216  -5.956 0.1000000015
18533  41.706  -48.712  -5.844 0.1000000015
18534  41.698  -48.552  -6.270 0.1000000015
18543  43.704  -49.365  -6.382 0.1000000015
18544  42.817  -49.143  -6.480 0.1000000015
18567  54.022  -48.701  -10.680 0.5000000000
18570  50.495  -48.447  -10.699 0.5000000000
18574  46.282  -48.687  -10.479 0.4000000060
18587  44.423  -48.130  -11.132 0.4000000060
18588  43.473  -48.802  -11.371 0.4000000060
18590  41.799  -47.900  -12.251 0.4000000060
18626  40.760  -48.737  -14.235 0.4000000060
18637  40.889  -48.578  -15.319 0.4000000060
18656  43.559  -48.700  -18.245 0.4000000060
18657  42.818  -48.283  -18.333 0.3000000119
18667  42.694  -48.313  -18.905 0.3000000119
18676  40.694  -48.676  -20.647 0.2000000030
18684  40.412  -48.511  -21.495 0.2000000030
18707  40.651  -47.947  -23.364 0.2000000030
18725  43.281  -48.461  -26.895 0.3000000119
18741  45.095  -48.046  -28.904 0.1000000015
19364  43.700  -48.520  -6.019 0.1000000015
19365  43.023  -48.029  -5.960 0.1000000015
19366  42.361  -47.706  -5.969 0.1000000015
19375  43.011  -48.161  -6.499 0.1000000015
19376  41.760  -48.050  -6.157 0.1000000015
19384  42.202  -48.757  -6.596 0.1000000015
19385  41.764  -48.240  -6.605 0.1000000015
19412  49.873  -47.957  -10.917 0.5000000000
19432  43.862  -47.595  -11.557 0.4000000060
19469  40.763  -47.258  -14.238 0.4000000060
19493  41.545  -47.402  -16.871 0.3000000119
19496  41.671  -47.234  -17.627 0.2000000030
19509  41.385  -47.309  -19.010 0.3000000119
19556  42.282  -47.485  -25.739 0.2000000030
20217  51.426  -46.175  -1.724 0.1000000015
20233  52.545  -46.707  -2.532 0.1000000015
20276  42.136  -47.822  -6.948 0.1000000015
20284  41.818  -48.304  -6.674 0.1000000015
20320  47.891  -46.755  -11.884 0.4000000060
20321  47.024  -46.923  -11.678 0.3000000119
20324  42.831  -46.793  -12.115 0.4000000060
20341  50.163  -46.509  -12.605 0.4000000060
20342  49.401  -46.533  -12.421 0.4000000060
20345  46.590  -46.248  -12.144 0.3000000119
20346  44.942  -46.178  -12.016 0.4000000060
20367  48.820  -46.180  -12.721 0.3000000119
20385  40.994  -46.514  -16.373 0.2000000030
20403  41.313  -46.549  -17.959 0.2000000030
20420  40.886  -46.792  -19.474 0.2000000030
20460  41.729  -46.274  -24.848 0.2000000030
20472  42.811  -46.269  -26.152 0.2000000030
20483  43.307  -46.531  -26.665 0.1000000015
20492  44.447  -46.426  -27.626 0.1000000015
20500  46.251  -45.859  -28.725 0.1000000015
21141  50.266  -45.745  -1.899 0.1000000015
21162  45.408  -44.692  -4.024 0.1000000015
21277  42.579  -45.474  -12.447 0.4000000060
21278  41.816  -45.591  -12.779 0.4000000060
21307  40.864  -45.306  -14.124 0.4000000060
21342  53.416  -45.537  -16.402 0.1000000015
21343  40.698  -45.114  -16.540 0.2000000030
21350  56.139  -46.552  -17.046 0.1000000015
21385  40.563  -45.711  -21.187 0.1000000015
21431  41.992  -45.265  -24.890 0.1000000015
22079  48.124  -44.809  -1.896 0.1000000015
22121  43.987  -44.009  -5.500 0.2000000030
22213  43.642  -44.337  -12.618 0.3000000119
22215  41.991  -44.285  -13.041 0.4000000060
22231  49.056  -44.728  -13.915 0.2000000030
22270  51.301  -44.864  -15.000 0.1000000015
22271  40.795  -44.069  -15.305 0.2000000030
22289  52.859  -45.388  -16.134 0.1000000015
22301  53.048  -44.940  -16.937 0.1000000015
22353  45.063  -43.942  -22.508 0.1000000015
23016  45.135  -42.507  -1.689 0.1000000015
23175  47.465  -43.747  -13.748 0.2000000030
23176  45.768  -43.300  -13.396 0.2000000030
23177  44.782  -43.395  -13.128 0.2000000030
23179  42.251  -43.401  -13.456 0.2000000030
23194  41.728  -42.985  -14.249 0.2000000030
23207  51.044  -44.183  -15.599 0.2000000030
23222  50.936  -43.661  -16.301 0.1000000015
23252  41.763  -43.842  -19.900 0.1000000015
23301  42.259  -43.645  -22.003 0.1000000015
23336  42.316  -43.538  -24.219 0.1000000015
24062  45.003  -42.796  -13.555 0.2000000030
24063  44.098  -42.667  -13.470 0.2000000030
24065  42.494  -42.715  -13.813 0.3000000119
24074  49.208  -43.295  -14.990 0.2000000030
24132  42.080  -41.741  -17.602 0.1000000015
24133  41.381  -43.132  -17.738 0.1000000015
24890  40.658  -41.310  -4.762 0.1000000015
24999  43.582  -41.590  -14.462 0.1000000015
25000  42.879  -41.728  -14.559 0.1000000015
25018  44.834  -41.252  -15.087 0.1000000015
130169  40.765  -59.543  -23.540 0.1000000015
130180  42.043  -59.070  -22.299 0.1000000015
130182  44.743  -58.495  -21.836 0.1000000015
130184  46.500  -58.296  -21.998 0.2000000030
130187  49.657  -57.538  -24.371 0.2000000030
130201  50.253  -57.162  -25.354 0.2000000030
130725  49.711  -56.797  -25.205 0.1000000015
130783  41.299  -57.999  -15.989 0.1000000015
130882  49.049  -57.338  -24.208 0.1000000015
131477  37.314  -58.123  -10.120 0.1000000015
132107  41.967  -57.196  -13.449 0.1000000015
132141  46.739  -57.093  -22.404 0.1000000015
134447  40.534  -48.764  -23.046 0.2000000030
134597  44.987  -50.019  -6.589 0.1000000015
134676  40.567  -49.913  -22.991 0.2000000030
134969  50.341  -55.857  -24.995 0.1000000015
135567  38.609  -56.347  -12.171 0.1000000015
135580  43.736  -58.432  -21.731 0.1000000015
136000  40.979  -50.785  -24.095 0.2000000030
136048  44.995  -53.697  -7.530 0.1000000015
136741  41.405  -43.635  -18.387 0.1000000015
136772  42.289  -56.781  -0.298 0.1000000015
137155  52.259  -46.426  -1.698 0.1000000015
137214  48.262  -51.767  -20.847 0.1000000015
137817  46.743  -43.552  -13.563 0.2000000030
137982  41.210  -47.911  -12.881 0.4000000060
138071  46.662  -46.120  -29.283 0.1000000015
138342  40.986  -48.095  -24.171 0.1000000015
138703  45.542  -54.654  -15.224 0.5000000000
138896  40.512  -53.458  -2.247 0.1000000015
139104  44.157  -53.855  -21.407 0.1000000015
139199  55.389  -46.311  -16.634 0.1000000015
139306  42.959  -48.934  -11.568 0.4000000060
139458  41.446  -52.855  1.086 0.1000000015
141560  45.739  -52.093  -7.204 0.1000000015
141736  40.712  -46.716  -14.754 0.3000000119
142214  42.289  -48.221  -25.813 0.2000000030
142650  41.126  -47.154  -16.163 0.3000000119
143046  41.327  -48.674  -2.940 0.1000000015
143574  49.808  -51.199  -10.127 0.5000000000
143771  44.276  -44.777  -12.454 0.4000000060
144306  46.644  -54.774  -7.601 0.1000000015
144394  41.114  -52.999  -21.871 0.2000000030
144446  52.086  -51.624  -6.902 0.1000000015
144630  47.303  -54.662  -17.772 0.4000000060
144753  40.642  -44.840  -15.805 0.2000000030
144918  36.239  -58.998  -15.857 0.1000000015
144932  41.723  -49.339  -5.980 0.1000000015
145282  44.209  -47.976  -27.888 0.1000000015
145310  44.377  -48.819  -5.794 0.1000000015
146960  46.401  -45.536  -12.458 0.4000000060
146983  47.038  -47.507  -11.180 0.4000000060
147115  43.834  -36.763  -11.139 0.1000000015
147361  54.511  -50.196  -10.540 0.4000000060
147390  45.770  -46.266  -12.003 0.3000000119
148901  41.478  -52.482  -24.662 0.3000000119
149237  46.007  -52.027  -11.018 0.5000000000
149432  40.555  -46.104  -20.555 0.1000000015
149443  43.032  -52.636  -14.348 0.4000000060
149574  46.940  -54.528  -29.356 0.1000000015
149722  41.663  -44.140  -21.147 0.1000000015
150572  42.618  -47.587  -6.358 0.1000000015
150664  42.385  -48.304  -4.815 0.1000000015
151122  40.838  -45.321  -17.225 0.2000000030
151152  42.323  -49.054  -17.037 0.4000000060
151999  42.573  -52.182  -15.477 0.4000000060
152422  42.596  -57.947  -2.550 0.1000000015
152687  40.265  -53.333  -2.823 0.1000000015
152901  41.401  -46.989  -24.579 0.1000000015
153016  43.144  -48.818  -17.691 0.4000000060
153271  45.086  -47.943  -10.972 0.4000000060
153962  40.550  -61.596  -6.368 0.1000000015
155066  41.867  -47.481  -6.434 0.1000000015
155315  46.334  -62.486  -3.247 0.1000000015
155534  41.977  -54.799  -25.018 0.2000000030
155681  41.281  -51.853  0.800 0.1000000015
155925  45.058  -54.068  -13.618 0.5000000000
156255  41.976  -54.859  -9.209 0.1000000015
156373  44.841  -64.921  -3.582 0.1000000015
156585  42.446  -47.874  -11.904 0.4000000060
157205  40.616  -57.370  -22.792 0.2000000030
157376  46.086  -47.748  -10.961 0.4000000060
157620  47.476  -53.757  -7.360 0.1000000015
157654  46.640  -50.718  -6.938 0.1000000015
