#!ascii label  , from subject freesurfer vox2ras=TkReg
297
19391  53.987  -47.461  -8.872 0.0000000000
13804  47.553  -55.273  -16.860 0.0000000000
15313  53.536  -53.325  -7.824 0.0000000000
15339  49.725  -52.643  -10.359 0.0000000000
11411  52.803  -57.083  -13.747 0.0000000000
12093  53.523  -56.008  -9.649 0.0000000000
10642  50.988  -59.471  -10.057 0.0000000000
13767  47.476  -54.776  -12.171 0.0000000000
16933  46.771  -50.865  -10.442 0.0000000000
17720  56.116  -49.608  -8.275 0.0000000000
15335  53.947  -52.507  -10.408 0.0000000000
12924  52.100  -55.038  -12.346 0.0000000000
12162  49.559  -56.124  -15.571 0.0000000000
11443  52.269  -56.886  -16.896 0.0000000000
20282  49.597  -46.038  -8.184 0.0000000000
19370  52.460  -48.423  -6.239 0.0000000000
16082  52.625  -51.030  -6.450 0.0000000000
146035  50.250  -49.049  -10.408 0.0000000000
11343  51.017  -58.050  -7.544 0.0000000000
12949  46.844  -55.376  -14.883 0.0000000000
14579  45.852  -53.891  -12.416 0.0000000000
16093  55.338  -51.586  -7.770 0.0000000000
14532  54.387  -53.175  -8.890 0.0000000000
11389  53.289  -56.549  -12.409 0.0000000000
12922  53.347  -55.149  -12.080 0.0000000000
12134  52.750  -55.654  -13.434 0.0000000000
12145  50.886  -56.083  -13.756 0.0000000000
12153  51.765  -56.143  -14.999 0.0000000000
12984  52.909  -55.169  -18.293 0.0000000000
18525  51.752  -48.549  -5.694 0.0000000000
17675  53.069  -49.418  -5.665 0.0000000000
17689  51.246  -49.537  -5.712 0.0000000000
143576  51.856  -51.148  -10.473 0.0000000000
16930  50.196  -50.444  -10.195 0.0000000000
17746  45.607  -49.220  -10.538 0.0000000000
18573  47.053  -48.670  -10.444 0.0000000000
13719  52.253  -54.824  -7.492 0.0000000000
12880  53.488  -55.256  -8.602 0.0000000000
148671  52.457  -56.994  -7.896 0.0000000000
11356  52.070  -58.076  -8.979 0.0000000000
10667  51.941  -58.313  -12.001 0.0000000000
14568  48.574  -53.797  -10.942 0.0000000000
16144  48.776  -52.143  -10.265 0.0000000000
144579  46.719  -53.238  -11.375 0.0000000000
16163  45.214  -51.526  -11.302 0.0000000000
13819  48.176  -53.969  -18.998 0.0000000000
18554  55.480  -48.391  -8.628 0.0000000000
16140  53.727  -51.673  -10.529 0.0000000000
15337  51.911  -52.672  -10.580 0.0000000000
14554  53.605  -54.028  -10.363 0.0000000000
13746  52.737  -54.049  -11.302 0.0000000000
13747  50.345  -54.088  -11.062 0.0000000000
12926  49.490  -55.211  -11.960 0.0000000000
151696  48.559  -56.085  -13.994 0.0000000000
12959  48.846  -55.914  -16.032 0.0000000000
10687  52.126  -57.827  -15.325 0.0000000000
131611  51.405  -56.016  -16.245 0.0000000000
12977  50.396  -55.480  -17.173 0.0000000000
13818  49.849  -54.595  -18.633 0.0000000000
21199  50.205  -45.805  -8.721 0.0000000000
134187  51.529  -46.523  -8.619 0.0000000000
19381  51.517  -47.467  -7.260 0.0000000000
19379  53.580  -47.819  -7.785 0.0000000000
18522  54.710  -49.121  -6.517 0.0000000000
16876  55.085  -50.257  -6.422 0.0000000000
16094  53.955  -51.938  -7.075 0.0000000000
16096  51.155  -51.688  -7.266 0.0000000000
153276  51.492  -53.431  -7.642 0.0000000000
139669  48.397  -49.594  -10.210 0.0000000000
151278  53.059  -46.755  -9.145 0.0000000000
20293  53.085  -46.330  -9.674 0.0000000000
19403  53.538  -46.943  -9.425 0.0000000000
12961  46.915  -55.189  -15.910 0.0000000000
152543  46.040  -54.941  -14.406 0.0000000000
15289  54.807  -52.547  -8.191 0.0000000000
15312  54.193  -53.161  -8.120 0.0000000000
11402  52.845  -57.329  -12.795 0.0000000000
11401  53.077  -56.253  -13.376 0.0000000000
12143  52.591  -56.233  -14.055 0.0000000000
155254  52.703  -56.910  -14.415 0.0000000000
138058  53.324  -55.811  -19.998 0.0000000000
17676  51.694  -49.065  -5.432 0.0000000000
16142  51.362  -51.926  -10.407 0.0000000000
143575  50.764  -51.180  -10.253 0.0000000000
16143  50.308  -51.912  -10.230 0.0000000000
18575  45.730  -48.217  -10.748 0.0000000000
12882  52.411  -55.570  -7.359 0.0000000000
12071  52.004  -56.848  -7.230 0.0000000000
11357  51.276  -58.564  -8.371 0.0000000000
10628  51.520  -58.780  -9.493 0.0000000000
10655  51.768  -58.661  -10.762 0.0000000000
13760  47.973  -54.334  -11.501 0.0000000000
14569  47.590  -53.588  -11.137 0.0000000000
13761  47.073  -54.052  -11.712 0.0000000000
14571  45.856  -53.225  -11.847 0.0000000000
15357  44.739  -52.198  -11.874 0.0000000000
16948  44.670  -50.662  -11.236 0.0000000000
18539  55.859  -48.990  -7.972 0.0000000000
17721  56.028  -48.975  -8.965 0.0000000000
17731  56.084  -49.795  -9.234 0.0000000000
16141  52.688  -52.009  -10.551 0.0000000000
15336  53.001  -52.953  -10.548 0.0000000000
12902  53.649  -55.340  -9.557 0.0000000000
13732  53.715  -54.637  -9.552 0.0000000000
12915  53.629  -55.344  -10.434 0.0000000000
12923  52.993  -54.875  -12.481 0.0000000000
13755  53.123  -54.595  -11.797 0.0000000000
13756  52.346  -54.569  -11.768 0.0000000000
152639  51.542  -53.909  -11.116 0.0000000000
13757  51.173  -54.650  -11.624 0.0000000000
13758  49.999  -54.710  -11.507 0.0000000000
12925  50.799  -55.320  -12.201 0.0000000000
12146  49.736  -56.216  -14.023 0.0000000000
12947  49.031  -56.177  -14.741 0.0000000000
142226  48.397  -55.918  -15.372 0.0000000000
10719  49.351  -59.197  -16.988 0.0000000000
11444  51.883  -57.650  -17.216 0.0000000000
10705  51.267  -58.271  -16.947 0.0000000000
134470  51.532  -58.215  -16.280 0.0000000000
11429  52.111  -57.412  -15.889 0.0000000000
12160  52.088  -56.347  -15.994 0.0000000000
12171  52.215  -56.176  -16.469 0.0000000000
12991  53.167  -54.560  -19.176 0.0000000000
12985  51.944  -55.026  -17.971 0.0000000000
12986  50.712  -55.059  -17.902 0.0000000000
13817  51.056  -54.472  -18.686 0.0000000000
21200  49.575  -45.417  -8.825 0.0000000000
137321  50.530  -46.434  -8.187 0.0000000000
151247  51.862  -47.980  -6.540 0.0000000000
19371  51.229  -47.774  -6.383 0.0000000000
19380  52.491  -47.739  -7.307 0.0000000000
18542  53.253  -48.322  -6.690 0.0000000000
18541  54.196  -48.439  -7.116 0.0000000000
18523  53.794  -48.862  -6.157 0.0000000000
16878  53.177  -50.183  -5.868 0.0000000000
16862  53.814  -49.641  -5.710 0.0000000000
16877  54.275  -50.338  -5.970 0.0000000000
16080  54.733  -51.190  -6.749 0.0000000000
16081  53.665  -51.129  -6.395 0.0000000000
16098  49.420  -51.739  -7.496 0.0000000000
145119  50.299  -52.169  -7.552 0.0000000000
15292  52.101  -52.456  -7.348 0.0000000000
16146  47.297  -51.370  -10.421 0.0000000000
143362  48.832  -51.197  -10.091 0.0000000000
16932  47.779  -50.585  -10.195 0.0000000000
18572  48.078  -48.624  -10.484 0.0000000000
13775  47.110  -55.150  -12.988 0.0000000000
13768  46.535  -54.433  -12.470 0.0000000000
16092  55.846  -50.856  -7.932 0.0000000000
16910  56.093  -50.408  -8.550 0.0000000000
16115  55.807  -51.278  -8.708 0.0000000000
14542  54.343  -52.992  -9.831 0.0000000000
11374  53.216  -56.969  -11.005 0.0000000000
140877  53.565  -55.856  -10.960 0.0000000000
12123  53.480  -55.938  -11.995 0.0000000000
12133  53.215  -55.483  -12.870 0.0000000000
12931  52.014  -55.424  -13.006 0.0000000000
12932  50.918  -55.855  -12.976 0.0000000000
12135  51.988  -55.775  -13.705 0.0000000000
140974  50.955  -56.138  -14.453 0.0000000000
12154  50.490  -56.196  -15.019 0.0000000000
136383  52.532  -56.501  -17.634 0.0000000000
12184  52.882  -56.302  -18.348 0.0000000000
12191  53.248  -55.515  -19.103 0.0000000000
18524  53.083  -48.784  -5.891 0.0000000000
18508  52.550  -48.986  -5.504 0.0000000000
17688  52.228  -49.593  -5.714 0.0000000000
141576  52.220  -50.384  -6.119 0.0000000000
16929  51.193  -50.388  -10.358 0.0000000000
139671  50.613  -49.668  -10.332 0.0000000000
141970  46.018  -50.239  -10.470 0.0000000000
147094  46.890  -50.131  -10.275 0.0000000000
17745  46.527  -49.413  -10.312 0.0000000000
19415  46.576  -47.994  -10.785 0.0000000000
14534  53.036  -54.182  -7.870 0.0000000000
14533  53.826  -53.765  -8.412 0.0000000000
13718  53.023  -55.053  -7.817 0.0000000000
12881  53.021  -55.645  -7.890 0.0000000000
12094  52.997  -56.579  -8.669 0.0000000000
11355  52.561  -57.327  -8.760 0.0000000000
149417  52.673  -57.468  -9.760 0.0000000000
11375  52.365  -58.018  -10.243 0.0000000000
11390  52.612  -57.662  -11.570 0.0000000000
14558  49.539  -53.538  -10.702 0.0000000000
155508  49.470  -51.831  -10.163 0.0000000000
15340  48.749  -52.980  -10.530 0.0000000000
15341  48.018  -52.482  -10.522 0.0000000000
16147  46.678  -51.665  -10.685 0.0000000000
14570  46.379  -53.794  -11.923 0.0000000000
156339  46.152  -52.685  -11.330 0.0000000000
16148  46.009  -51.184  -10.780 0.0000000000
16947  45.400  -50.736  -10.892 0.0000000000
16934  45.120  -50.016  -10.788 0.0000000000
13812  47.937  -54.527  -18.340 0.0000000000
19390  54.831  -47.801  -9.292 0.0000000000
18562  55.401  -48.472  -9.620 0.0000000000
15338  50.844  -52.613  -10.467 0.0000000000
138778  53.780  -53.356  -10.352 0.0000000000
13754  53.489  -54.908  -11.278 0.0000000000
13745  53.339  -54.279  -11.113 0.0000000000
14555  53.217  -53.650  -10.820 0.0000000000
14556  52.313  -53.410  -10.806 0.0000000000
147130  51.402  -53.186  -10.709 0.0000000000
14557  50.540  -53.348  -10.685 0.0000000000
13748  49.451  -54.176  -11.068 0.0000000000
13759  48.946  -54.590  -11.418 0.0000000000
13766  48.435  -55.045  -11.976 0.0000000000
146267  49.974  -55.672  -12.503 0.0000000000
12933  49.031  -55.596  -12.534 0.0000000000
12934  48.024  -55.460  -12.669 0.0000000000
12948  47.801  -55.814  -14.525 0.0000000000
140288  47.529  -55.615  -15.340 0.0000000000
12960  47.924  -55.651  -16.047 0.0000000000
142947  51.449  -58.878  -12.409 0.0000000000
10706  50.273  -58.805  -16.502 0.0000000000
132600  51.985  -58.216  -14.710 0.0000000000
10679  52.280  -57.951  -14.082 0.0000000000
11428  52.378  -56.642  -15.438 0.0000000000
136609  51.640  -56.169  -15.493 0.0000000000
12161  50.882  -56.131  -15.803 0.0000000000
155209  52.017  -55.825  -16.752 0.0000000000
12968  51.339  -55.771  -16.656 0.0000000000
12172  50.010  -55.878  -16.418 0.0000000000
140742  49.332  -55.497  -17.158 0.0000000000
12987  49.520  -55.162  -17.870 0.0000000000
12978  48.378  -55.142  -17.627 0.0000000000
13811  48.774  -54.635  -18.489 0.0000000000
21218  50.369  -45.249  -9.250 0.0000000000
20295  51.077  -45.804  -9.067 0.0000000000
20281  52.466  -46.659  -8.916 0.0000000000
19392  53.006  -47.200  -8.528 0.0000000000
19383  49.944  -46.966  -6.717 0.0000000000
19394  51.204  -46.935  -7.885 0.0000000000
19393  51.986  -47.137  -8.134 0.0000000000
18555  54.599  -48.022  -8.217 0.0000000000
18540  55.144  -48.657  -7.570 0.0000000000
156139  55.413  -49.217  -7.183 0.0000000000
152673  54.060  -49.347  -5.910 0.0000000000
17686  55.245  -49.669  -6.660 0.0000000000
16875  55.586  -50.060  -6.973 0.0000000000
16894  55.487  -50.684  -7.184 0.0000000000
142286  54.645  -52.035  -7.427 0.0000000000
15291  53.277  -52.671  -7.330 0.0000000000
16095  52.970  -51.848  -6.882 0.0000000000
14509  52.626  -53.374  -7.610 0.0000000000
157965  49.401  -50.566  -10.081 0.0000000000
139670  49.509  -49.641  -10.218 0.0000000000
139748  47.440  -49.505  -10.256 0.0000000000
152784  48.917  -48.929  -10.398 0.0000000000
10680  51.363  -58.809  -14.113 0.0000000000
11420  52.515  -57.303  -14.872 0.0000000000
11438  52.096  -57.270  -16.516 0.0000000000
11450  52.271  -57.075  -17.427 0.0000000000
12070  52.653  -56.269  -7.662 0.0000000000
12110  53.183  -56.766  -9.793 0.0000000000
12144  51.927  -55.993  -14.410 0.0000000000
12152  52.407  -56.445  -14.764 0.0000000000
12177  52.367  -56.203  -17.049 0.0000000000
12903  53.316  -55.903  -8.595 0.0000000000
12930  52.784  -55.213  -12.958 0.0000000000
12937  49.839  -56.028  -13.109 0.0000000000
12938  48.766  -55.916  -13.271 0.0000000000
12939  47.791  -55.706  -13.526 0.0000000000
12940  46.904  -55.387  -13.928 0.0000000000
12969  48.622  -55.613  -16.696 0.0000000000
12975  52.537  -55.735  -17.596 0.0000000000
12976  51.670  -55.547  -17.216 0.0000000000
13717  53.618  -54.538  -8.563 0.0000000000
13744  53.609  -54.712  -10.478 0.0000000000
13769  45.846  -54.342  -12.972 0.0000000000
13828  49.121  -53.937  -19.203 0.0000000000
14559  48.026  -53.161  -10.733 0.0000000000
15290  54.137  -52.687  -7.595 0.0000000000
15342  47.331  -52.074  -10.616 0.0000000000
15354  47.375  -52.840  -10.855 0.0000000000
15355  46.700  -52.432  -10.954 0.0000000000
15356  45.503  -52.447  -11.552 0.0000000000
15366  45.111  -52.902  -12.129 0.0000000000
16116  55.383  -52.018  -8.730 0.0000000000
16145  47.988  -51.647  -10.312 0.0000000000
16893  55.939  -50.185  -7.655 0.0000000000
16918  55.854  -50.684  -9.493 0.0000000000
16927  54.139  -50.924  -10.532 0.0000000000
16931  48.761  -50.321  -10.076 0.0000000000
17674  53.386  -49.180  -5.697 0.0000000000
17687  54.601  -49.710  -6.007 0.0000000000
17704  55.753  -49.607  -7.409 0.0000000000
17747  44.829  -49.332  -10.860 0.0000000000
18570  50.495  -48.447  -10.699 0.0000000000
18574  46.282  -48.687  -10.479 0.0000000000
143574  49.808  -51.199  -10.127 0.0000000000
144446  52.086  -51.624  -6.902 0.0000000000
144630  47.303  -54.662  -17.772 0.0000000000
146653  52.023  -56.126  -7.071 0.0000000000
146983  47.038  -47.507  -11.180 0.0000000000
149237  46.007  -52.027  -11.018 0.0000000000
157376  46.086  -47.748  -10.961 0.0000000000
